Advanced/Day1/qtaim/urea/crystal/urea_cry_pl2d.SURFLAPM
DSAA
 161 161
-0.75589045E+01  0.75589045E+01  0.94486307E-01
-0.75589045E+01  0.75589045E+01  0.94486307E-01
 0.00000000E+00  0.00000000E+00
[rows 126 to 146 of 161, columns 47 to 93 of 161]
-0.12721517E-01 -0.15700188E-01 -0.19271976E-01 -0.23421020E-01 -0.28081931E-01 -0.33136009E-01 -0.38423323E-01 -0.43781497E-01 -0.49122574E-01 -0.54555869E-01 -0.60555071E-01 -0.68150964E-01 -0.79109348E-01 -0.96032058E-01 -0.12230148E+00 -0.16176993E+00 -0.21805422E+00 -0.29321211E+00 -0.38548973E+00 -0.48590983E+00 -0.57405525E+00 -0.61484116E+00 -0.56021213E+00 -0.36100789E+00 0.89265362E-02 0.52526995E+00 0.11042600E+01 0.16294980E+01 0.20002492E+01 0.21613806E+01 0.20990414E+01 0.18464539E+01 0.15372671E+01 0.13938942E+01 0.15372671E+01 0.18464539E+01 0.20990414E+01 0.21613806E+01 0.20002492E+01 0.16294980E+01 0.11042600E+01 0.52526995E+00 0.89265362E-02 -0.36100789E+00 -0.56021213E+00 -0.61484116E+00 -0.57405525E+00
-0.12240730E-01 -0.15066060E-01 -0.18464498E-01 -0.22427943E-01 -0.26902724E-01 -0.31784092E-01 -0.36923758E-01 -0.42159935E-01 -0.47380230E-01 -0.52625244E-01 -0.58233227E-01 -0.65012160E-01 -0.74407073E-01 -0.88611377E-01 -0.11055680E+00 -0.14370621E+00 -0.19155471E+00 -0.25669992E+00 -0.33928390E+00 -0.43463126E+00 -0.53021501E+00 -0.60290034E+00 -0.61871488E+00 -0.53842481E+00 -0.33116257E+00 0.67717704E-02 0.43873547E+00 0.89351671E+00 0.12918103E+01 0.15772179E+01 0.17329411E+01 0.17812090E+01 0.17722667E+01 0.17610639E+01 0.17722667E+01 0.17812090E+01 0.17329411E+01 0.15772179E+01 0.12918103E+01 0.89351671E+00 0.43873547E+00 0.67717704E-02 -0.33116257E+00 -0.53842481E+00 -0.61871488E+00 -0.60290034E+00 -0.53021501E+00
-0.11809405E-01 -0.14476342E-01 -0.17692840E-01 -0.21458192E-01 -0.25730577E-01 -0.30420202E-01 -0.35392821E-01 -0.40491694E-01 -0.45587159E-01 -0.50661404E-01 -0.55930353E-01 -0.61993471E-01 -0.69986795E-01 -0.81698063E-01 -0.99590638E-01 -0.12667718E+00 -0.16617888E+00 -0.22088908E+00 -0.29212845E+00 -0.37818020E+00 -0.47223926E+00 -0.56034018E+00 -0.62046309E+00 -0.62470489E+00 -0.54617983E+00 -0.37013975E+00 -0.10474217E+00 0.21607285E+00 0.54232636E+00 0.82631010E+00 0.10386509E+01 0.11736888E+01 0.12433855E+01 0.12641491E+01 0.12433855E+01 0.11736888E+01 0.10386509E+01 0.82631010E+00 0.54232636E+00 0.21607285E+00 -0.10474217E+00 -0.37013975E+00 -0.54617983E+00 -0.62470489E+00 -0.62046309E+00 -0.56034018E+00 -0.47223926E+00
-0.11463342E-01 -0.13973851E-01 -0.17007040E-01 -0.20568784E-01 -0.24628654E-01 -0.29112148E-01 -0.33900877E-01 -0.38847434E-01 -0.43812834E-01 -0.48733638E-01 -0.53721723E-01 -0.59191159E-01 -0.65994088E-01 -0.75533543E-01 -0.89810312E-01 -0.11135696E+00 -0.14301366E+00 -0.18749954E+00 -0.24672347E+00 -0.32077644E+00 -0.40661052E+00 -0.49661898E+00 -0.57771850E+00 -0.63194597E+00 -0.63961560E+00 -0.58521655E+00 -0.46436243E+00 -0.28820753E+00 -0.81869495E-01 0.12336093E+00 0.29994948E+00 0.43069063E+00 0.50910851E+00 0.53500911E+00 0.50910851E+00 0.43069063E+00 0.29994948E+00 0.12336093E+00 -0.81869495E-01 -0.28820753E+00 -0.46436243E+00 -0.58521655E+00 -0.63961560E+00 -0.63194597E+00 -0.57771850E+00 -0.49661898E+00 -0.40661052E+00
-0.11246643E-01 -0.13610762E-01 -0.16467677E-01 -0.19828615E-01 -0.23673478E-01 -0.27942644E-01 -0.32534603E-01 -0.37314883E-01 -0.42142969E-01 -0.46923545E-01 -0.51685671E-01 -0.56687121E-01 -0.62531329E-01 -0.70272766E-01 -0.81476934E-01 -0.98197314E-01 -0.12283502E+00 -0.15785351E+00 -0.20532436E+00 -0.26628292E+00 -0.33989930E+00 -0.42256369E+00 -0.50717163E+00 -0.58312061E+00 -0.63760822E+00 -0.65850740E+00 -0.63827647E+00 -0.57737840E+00 -0.48531453E+00 -0.37833092E+00 -0.27476829E+00 -0.19044081E+00 -0.13611337E+00 -0.11744487E+00 -0.13611337E+00 -0.19044081E+00 -0.27476829E+00 -0.37833092E+00 -0.48531453E+00 -0.57737840E+00 -0.63827647E+00 -0.65850740E+00 -0.63760822E+00 -0.58312061E+00 -0.50717163E+00 -0.42256369E+00 -0.33989930E+00
-0.11212044E-01 -0.13448806E-01 -0.16145899E-01 -0.19318291E-01 -0.22954603E-01 -0.27008922E-01 -0.31396671E-01 -0.35998862E-01 -0.40680270E-01 -0.45327001E-01 -0.49907251E-01 -0.54554472E-01 -0.59664791E-01 -0.65991168E-01 -0.74708348E-01 -0.87418481E-01 -0.10606999E+00 -0.13277071E+00 -0.16948592E+00 -0.21762022E+00 -0.27749587E+00 -0.34777799E+00 -0.42498155E+00 -0.50330277E+00 -0.57508306E+00 -0.63210978E+00 -0.66762190E+00 -0.67841613E+00 -0.66614991E+00 -0.63713246E+00 -0.60060868E+00 -0.56631140E+00 -0.54230661E+00 -0.53372611E+00 -0.54230661E+00 -0.56631140E+00 -0.60060868E+00 -0.63713246E+00 -0.66614991E+00 -0.67841613E+00 -0.66762190E+00 -0.63210978E+00 -0.57508306E+00 -0.50330277E+00 -0.42498155E+00 -0.34777799E+00 -0.27749587E+00
-0.11421181E-01 -0.13559359E-01 -0.16123274E-01 -0.19129710E-01 -0.22573908E-01 -0.26421793E-01 -0.30604765E-01 -0.35020577E-01 -0.39544557E-01 -0.44055916E-01 -0.48482702E-01 -0.52865946E-01 -0.57438108E-01 -0.62703715E-01 -0.69502962E-01 -0.79034630E-01 -0.92815835E-01 -0.11256325E+00 -0.13999124E+00 -0.17653313E+00 -0.22300224E+00 -0.27922607E+00 -0.34371843E+00 -0.41350419E+00 -0.48424375E+00 -0.55077915E+00 -0.60809091E+00 -0.65244515E+00 -0.68233220E+00 -0.69879741E+00 -0.70499771E+00 -0.70515811E+00 -0.70333657E+00 -0.70238916E+00 -0.70333657E+00 -0.70515811E+00 -0.70499771E+00 -0.69879741E+00 -0.68233220E+00 -0.65244515E+00 -0.60809091E+00 -0.55077915E+00 -0.48424375E+00 -0.41350419E+00 -0.34371843E+00 -0.27922607E+00 -0.22300224E+00
-0.11944607E-01 -0.14023174E-01 -0.16491172E-01 -0.19365040E-01 -0.22644170E-01 -0.26303823E-01 -0.30289541E-01 -0.34515693E-01 -0.38871555E-01 -0.43238713E-01 -0.47523061E-01 -0.51702578E-01 -0.55888325E-01 -0.60390713E-01 -0.65777318E-01 -0.72904307E-01 -0.82903197E-01 -0.97109485E-01 -0.11692881E+00 -0.14364710E+00 -0.17820080E+00 -0.22093247E+00 -0.27136928E+00 -0.32807802E+00 -0.38866705E+00 -0.44999594E+00 -0.50860747E+00 -0.56130736E+00 -0.60572832E+00 -0.64068267E+00 -0.66617208E+00 -0.68305848E+00 -0.69253131E+00 -0.69556519E+00 -0.69253131E+00 -0.68305848E+00 -0.66617208E+00 -0.64068267E+00 -0.60572832E+00 -0.56130736E+00 -0.50860747E+00 -0.44999594E+00 -0.38866705E+00 -0.32807802E+00 -0.27136928E+00 -0.22093247E+00 -0.17820080E+00
-0.12861210E-01 -0.14929382E-01 -0.17349259E-01 -0.20134637E-01 -0.23286348E-01 -0.26786087E-01 -0.30590934E-01 -0.34630513E-01 -0.38809497E-01 -0.43018355E-01 -0.47155157E-01 -0.51159924E-01 -0.55060374E-01 -0.59024194E-01 -0.63408432E-01 -0.68792968E-01 -0.75983703E-01 -0.85973709E-01 -0.99857143E-01 -0.11869963E+00 -0.14337778E+00 -0.17440743E+00 -0.21178565E+00 -0.25487652E+00 -0.30237369E+00 -0.35237040E+00 -0.40254801E+00 -0.45046036E+00 -0.49385030E+00 -0.53091105E+00 -0.56041746E+00 -0.58170073E+00 -0.59449967E+00 -0.59876480E+00 -0.59449967E+00 -0.58170073E+00 -0.56041746E+00 -0.53091105E+00 -0.49385030E+00 -0.45046036E+00 -0.40254801E+00 -0.35237040E+00 -0.30237369E+00 -0.25487652E+00 -0.21178565E+00 -0.17440743E+00 -0.14337778E+00
-0.14256526E-01 -0.16373154E-01 -0.18802411E-01 -0.21553127E-01 -0.24624827E-01 -0.28002545E-01 -0.31651796E-01 -0.35515131E-01 -0.39512317E-01 -0.43546414E-01 -0.47518014E-01 -0.51349027E-01 -0.55015798E-01 -0.58588652E-01 -0.62271782E-01 -0.66434383E-01 -0.71622330E-01 -0.78540642E-01 -0.88001048E-01 -0.10083547E+00 -0.11778363E+00 -0.13936900E+00 -0.16578136E+00 -0.19678541E+00 -0.23167416E+00 -0.26928333E+00 -0.30807243E+00 -0.34626732E+00 -0.38203816E+00 -0.41367650E+00 -0.43973347E+00 -0.45909618E+00 -0.47100283E+00 -0.47501848E+00 -0.47100283E+00 -0.45909618E+00 -0.43973347E+00 -0.41367650E+00 -0.38203816E+00 -0.34626732E+00 -0.30807243E+00 -0.26928333E+00 -0.23167416E+00 -0.19678541E+00 -0.16578136E+00 -0.13936900E+00 -0.11778363E+00
-0.16219269E-01 -0.18451192E-01 -0.20955016E-01 -0.23732456E-01 -0.26779164E-01 -0.30080539E-01 -0.33607302E-01 -0.37311967E-01 -0.41127694E-01 -0.44971375E-01 -0.48752560E-01 -0.52389449E-01 -0.55832024E-01 -0.59090730E-01 -0.62266926E-01 -0.65579109E-01 -0.69377407E-01 -0.74138810E-01 -0.80437768E-01 -0.88890999E-01 -0.10008075E+00 -0.11446588E+00 -0.13229378E+00 -0.15352696E+00 -0.17779765E+00 -0.20439974E+00 -0.23232339E+00 -0.26032983E+00 -0.28705604E+00 -0.31113403E+00 -0.33130420E+00 -0.34650860E+00 -0.35595595E+00 -0.35915968E+00 -0.35595595E+00 -0.34650860E+00 -0.33130420E+00 -0.31113403E+00 -0.28705604E+00 -0.26032983E+00 -0.23232339E+00 -0.20439974E+00 -0.17779765E+00 -0.15352696E+00 -0.13229378E+00 -0.11446588E+00 -0.10008075E+00
-0.18835154E-01 -0.21253886E-01 -0.23901320E-01 -0.26770303E-01 -0.29850597E-01 -0.33125536E-01 -0.36568148E-01 -0.40137757E-01 -0.43778265E-01 -0.47419545E-01 -0.50983056E-01 -0.54392517E-01 -0.57589644E-01 -0.60554018E-01 -0.63324883E-01 -0.66021233E-01 -0.68855353E-01 -0.72134544E-01 -0.76246571E-01 -0.81626732E-01 -0.88708003E-01 -0.97859636E-01 -0.10932272E+00 -0.12315283E+00 -0.13917947E+00 -0.15698988E+00 -0.17594138E+00 -0.19520206E+00 -0.21381551E+00 -0.23078105E+00 -0.24513945E+00 -0.25605324E+00 -0.26287463E+00 -0.26519493E+00 -0.26287463E+00 -0.25605324E+00 -0.24513945E+00 -0.23078105E+00 -0.21381551E+00 -0.19520206E+00 -0.17594138E+00 -0.15698988E+00 -0.13917947E+00 -0.12315283E+00 -0.10932272E+00 -0.97859636E-01 -0.88708003E-01
-0.22176981E-01 -0.24852860E-01 -0.27710197E-01 -0.30732080E-01 -0.33901550E-01 -0.37198683E-01 -0.40596877E-01 -0.44059398E-01 -0.47537486E-01 -0.50971122E-01 -0.54293307E-01 -0.57437809E-01 -0.60349995E-01 -0.62999873E-01 -0.65396128E-01 -0.67599504E-01 -0.69732992E-01 -0.71985751E-01 -0.74607415E-01 -0.77890456E-01 -0.82140252E-01 -0.87635264E-01 -0.94582310E-01 -0.10307378E+00 -0.11305399E+00 -0.12430085E+00 -0.13642688E+00 -0.14890068E+00 -0.16108681E+00 -0.17229963E+00 -0.18186462E+00 -0.18917985E+00 -0.19377143E+00 -0.19533663E+00 -0.19377143E+00 -0.18917985E+00 -0.18186462E+00 -0.17229963E+00 -0.16108681E+00 -0.14890068E+00 -0.13642688E+00 -0.12430085E+00 -0.11305399E+00 -0.10307378E+00 -0.94582310E-01 -0.87635264E-01 -0.82140252E-01
-0.26290070E-01 -0.29282814E-01 -0.32403372E-01 -0.35626091E-01 -0.38929001E-01 -0.42290365E-01 -0.45683923E-01 -0.49074379E-01 -0.52415153E-01 -0.55649934E-01 -0.58718164E-01 -0.61563241E-01 -0.64141288E-01 -0.66428917E-01 -0.68429545E-01 -0.70178775E-01 -0.71749168E-01 -0.73253518E-01 -0.74844387E-01 -0.76707216E-01 -0.79045212E-01 -0.82056190E-01 -0.85903795E-01 -0.90687348E-01 -0.96415537E-01 -0.10298889E+00 -0.11019488E+00 -0.11771733E+00 -0.12515986E+00 -0.13208071E+00 -0.13803470E+00 -0.14261742E+00 -0.14550617E+00 -0.14649302E+00 -0.14550617E+00 -0.14261742E+00 -0.13803470E+00 -0.13208071E+00 -0.12515986E+00 -0.11771733E+00 -0.11019488E+00 -0.10298889E+00 -0.96415537E-01 -0.90687348E-01 -0.85903795E-01 -0.82056190E-01 -0.79045212E-01
-0.31172919E-01 -0.34518031E-01 -0.37928737E-01 -0.41376204E-01 -0.44840988E-01 -0.48306680E-01 -0.51750579E-01 -0.55134998E-01 -0.58403812E-01 -0.61487481E-01 -0.64315842E-01 -0.66833644E-01 -0.69012150E-01 -0.70852293E-01 -0.72379988E-01 -0.73638461E-01 -0.74683232E-01 -0.75582422E-01 -0.76420713E-01 -0.77302466E-01 -0.78349542E-01 -0.79691676E-01 -0.81450036E-01 -0.83716910E-01 -0.86535492E-01 -0.89883958E-01 -0.93667279E-01 -0.97718939E-01 -0.10181298E+00 -0.10568518E+00 -0.10906059E+00 -0.11168379E+00 -0.11334783E+00 -0.11391808E+00 -0.11334783E+00 -0.11168379E+00 -0.10906059E+00 -0.10568518E+00 -0.10181298E+00 -0.97718939E-01 -0.93667279E-01 -0.89883958E-01 -0.86535492E-01 -0.83716910E-01 -0.81450036E-01 -0.79691676E-01 -0.78349542E-01
-0.36755057E-01 -0.40447468E-01 -0.44136717E-01 -0.47807519E-01 -0.51464184E-01 -0.55114707E-01 -0.58747486E-01 -0.62310172E-01 -0.65703267E-01 -0.68796603E-01 -0.71465394E-01 -0.73630529E-01 -0.75283534E-01 -0.76484064E-01 -0.77332426E-01 -0.77932731E-01 -0.78365397E-01 -0.78679969E-01 -0.78906628E-01 -0.79075660E-01 -0.79233062E-01 -0.79445346E-01 -0.79792994E-01 -0.80356106E-01 -0.81197054E-01 -0.82344661E-01 -0.83783298E-01 -0.85449124E-01 -0.87234324E-01 -0.88998784E-01 -0.90587408E-01 -0.91850374E-01 -0.92663217E-01 -0.92943735E-01 -0.92663217E-01 -0.91850374E-01 -0.90587408E-01 -0.88998784E-01 -0.87234324E-01 -0.85449124E-01 -0.83783298E-01 -0.82344661E-01 -0.81197054E-01 -0.80356106E-01 -0.79792994E-01 -0.79445346E-01 -0.79233062E-01
-0.42877593E-01 -0.46858557E-01 -0.50778415E-01 -0.54678198E-01 -0.58636972E-01 -0.62728899E-01 -0.66962627E-01 -0.71229472E-01 -0.75293493E-01 -0.78842117E-01 -0.81584705E-01 -0.83357076E-01 -0.84182400E-01 -0.84258715E-01 -0.83879939E-01 -0.83329672E-01 -0.82797517E-01 -0.82350425E-01 -0.81959247E-01 -0.81554334E-01 -0.81078176E-01 -0.80515199E-01 -0.79895957E-01 -0.79283719E-01 -0.78753719E-01 -0.78372696E-01 -0.78183182E-01 -0.78194567E-01 -0.78381575E-01 -0.78689609E-01 -0.79045430E-01 -0.79370960E-01 -0.79597623E-01 -0.79678695E-01 -0.79597623E-01 -0.79370960E-01 -0.79045430E-01 -0.78689609E-01 -0.78381575E-01 -0.78194567E-01 -0.78183182E-01 -0.78372696E-01 -0.78753719E-01 -0.79283719E-01 -0.79895957E-01 -0.80515199E-01 -0.81078176E-01
-0.49286857E-01 -0.53447223E-01 -0.57554458E-01 -0.61802337E-01 -0.66451267E-01 -0.71716207E-01 -0.77619043E-01 -0.83875445E-01 -0.89893469E-01 -0.94915315E-01 -0.98257983E-01 -0.99552280E-01 -0.98876224E-01 -0.96725229E-01 -0.93832030E-01 -0.90914972E-01 -0.88463883E-01 -0.86648491E-01 -0.85365204E-01 -0.84368747E-01 -0.83409269E-01 -0.82319366E-01 -0.81039143E-01 -0.79598088E-01 -0.78079437E-01 -0.76584965E-01 -0.75208201E-01 -0.74017969E-01 -0.73051496E-01 -0.72315469E-01 -0.71792990E-01 -0.71453972E-01 -0.71266521E-01 -0.71206937E-01 -0.71266521E-01 -0.71453972E-01 -0.71792990E-01 -0.72315469E-01 -0.73051496E-01 -0.74017969E-01 -0.75208201E-01 -0.76584965E-01 -0.78079437E-01 -0.79598088E-01 -0.81039143E-01 -0.82319366E-01 -0.83409269E-01
-0.55654240E-01 -0.59872763E-01 -0.64237358E-01 -0.69282389E-01 -0.75634546E-01 -0.83742954E-01 -0.93559424E-01 -0.10433886E+00 -0.11471007E+00 -0.12303207E+00 -0.12789478E+00 -0.12856040E+00 -0.12519187E+00 -0.11880330E+00 -0.11094438E+00 -0.10321474E+00 -0.96791199E-01 -0.92164939E-01 -0.89177803E-01 -0.87282806E-01 -0.85857236E-01 -0.84422926E-01 -0.82726320E-01 -0.80713567E-01 -0.78461264E-01 -0.76107116E-01 -0.73799006E-01 -0.71664494E-01 -0.69796754E-01 -0.68252236E-01 -0.67056022E-01 -0.66211412E-01 -0.65710770E-01 -0.65545141E-01 -0.65710770E-01 -0.66211412E-01 -0.67056022E-01 -0.68252236E-01 -0.69796754E-01 -0.71664494E-01 -0.73799006E-01 -0.76107116E-01 -0.78461264E-01 -0.80713567E-01 -0.82726320E-01 -0.84422926E-01 -0.85857236E-01
-0.61631056E-01 -0.65859870E-01 -0.70845074E-01 -0.77763930E-01 -0.87847130E-01 -0.10179079E+00 -0.11916353E+00 -0.13818087E+00 -0.15606923E+00 -0.16987354E+00 -0.17728922E+00 -0.17718546E+00 -0.16979824E+00 -0.15670158E+00 -0.14051518E+00 -0.12424413E+00 -0.11039504E+00 -0.10028536E+00 -0.93898431E-01 -0.90281032E-01 -0.88169248E-01 -0.86494009E-01 -0.84605119E-01 -0.82256026E-01 -0.79476553E-01 -0.76436979E-01 -0.73348988E-01 -0.70408264E-01 -0.67768315E-01 -0.65534214E-01 -0.63767833E-01 -0.62498791E-01 -0.61736902E-01 -0.61483120E-01 -0.61736902E-01 -0.62498791E-01 -0.63767833E-01 -0.65534214E-01 -0.67768315E-01 -0.70408264E-01 -0.73348988E-01 -0.76436979E-01 -0.79476553E-01 -0.82256026E-01 -0.84605119E-01 -0.86494009E-01 -0.88169248E-01
-0.66930851E-01 -0.71310583E-01 -0.77756897E-01 -0.88456805E-01 -0.10537249E+00 -0.12908871E+00 -0.15791431E+00 -0.18798596E+00 -0.21456540E+00 -0.23375416E+00 -0.24339746E+00 -0.24275999E+00 -0.23192360E+00 -0.21198881E+00 -0.18576191E+00 -0.15765714E+00 -0.13234235E+00 -0.11301690E+00 -0.10051513E+00 -0.93641138E-01 -0.90249241E-01 -0.88299323E-01 -0.86422163E-01 -0.83984587E-01 -0.80886953E-01 -0.77315160E-01 -0.73555247E-01 -0.69887172E-01 -0.66537313E-01 -0.63666032E-01 -0.61373674E-01 -0.59714728E-01 -0.58713826E-01 -0.58379590E-01 -0.58713826E-01 -0.59714728E-01 -0.61373674E-01 -0.63666032E-01 -0.66537313E-01 -0.69887172E-01 -0.73555247E-01 -0.77315160E-01 -0.80886953E-01 -0.83984587E-01 -0.86422163E-01 -0.88299323E-01 -0.90249241E-01
