Advanced/Day1/qtaim/urea/crystal/urea_cry_pl2d.SURFLAPM
DSAA
 161 161
-0.75589045E+01  0.75589045E+01  0.94486307E-01
-0.75589045E+01  0.75589045E+01  0.94486307E-01
 0.00000000E+00  0.00000000E+00
[rows 84 to 104 of 161, columns 0 to 46 of 161]
-0.29603670E+00 -0.30030991E+00 -0.29922919E+00 -0.29285293E+00 -0.28152652E+00 -0.26586587E+00 -0.24672239E+00 -0.22512509E+00 -0.20220045E+00 -0.17907696E+00 -0.15678870E+00 -0.13619225E+00 -0.11790972E+00 -0.10230481E+00 -0.89492368E-01 -0.79376680E-01 -0.71710404E-01 -0.66163466E-01 -0.62390726E-01 -0.60087846E-01 -0.59027089E-01 -0.59068044E-01 -0.60141777E-01 -0.62210109E-01 -0.65205029E-01 -0.68959554E-01 -0.73155721E-01 -0.77342741E-01 -0.81110528E-01 -0.84494419E-01 -0.88540138E-01 -0.95603635E-01 -0.10855743E+00 -0.12816813E+00 -0.14912716E+00 -0.15741929E+00 -0.13320528E+00 -0.61202889E-01 0.56670433E-01 0.19835973E+00 0.33573310E+00 0.45641195E+00 0.57419662E+00 0.71918740E+00 0.91611888E+00 0.11649765E+01 0.14329853E+01
-0.39823377E+00 -0.40388032E+00 -0.40245408E+00 -0.39401445E+00 -0.37892065E+00 -0.35784456E+00 -0.33177407E+00 -0.30198292E+00 -0.26995242E+00 -0.23724830E+00 -0.20537423E+00 -0.17563196E+00 -0.14901515E+00 -0.12615347E+00 -0.10730902E+00 -0.92418663E-01 -0.81168977E-01 -0.73089271E-01 -0.67647358E-01 -0.64333775E-01 -0.62722478E-01 -0.62499892E-01 -0.63458979E-01 -0.65459913E-01 -0.68364518E-01 -0.71961542E-01 -0.75921515E-01 -0.79859132E-01 -0.83620606E-01 -0.87871993E-01 -0.94788904E-01 -0.10805353E+00 -0.13077381E+00 -0.16027767E+00 -0.18103183E+00 -0.16110282E+00 -0.60826070E-01 0.14198068E+00 0.42296933E+00 0.70831353E+00 0.91512714E+00 0.10080567E+01 0.10214047E+01 0.10300856E+01 0.11001656E+01 0.12550564E+01 0.14684797E+01
-0.51892776E+00 -0.52555425E+00 -0.52388503E+00 -0.51394523E+00 -0.49591214E+00 -0.47021603E+00 -0.43766841E+00 -0.39954515E+00 -0.35756722E+00 -0.31376340E+00 -0.27024722E+00 -0.22896992E+00 -0.19151299E+00 -0.15896030E+00 -0.13186208E+00 -0.11027637E+00 -0.93865238E-01 -0.82020527E-01 -0.73997072E-01 -0.69034659E-01 -0.66452843E-01 -0.65707083E-01 -0.66400276E-01 -0.68250640E-01 -0.71025425E-01 -0.74464618E-01 -0.78249432E-01 -0.82122518E-01 -0.86309305E-01 -0.92295318E-01 -0.10355878E+00 -0.12495084E+00 -0.15858505E+00 -0.19471510E+00 -0.19978361E+00 -0.11125091E+00 0.14380518E+00 0.59622082E+00 0.11747114E+01 0.17045480E+01 0.20023235E+01 0.20005312E+01 0.17859901E+01 0.15246887E+01 0.13560418E+01 0.13368982E+01 0.14435794E+01
-0.63795362E+00 -0.64405211E+00 -0.64252721E+00 -0.63329069E+00 -0.61589258E+00 -0.58981959E+00 -0.55491966E+00 -0.51178257E+00 -0.46192214E+00 -0.40768492E+00 -0.35192081E+00 -0.29753628E+00 -0.24707330E+00 -0.20241954E+00 -0.16468708E+00 -0.13423920E+00 -0.11081652E+00 -0.93713418E-01 -0.81966536E-01 -0.74529356E-01 -0.70413692E-01 -0.68783828E-01 -0.68995027E-01 -0.70576280E-01 -0.73168923E-01 -0.76452955E-01 -0.80133040E-01 -0.84120565E-01 -0.89088173E-01 -0.97409560E-01 -0.11383217E+00 -0.14397061E+00 -0.18757311E+00 -0.22428100E+00 -0.19480042E+00 0.73800169E-02 0.50349829E+00 0.13352246E+01 0.23555632E+01 0.32312722E+01 0.36273544E+01 0.34401057E+01 0.28537201E+01 0.21813400E+01 0.16677178E+01 0.14060919E+01 0.13641993E+01
-0.71149445E+00 -0.71364995E+00 -0.71314209E+00 -0.70963303E+00 -0.70126431E+00 -0.68529456E+00 -0.65907147E+00 -0.62102808E+00 -0.57136379E+00 -0.51218092E+00 -0.44706036E+00 -0.38027694E+00 -0.31595551E+00 -0.25742464E+00 -0.20688596E+00 -0.16537995E+00 -0.13295140E+00 -0.10890991E+00 -0.92109537E-01 -0.81203901E-01 -0.74854368E-01 -0.71877080E-01 -0.71320261E-01 -0.72471300E-01 -0.74807108E-01 -0.77926644E-01 -0.81553393E-01 -0.85769614E-01 -0.91678007E-01 -0.10245369E+00 -0.12388796E+00 -0.16193624E+00 -0.21330005E+00 -0.24574582E+00 -0.17130401E+00 0.16660386E+00 0.94539667E+00 0.22188047E+01 0.37473426E+01 0.50060300E+01 0.54817470E+01 0.50396498E+01 0.39952310E+01 0.28432929E+01 0.19464897E+01 0.14265812E+01 0.12289165E+01
-0.66779941E+00 -0.66026962E+00 -0.66223890E+00 -0.67296221E+00 -0.68822804E+00 -0.70136085E+00 -0.70490646E+00 -0.69262427E+00 -0.66119125E+00 -0.61102728E+00 -0.54597693E+00 -0.47207122E+00 -0.39593095E+00 -0.32339415E+00 -0.25870311E+00 -0.20428086E+00 -0.16092677E+00 -0.12821367E+00 -0.10492372E+00 -0.89437631E-01 -0.80045136E-01 -0.75167796E-01 -0.73490746E-01 -0.74005616E-01 -0.75980481E-01 -0.78901383E-01 -0.82484922E-01 -0.86941266E-01 -0.93694649E-01 -0.10648735E+00 -0.13180220E+00 -0.17572834E+00 -0.23262531E+00 -0.26134853E+00 -0.15192703E+00 0.29180200E+00 0.12927818E+01 0.29145944E+01 0.48408083E+01 0.63875299E+01 0.68975576E+01 0.62192046E+01 0.47866486E+01 0.32480664E+01 0.20567638E+01 0.13463252E+01 0.10343938E+01
-0.42136378E+00 -0.39738095E+00 -0.40353109E+00 -0.43864215E+00 -0.49589039E+00 -0.56369054E+00 -0.62765554E+00 -0.67364135E+00 -0.69116341E+00 -0.67591295E+00 -0.63031370E+00 -0.56200397E+00 -0.48110832E+00 -0.39751806E+00 -0.31905144E+00 -0.25073086E+00 -0.19492717E+00 -0.15195199E+00 -0.12075439E+00 -0.99537105E-01 -0.86233271E-01 -0.78842959E-01 -0.75641893E-01 -0.75274624E-01 -0.76753162E-01 -0.79409934E-01 -0.82910528E-01 -0.87512856E-01 -0.94784497E-01 -0.10869804E+00 -0.13601026E+00 -0.18298056E+00 -0.24362343E+00 -0.27489569E+00 -0.16132833E+00 0.30430047E+00 0.13586471E+01 0.30684815E+01 0.50929711E+01 0.66980588E+01 0.71839587E+01 0.64012719E+01 0.48302745E+01 0.31701982E+01 0.18966744E+01 0.11361344E+01 0.78918759E+00
0.79314349E-01 0.12294110E+00 0.11185087E+00 0.47223759E-01 -0.63620133E-01 -0.20654725E+00 -0.36097804E+00 -0.50279450E+00 -0.60976883E+00 -0.66744742E+00 -0.67257982E+00 -0.63248361E+00 -0.56111798E+00 -0.47414955E+00 -0.38509973E+00 -0.30345230E+00 -0.23447956E+00 -0.18004547E+00 -0.13970009E+00 -0.11166764E+00 -0.93594459E-01 -0.83062175E-01 -0.77907580E-01 -0.76385212E-01 -0.77205620E-01 -0.79502920E-01 -0.82837584E-01 -0.87417724E-01 -0.94749135E-01 -0.10866200E+00 -0.13573801E+00 -0.18246867E+00 -0.24477956E+00 -0.28577011E+00 -0.20394998E+00 0.18429545E+00 0.10897429E+01 0.25737306E+01 0.43371975E+01 0.57328642E+01 0.61436577E+01 0.54399174E+01 0.40490422E+01 0.25899679E+01 0.14796014E+01 0.82229936E+00 0.52260475E+00
0.77876582E+00 0.83445970E+00 0.82044746E+00 0.73681653E+00 0.58540834E+00 0.37441829E+00 0.12314885E+00 -0.13735840E+00 -0.37022164E+00 -0.54343647E+00 -0.63980581E+00 -0.66054159E+00 -0.62139246E+00 -0.54472874E+00 -0.45211494E+00 -0.35995352E+00 -0.27833432E+00 -0.21191391E+00 -0.16153815E+00 -0.12579473E+00 -0.10218780E+00 -0.87924258E-01 -0.80396252E-01 -0.77439527E-01 -0.77425060E-01 -0.79246417E-01 -0.82306014E-01 -0.86671503E-01 -0.93604206E-01 -0.10645733E+00 -0.13118982E+00 -0.17434995E+00 -0.23502777E+00 -0.28762652E+00 -0.25759300E+00 -0.82927928E-02 0.61824131E+00 0.16716980E+01 0.29390549E+01 0.39519579E+01 0.42601224E+01 0.37642191E+01 0.27703008E+01 0.17273018E+01 0.93931399E+00 0.48081483E+00 0.27724301E+00
0.14708735E+01 0.15146764E+01 0.15039656E+01 0.14358174E+01 0.12963536E+01 0.10730372E+01 0.76853677E+00 0.40911256E+00 0.42585782E-01 -0.27570147E+00 -0.50285168E+00 -0.62248761E+00 -0.64530076E+00 -0.59867906E+00 -0.51379791E+00 -0.41662846E+00 -0.32447295E+00 -0.24645124E+00 -0.18568948E+00 -0.14164803E+00 -0.11192325E+00 -0.93439962E-01 -0.83169427E-01 -0.78518969E-01 -0.77494428E-01 -0.78715362E-01 -0.81384291E-01 -0.85364312E-01 -0.91551624E-01 -0.10259200E+00 -0.12344251E+00 -0.16024256E+00 -0.21497559E+00 -0.27382500E+00 -0.29106909E+00 -0.18063417E+00 0.15847973E+00 0.76280938E+00 0.15103647E+01 0.21231176E+01 0.23285609E+01 0.20596467E+01 0.14923627E+01 0.89325013E+00 0.44578835E+00 0.19416017E+00 0.89009539E-01
0.18111454E+01 0.17878070E+01 0.17950949E+01 0.18197129E+01 0.18006889E+01 0.16784987E+01 0.14237941E+01 0.10444522E+01 0.58764389E+00 0.13000841E+00 -0.24977654E+00 -0.50176720E+00 -0.61835882E+00 -0.62551500E+00 -0.56327861E+00 -0.46920156E+00 -0.37029511E+00 -0.28209620E+00 -0.21123793E+00 -0.15871825E+00 -0.12254902E+00 -0.99516495E-01 -0.86226690E-01 -0.79671245E-01 -0.77481852E-01 -0.77984164E-01 -0.80155922E-01 -0.83626975E-01 -0.88887090E-01 -0.97787276E-01 -0.11406124E+00 -0.14288598E+00 -0.18782389E+00 -0.24383042E+00 -0.28764538E+00 -0.27271405E+00 -0.14248273E+00 0.12843054E+00 0.48563337E+00 0.79414227E+00 0.91668621E+00 0.81346955E+00 0.56484311E+00 0.29942211E+00 0.10711180E+00 0.74197614E-02 -0.29137559E-01
0.88665704E+00 0.48474188E+00 0.59691509E+00 0.11221463E+01 0.16504599E+01 0.19156315E+01 0.18894218E+01 0.16203372E+01 0.11683069E+01 0.62409588E+00 0.10298281E+00 -0.29745865E+00 -0.53359558E+00 -0.61787670E+00 -0.59470763E+00 -0.51351726E+00 -0.41299610E+00 -0.31700982E+00 -0.23701226E+00 -0.17629247E+00 -0.13366353E+00 -0.10595772E+00 -0.89500406E-01 -0.80903031E-01 -0.77432756E-01 -0.77117472E-01 -0.78703406E-01 -0.81590987E-01 -0.85893287E-01 -0.92719420E-01 -0.10457130E+00 -0.12529701E+00 -0.15859015E+00 -0.20420130E+00 -0.25258276E+00 -0.28174496E+00 -0.26292063E+00 -0.17899604E+00 -0.46562877E-01 0.81792005E-01 0.14850518E+00 0.13271048E+00 0.62056582E-01 -0.14811390E-01 -0.64448507E-01 -0.83147946E-01 -0.87840559E-01
-0.72254648E+01 -0.10441558E+02 -0.95411320E+01 -0.53555293E+01 -0.11840875E+01 0.11350676E+01 0.19362626E+01 0.19895158E+01 0.16671480E+01 0.11250038E+01 0.50994327E+00 -0.28873181E-01 -0.39591807E+00 -0.57454201E+00 -0.60504486E+00 -0.54651399E+00 -0.45007344E+00 -0.34933530E+00 -0.26172087E+00 -0.19352498E+00 -0.14475194E+00 -0.11248119E+00 -0.92861725E-01 -0.82179936E-01 -0.77366437E-01 -0.76163959E-01 -0.77096450E-01 -0.79360846E-01 -0.82767798E-01 -0.87834718E-01 -0.96015665E-01 -0.10979232E+00 -0.13205622E+00 -0.16424673E+00 -0.20350513E+00 -0.24063398E+00 -0.26185257E+00 -0.25603903E+00 -0.22395653E+00 -0.18071608E+00 -0.14610658E+00 -0.13005128E+00 -0.12732720E+00 -0.12591031E+00 -0.11912208E+00 -0.11043425E+00 -0.10929878E+00
-0.52051248E+02 -0.70378820E+02 -0.65267168E+02 -0.41299092E+02 -0.17083790E+02 -0.36629477E+01 0.97850588E+00 0.20213035E+01 0.19924716E+01 0.15495727E+01 0.90971683E+00 0.26744593E+00 -0.22303584E+00 -0.50208338E+00 -0.59538237E+00 -0.56707357E+00 -0.47982457E+00 -0.37748199E+00 -0.28411562E+00 -0.20953330E+00 -0.15524225E+00 -0.11875000E+00 -0.96137333E-01 -0.83433995E-01 -0.77277998E-01 -0.75154683E-01 -0.75387555E-01 -0.77006375E-01 -0.79607247E-01 -0.83301752E-01 -0.88786371E-01 -0.97419439E-01 -0.11101256E+00 -0.13100625E+00 -0.15704384E+00 -0.18568609E+00 -0.21059276E+00 -0.22501938E+00 -0.22554975E+00 -0.21406925E+00 -0.19585451E+00 -0.17551650E+00 -0.15496295E+00 -0.13505637E+00 -0.11837467E+00 -0.10972245E+00 -0.11391428E+00
-0.21435549E+03 -0.29236204E+03 -0.26998387E+03 -0.17096546E+03 -0.75761075E+02 -0.21845558E+02 -0.28216162E+01 0.14940235E+01 0.20974400E+01 0.18423644E+01 0.12454010E+01 0.54778565E+00 -0.41888908E-01 -0.41416199E+00 -0.57115735E+00 -0.57639375E+00 -0.50166147E+00 -0.40035097E+00 -0.30314475E+00 -0.22349986E+00 -0.16457162E+00 -0.12441447E+00 -0.99134323E-01 -0.84577443E-01 -0.77145085E-01 -0.74105792E-01 -0.73613991E-01 -0.74570624E-01 -0.76435782E-01 -0.79083590E-01 -0.82748426E-01 -0.88032320E-01 -0.95839014E-01 -0.10704844E+00 -0.12186603E+00 -0.13910296E+00 -0.15595130E+00 -0.16872010E+00 -0.17432967E+00 -0.17161268E+00 -0.16153478E+00 -0.14646775E+00 -0.12946647E+00 -0.11407949E+00 -0.10421801E+00 -0.10342233E+00 -0.11366352E+00
-0.71196223E+03 -0.10167640E+04 -0.93451099E+03 -0.53827546E+03 -0.21598351E+03 -0.65887128E+02 -0.12317863E+02 0.58245974E-01 0.19695683E+01 0.19866131E+01 0.14804115E+01 0.77330285E+00 0.11808168E+00 -0.32845976E+00 -0.54098575E+00 -0.57766222E+00 -0.51610701E+00 -0.41742906E+00 -0.31805776E+00 -0.23475919E+00 -0.17225079E+00 -0.12915647E+00 -0.10166885E+00 -0.85520142E-01 -0.76937833E-01 -0.73024137E-01 -0.71803009E-01 -0.72083316E-01 -0.73248420E-01 -0.75058014E-01 -0.77515913E-01 -0.80809896E-01 -0.85270297E-01 -0.91252728E-01 -0.98880239E-01 -0.10770795E+00 -0.11652786E+00 -0.12355274E+00 -0.12700907E+00 -0.12586346E+00 -0.12029848E+00 -0.11175971E+00 -0.10266754E+00 -0.95934406E-01 -0.94325151E-01 -0.99728138E-01 -0.11258580E+00
-0.12810023E+04 -0.66124880E+03 -0.10105152E+04 -0.11814317E+04 -0.45818020E+03 -0.13053242E+03 -0.26872148E+02 -0.22210501E+01 0.16507369E+01 0.19985597E+01 0.16028113E+01 0.91823702E+00 0.23189288E+00 -0.26233655E+00 -0.51441865E+00 -0.57507305E+00 -0.52444990E+00 -0.42872219E+00 -0.32843900E+00 -0.24285517E+00 -0.17791649E+00 -0.13272922E+00 -0.10359357E+00 -0.86187263E-01 -0.76629708E-01 -0.71913919E-01 -0.69977335E-01 -0.69571606E-01 -0.70044183E-01 -0.71115391E-01 -0.72704794E-01 -0.74826105E-01 -0.77533886E-01 -0.80877487E-01 -0.84818687E-01 -0.89113804E-01 -0.93229894E-01 -0.96397516E-01 -0.97847641E-01 -0.97159741E-01 -0.94558077E-01 -0.91007424E-01 -0.88052569E-01 -0.87441171E-01 -0.90637475E-01 -0.98385728E-01 -0.11049445E+00
-0.39079112E+03 0.67300255E+05 0.17170411E+05 -0.12026818E+04 -0.67763913E+03 -0.17953811E+03 -0.38239507E+02 -0.41913525E+01 0.12866071E+01 0.19169487E+01 0.16199755E+01 0.97190320E+00 0.28368768E+00 -0.22874236E+00 -0.49936458E+00 -0.57250283E+00 -0.52817512E+00 -0.43456161E+00 -0.33417302E+00 -0.24756140E+00 -0.18136356E+00 -0.13498591E+00 -0.10481900E+00 -0.86533820E-01 -0.76206811E-01 -0.70782499E-01 -0.68159201E-01 -0.67065153E-01 -0.66839864E-01 -0.67203363E-01 -0.68065530E-01 -0.69398422E-01 -0.71168440E-01 -0.73307068E-01 -0.75693457E-01 -0.78135186E-01 -0.80360201E-01 -0.82052384E-01 -0.82952663E-01 -0.83004789E-01 -0.82480117E-01 -0.82005113E-01 -0.82450568E-01 -0.84702955E-01 -0.89395958E-01 -0.96707316E-01 -0.10630551E+00
-0.73553639E+03 0.24253432E+05 0.85002557E+04 -0.12258222E+04 -0.63641409E+03 -0.17228067E+03 -0.37407319E+02 -0.44452371E+01 0.10617762E+01 0.17882132E+01 0.15491713E+01 0.93602837E+00 0.26837827E+00 -0.23353441E+00 -0.50001086E+00 -0.57230396E+00 -0.52838322E+00 -0.43536788E+00 -0.33536930E+00 -0.24887037E+00 -0.18255519E+00 -0.13589378E+00 -0.10532553E+00 -0.86553314E-01 -0.75673649E-01 -0.69644026E-01 -0.66372316E-01 -0.64596381E-01 -0.63668645E-01 -0.63326583E-01 -0.63499287E-01 -0.64172370E-01 -0.65312082E-01 -0.66836086E-01 -0.68613150E-01 -0.70477019E-01 -0.72249202E-01 -0.73773953E-01 -0.74968557E-01 -0.75879435E-01 -0.76718833E-01 -0.77852470E-01 -0.79724041E-01 -0.82732400E-01 -0.87105053E-01 -0.92819923E-01 -0.99609296E-01
-0.12141621E+04 -0.10997706E+04 -0.11953084E+04 -0.10193355E+04 -0.38702549E+03 -0.11682290E+03 -0.25658382E+02 -0.30230085E+01 0.10353958E+01 0.16456726E+01 0.14083790E+01 0.82064515E+00 0.19106934E+00 -0.27460698E+00 -0.51583544E+00 -0.57462834E+00 -0.52541764E+00 -0.43147153E+00 -0.33228475E+00 -0.24696380E+00 -0.18161360E+00 -0.13553253E+00 -0.10516428E+00 -0.86279092E-01 -0.75054244E-01 -0.68520126E-01 -0.64641747E-01 -0.62198229E-01 -0.60571984E-01 -0.59525509E-01 -0.59012924E-01 -0.59046513E-01 -0.59619105E-01 -0.60672455E-01 -0.62097541E-01 -0.63753542E-01 -0.65495945E-01 -0.67207918E-01 -0.68830735E-01 -0.70386801E-01 -0.71985749E-01 -0.73804815E-01 -0.76042598E-01 -0.78857812E-01 -0.82315049E-01 -0.86359897E-01 -0.90835083E-01
-0.52325343E+03 -0.75088044E+03 -0.68541930E+03 -0.40338477E+03 -0.17472983E+03 -0.56918846E+02 -0.12521096E+02 -0.12138558E+01 0.11210874E+01 0.14961813E+01 0.12108041E+01 0.64120846E+00 0.65434579E-01 -0.34269805E+00 -0.54191800E+00 -0.57748946E+00 -0.51883059E+00 -0.42305734E+00 -0.32527478E+00 -0.24217688E+00 -0.17879611E+00 -0.13407901E+00 -0.10444754E+00 -0.85778442E-01 -0.74388561E-01 -0.67437648E-01 -0.62992028E-01 -0.59900924E-01 -0.57591172E-01 -0.55853603E-01 -0.54664184E-01 -0.54057339E-01 -0.54051193E-01 -0.54615156E-01 -0.55667441E-01 -0.57090633E-01 -0.58755865E-01 -0.60548381E-01 -0.62389119E-01 -0.64247704E-01 -0.66143111E-01 -0.68130405E-01 -0.70276159E-01 -0.72630079E-01 -0.75203461E-01 -0.77963595E-01 -0.80847537E-01
