Advanced/Day1/qtaim/urea/crystal/urea_cry_pl2d.SURFLAPM
DSAA
 161 161
-0.75589045E+01  0.75589045E+01  0.94486307E-01
-0.75589045E+01  0.75589045E+01  0.94486307E-01
 0.00000000E+00  0.00000000E+00
[rows 21 to 41 of 161, columns 94 to 140 of 161]
-0.60320594E+00 -0.50667972E+00 -0.39862377E+00 -0.30175028E+00 -0.22480136E+00 -0.16846947E+00 -0.12964482E+00 -0.10397291E+00 -0.87226852E-01 -0.75948357E-01 -0.67650393E-01 -0.60763175E-01 -0.54448704E-01 -0.48374440E-01 -0.42505348E-01 -0.36944045E-01 -0.31825704E-01 -0.27260443E-01 -0.23310274E-01 -0.19987623E-01 -0.17264995E-01 -0.15088695E-01 -0.13392328E-01 -0.12108023E-01 -0.11174656E-01 -0.10543221E-01 -0.10179830E-01 -0.10067022E-01 -0.10203962E-01 -0.10606047E-01 -0.11304301E-01 -0.12344704E-01 -0.13787555E-01 -0.15706779E-01 -0.18188998E-01 -0.21332112E-01 -0.25243112E-01 -0.30034993E-01 -0.35822716E-01 -0.42718748E-01 -0.50829003E-01 -0.60250557E-01 -0.71072369E-01 -0.83379206E-01 -0.97256071E-01 -0.11278569E+00 -0.13002511E+00
-0.61002331E+00 -0.52386223E+00 -0.41573710E+00 -0.31483853E+00 -0.23324438E+00 -0.17303214E+00 -0.13146487E+00 -0.10410678E+00 -0.86483803E-01 -0.74864147E-01 -0.66525427E-01 -0.59725051E-01 -0.53516164E-01 -0.47510291E-01 -0.41653727E-01 -0.36052692E-01 -0.30856541E-01 -0.26192423E-01 -0.22137915E-01 -0.18717641E-01 -0.15912516E-01 -0.13673787E-01 -0.11937133E-01 -0.10634504E-01 -0.97028791E-02 -0.90900397E-02 -0.87578916E-02 -0.86840439E-02 -0.88622598E-02 -0.93023882E-02 -0.10030149E-01 -0.11087013E-01 -0.12530275E-01 -0.14433248E-01 -0.16885373E-01 -0.19991874E-01 -0.23872500E-01 -0.28658773E-01 -0.34489158E-01 -0.41501705E-01 -0.49823861E-01 -0.59559490E-01 -0.70773277E-01 -0.83472521E-01 -0.97585414E-01 -0.11293300E+00 -0.12918959E+00
-0.60991815E+00 -0.53544602E+00 -0.42880314E+00 -0.32528251E+00 -0.24015351E+00 -0.17685437E+00 -0.13305589E+00 -0.10430151E+00 -0.85936190E-01 -0.74014460E-01 -0.65625610E-01 -0.58886664E-01 -0.52761047E-01 -0.46813214E-01 -0.40972803E-01 -0.35347739E-01 -0.30097937E-01 -0.25363620E-01 -0.21234374E-01 -0.17744194E-01 -0.14880369E-01 -0.12597787E-01 -0.10833513E-01 -0.95191344E-02 -0.85899348E-02 -0.79909876E-02 -0.76807223E-02 -0.76326917E-02 -0.78362185E-02 -0.82965779E-02 -0.90350720E-02 -0.10089387E-01 -0.11514239E-01 -0.13382345E-01 -0.15785423E-01 -0.18834857E-01 -0.22661337E-01 -0.27412657E-01 -0.33248588E-01 -0.40331588E-01 -0.48812105E-01 -0.58807201E-01 -0.70371514E-01 -0.83460072E-01 -0.97882929E-01 -0.11325254E+00 -0.12892614E+00
-0.60603193E+00 -0.54185495E+00 -0.43719323E+00 -0.33221439E+00 -0.24474827E+00 -0.17933491E+00 -0.13399111E+00 -0.10426798E+00 -0.85391078E-01 -0.73267117E-01 -0.64853279E-01 -0.58167440E-01 -0.52109452E-01 -0.46210428E-01 -0.40388331E-01 -0.34752510E-01 -0.29470596E-01 -0.24692252E-01 -0.20515661E-01 -0.16981467E-01 -0.14081407E-01 -0.11772829E-01 -0.99936271E-02 -0.86749487E-02 -0.77506631E-02 -0.71636752E-02 -0.68696516E-02 -0.68389177E-02 -0.70572372E-02 -0.75261653E-02 -0.82633848E-02 -0.93034035E-02 -0.10698707E-01 -0.12521335E-01 -0.14864697E-01 -0.17845081E-01 -0.21602182E-01 -0.26297546E-01 -0.32109511E-01 -0.39222822E-01 -0.47810803E-01 -0.58007698E-01 -0.69869161E-01 -0.83319568E-01 -0.98086745E-01 -0.11362787E+00 -0.12905544E+00
-0.60144637E+00 -0.54365851E+00 -0.44047505E+00 -0.33494589E+00 -0.24638709E+00 -0.17996866E+00 -0.13390377E+00 -0.10375047E+00 -0.84671840E-01 -0.72496977E-01 -0.64114063E-01 -0.57489779E-01 -0.51491925E-01 -0.45635774E-01 -0.39834952E-01 -0.34201275E-01 -0.28907913E-01 -0.24110654E-01 -0.19913049E-01 -0.16359788E-01 -0.13445263E-01 -0.11128235E-01 -0.93469977E-02 -0.80322926E-02 -0.71169307E-02 -0.65422312E-02 -0.62618101E-02 -0.62435566E-02 -0.64704896E-02 -0.69412327E-02 -0.76705581E-02 -0.86903314E-02 -0.10051087E-01 -0.11824106E-01 -0.14103880E-01 -0.17010364E-01 -0.20690300E-01 -0.25316337E-01 -0.31082303E-01 -0.38192339E-01 -0.46841045E-01 -0.57181496E-01 -0.69277913E-01 -0.83041206E-01 -0.98148189E-01 -0.11395080E+00 -0.12939005E+00
-0.59801971E+00 -0.54112131E+00 -0.43829645E+00 -0.33298066E+00 -0.24461574E+00 -0.17839499E+00 -0.13252500E+00 -0.10255353E+00 -0.83636009E-01 -0.71597206E-01 -0.63323743E-01 -0.56783110E-01 -0.50845792E-01 -0.45030983E-01 -0.39256759E-01 -0.33639294E-01 -0.28355590E-01 -0.23564537E-01 -0.19372004E-01 -0.15824290E-01 -0.12916799E-01 -0.10608800E-01 -0.88386876E-02 -0.75369308E-02 -0.66357233E-02 -0.60754045E-02 -0.58082648E-02 -0.58005206E-02 -0.60332150E-02 -0.65027737E-02 -0.72216868E-02 -0.82196872E-02 -0.95456032E-02 -0.11269881E-01 -0.13487530E-01 -0.16321013E-01 -0.19922224E-01 -0.24472284E-01 -0.30177251E-01 -0.37257184E-01 -0.45925214E-01 -0.56352651E-01 -0.68616419E-01 -0.82626238E-01 -0.98033039E-01 -0.11412718E+00 -0.12974658E+00
-0.59561589E+00 -0.53391922E+00 -0.43032458E+00 -0.32603490E+00 -0.23920698E+00 -0.17443465E+00 -0.12971250E+00 -0.10056232E+00 -0.82189123E-01 -0.70488484E-01 -0.62414307E-01 -0.55987867E-01 -0.50117751E-01 -0.44347311E-01 -0.38608206E-01 -0.33023127E-01 -0.27771444E-01 -0.23012327E-01 -0.18851126E-01 -0.15333499E-01 -0.12454393E-01 -0.10172845E-01 -0.84271780E-02 -0.71478241E-02 -0.62668512E-02 -0.57242734E-02 -0.54717740E-02 -0.54746403E-02 -0.57126660E-02 -0.61807589E-02 -0.68897247E-02 -0.78676143E-02 -0.91618062E-02 -0.10841850E-01 -0.13002790E-01 -0.15768542E-01 -0.19294415E-01 -0.23767473E-01 -0.29402726E-01 -0.36432365E-01 -0.45084343E-01 -0.55545851E-01 -0.67907442E-01 -0.82085032E-01 -0.97721917E-01 -0.11408171E+00 -0.12995750E+00
-0.59204629E+00 -0.52116409E+00 -0.41628969E+00 -0.31407687E+00 -0.23019040E+00 -0.16811084E+00 -0.12546505E+00 -0.97752884E-01 -0.80292101E-01 -0.69124468E-01 -0.61338069E-01 -0.55058605E-01 -0.49266176E-01 -0.43547144E-01 -0.37855091E-01 -0.32321063E-01 -0.27125308E-01 -0.22424606E-01 -0.18321160E-01 -0.14857980E-01 -0.12028292E-01 -0.97903285E-02 -0.80822993E-02 -0.68349300E-02 -0.59807099E-02 -0.54599964E-02 -0.52245813E-02 -0.52395367E-02 -0.54840961E-02 -0.59522821E-02 -0.66537666E-02 -0.76153436E-02 -0.88831905E-02 -0.10525929E-01 -0.12638242E-01 -0.15344593E-01 -0.18802149E-01 -0.23201590E-01 -0.28763719E-01 -0.35728977E-01 -0.44335895E-01 -0.54783799E-01 -0.67175167E-01 -0.81435024E-01 -0.97210248E-01 -0.11376232E+00 -0.12988336E+00
-0.58377413E+00 -0.50174535E+00 -0.39612850E+00 -0.29737797E+00 -0.21786627E+00 -0.15965006E+00 -0.11992038E+00 -0.94190517E-01 -0.77961053E-01 -0.67492779E-01 -0.60069343E-01 -0.53965870E-01 -0.48262844E-01 -0.42605369E-01 -0.36975472E-01 -0.31513544E-01 -0.26398989E-01 -0.21783631E-01 -0.17764149E-01 -0.14379164E-01 -0.11619158E-01 -0.94411776E-02 -0.77834140E-02 -0.65772850E-02 -0.57562964E-02 -0.52618206E-02 -0.50464551E-02 -0.50757381E-02 -0.53289826E-02 -0.57999085E-02 -0.64975526E-02 -0.74478469E-02 -0.86960042E-02 -0.10309721E-01 -0.12383005E-01 -0.15040103E-01 -0.18438703E-01 -0.22771028E-01 -0.28260775E-01 -0.35152860E-01 -0.43691981E-01 -0.54085017E-01 -0.66442788E-01 -0.80698628E-01 -0.96507825E-01 -0.11314380E+00 -0.12942511E+00
-0.56712957E+00 -0.47485386E+00 -0.37016534E+00 -0.27655028E+00 -0.20279330E+00 -0.14945961E+00 -0.11333589E+00 -0.90016741E-01 -0.75259921E-01 -0.65611791E-01 -0.58603794E-01 -0.52696864E-01 -0.47094049E-01 -0.41510437E-01 -0.35960431E-01 -0.30593535E-01 -0.25586239E-01 -0.21082945E-01 -0.17172721E-01 -0.13888365E-01 -0.11216874E-01 -0.91139282E-02 -0.75179117E-02 -0.63614183E-02 -0.55795793E-02 -0.51154468E-02 -0.49230881E-02 -0.49691401E-02 -0.52335734E-02 -0.57103277E-02 -0.64082579E-02 -0.73527798E-02 -0.85883477E-02 -0.10181763E-01 -0.12226106E-01 -0.14844787E-01 -0.18194880E-01 -0.22468388E-01 -0.27889336E-01 -0.34703701E-01 -0.43158074E-01 -0.53462117E-01 -0.65730337E-01 -0.79901052E-01 -0.95637657E-01 -0.11223020E+00 -0.12853488E+00
-0.53957971E+00 -0.44047070E+00 -0.33924308E+00 -0.25254058E+00 -0.18574503E+00 -0.13808336E+00 -0.10605492E+00 -0.85427138E-01 -0.72287692E-01 -0.63524332E-01 -0.56956094E-01 -0.51255188E-01 -0.45761223E-01 -0.40265156E-01 -0.34814683E-01 -0.29566829E-01 -0.24692729E-01 -0.20327055E-01 -0.16549512E-01 -0.13386008E-01 -0.10819613E-01 -0.88046538E-02 -0.72800616E-02 -0.61801370E-02 -0.54422539E-02 -0.50117831E-02 -0.48448684E-02 -0.49098170E-02 -0.51877753E-02 -0.56733466E-02 -0.63755874E-02 -0.73196910E-02 -0.85495285E-02 -0.10131025E-01 -0.12156125E-01 -0.14746893E-01 -0.18058868E-01 -0.22282360E-01 -0.27639582E-01 -0.34374639E-01 -0.42732258E-01 -0.52920468E-01 -0.65052686E-01 -0.79067727E-01 -0.94633561E-01 -0.11105457E+00 -0.12722256E+00
-0.50058924E+00 -0.39962185E+00 -0.30473215E+00 -0.22656258E+00 -0.16763366E+00 -0.12614006E+00 -0.98463448E-01 -0.80644089E-01 -0.69162907E-01 -0.61289971E-01 -0.55156834E-01 -0.49660162E-01 -0.44281268E-01 -0.38887272E-01 -0.33557050E-01 -0.28452273E-01 -0.23736030E-01 -0.19531179E-01 -0.15906743E-01 -0.12881066E-01 -0.10433152E-01 -0.85162156E-02 -0.70701949E-02 -0.60316665E-02 -0.53408561E-02 -0.49460419E-02 -0.48059963E-02 -0.48911840E-02 -0.51843587E-02 -0.56811622E-02 -0.63911494E-02 -0.73395166E-02 -0.85696745E-02 -0.10146655E-01 -0.12161087E-01 -0.14733251E-01 -0.18016400E-01 -0.22197969E-01 -0.27496651E-01 -0.34152349E-01 -0.42404971E-01 -0.52457302E-01 -0.64417699E-01 -0.78221248E-01 -0.93535969E-01 -0.10967474E+00 -0.12555466E+00
-0.45179993E+00 -0.35430754E+00 -0.26839756E+00 -0.19997141E+00 -0.14941179E+00 -0.11425369E+00 -0.90944681E-01 -0.75889305E-01 -0.66008560E-01 -0.58977714E-01 -0.53249663E-01 -0.47946191E-01 -0.42686829E-01 -0.37409947E-01 -0.32220838E-01 -0.27281953E-01 -0.22745590E-01 -0.18721099E-01 -0.15265943E-01 -0.12390688E-01 -0.10070455E-01 -0.82577874E-02 -0.68941868E-02 -0.59191071E-02 -0.52762017E-02 -0.49171828E-02 -0.48039281E-02 -0.49094530E-02 -0.52184629E-02 -0.57279151E-02 -0.64480781E-02 -0.74042884E-02 -0.86395504E-02 -0.10217944E-01 -0.12228567E-01 -0.14789538E-01 -0.18051182E-01 -0.22197138E-01 -0.27441292E-01 -0.34017667E-01 -0.42159280E-01 -0.52061337E-01 -0.63824609E-01 -0.77377826E-01 -0.92385820E-01 -0.10816430E+00 -0.12364325E+00
-0.39655027E+00 -0.30715143E+00 -0.23216103E+00 -0.17410513E+00 -0.13196864E+00 -0.10298745E+00 -0.83838684E-01 -0.71360841E-01 -0.62940199E-01 -0.56660659E-01 -0.51289456E-01 -0.46162546E-01 -0.41026646E-01 -0.35882176E-01 -0.30854119E-01 -0.26101316E-01 -0.21762739E-01 -0.17933035E-01 -0.14657798E-01 -0.11940031E-01 -0.97514806E-02 -0.80446431E-02 -0.67632328E-02 -0.58501851E-02 -0.52531178E-02 -0.49276333E-02 -0.48390829E-02 -0.49633506E-02 -0.52873211E-02 -0.58094545E-02 -0.65408497E-02 -0.75070271E-02 -0.87505545E-02 -0.10334427E-01 -0.12345965E-01 -0.14900718E-01 -0.18145546E-01 -0.22259539E-01 -0.27450863E-01 -0.33946591E-01 -0.41971738E-01 -0.51712966E-01 -0.63262868E-01 -0.76543698E-01 -0.91216979E-01 -0.10659922E+00 -0.12162468E+00
-0.33899896E+00 -0.26091269E+00 -0.19783063E+00 -0.15013182E+00 -0.11604126E+00 -0.92792080E-01 -0.77413557E-01 -0.67218172E-01 -0.60059123E-01 -0.54413553E-01 -0.49341894E-01 -0.44373692E-01 -0.39365988E-01 -0.34369102E-01 -0.29519908E-01 -0.24969232E-01 -0.20840696E-01 -0.17213677E-01 -0.14122169E-01 -0.11562289E-01 -0.95032137E-02 -0.78981919E-02 -0.66938652E-02 -0.58372512E-02 -0.52804137E-02 -0.49832214E-02 -0.49147751E-02 -0.50540291E-02 -0.53901880E-02 -0.59232844E-02 -0.66652622E-02 -0.76417792E-02 -0.88948355E-02 -0.10486125E-01 -0.12500870E-01 -0.15051627E-01 -0.18281239E-01 -0.22363643E-01 -0.27500624E-01 -0.33911755E-01 -0.41813786E-01 -0.51385194E-01 -0.62711794E-01 -0.75712138E-01 -0.90048484E-01 -0.10504202E+00 -0.11963101E+00
-0.28320339E+00 -0.21802590E+00 -0.16687243E+00 -0.12893420E+00 -0.10215540E+00 -0.83976309E-01 -0.71851858E-01 -0.63577115E-01 -0.57451414E-01 -0.52313432E-01 -0.47484439E-01 -0.42660049E-01 -0.37787098E-01 -0.32952196E-01 -0.28296171E-01 -0.23957969E-01 -0.20044553E-01 -0.16620218E-01 -0.13708216E-01 -0.11298876E-01 -0.93598942E-02 -0.78462188E-02 -0.67081884E-02 -0.58974920E-02 -0.53710638E-02 -0.50933314E-02 -0.50373263E-02 -0.51851699E-02 -0.55284148E-02 -0.60686367E-02 -0.68185343E-02 -0.78037520E-02 -0.90654948E-02 -0.10663843E-01 -0.12681515E-01 -0.15227578E-01 -0.18440296E-01 -0.22487873E-01 -0.27565230E-01 -0.33884211E-01 -0.41653697E-01 -0.51045378E-01 -0.62141366E-01 -0.74861945E-01 -0.88878298E-01 -0.10352680E+00 -0.11775997E+00
-0.23242761E+00 -0.18028634E+00 -0.14027204E+00 -0.11105138E+00 -0.90604135E-01 -0.76702108E-01 -0.67252881E-01 -0.60514272E-01 -0.55192172E-01 -0.50442722E-01 -0.45808178E-01 -0.41118832E-01 -0.36389361E-01 -0.31729080E-01 -0.27275567E-01 -0.23152962E-01 -0.19451208E-01 -0.16220430E-01 -0.13474593E-01 -0.11199729E-01 -0.93633816E-02 -0.79232798E-02 -0.68342743E-02 -0.60533007E-02 -0.55425384E-02 -0.52711949E-02 -0.52163168E-02 -0.53631848E-02 -0.57056349E-02 -0.62466448E-02 -0.69994792E-02 -0.79895141E-02 -0.92568347E-02 -0.10859499E-01 -0.12877224E-01 -0.15415008E-01 -0.18605913E-01 -0.22611792E-01 -0.27620269E-01 -0.33835417E-01 -0.41458927E-01 -0.50657745E-01 -0.61514406E-01 -0.73958140E-01 -0.87680405E-01 -0.10204883E+00 -0.11605032E+00
-0.18879820E+00 -0.14872151E+00 -0.11849906E+00 -0.96681027E-01 -0.81463031E-01 -0.71002505E-01 -0.63648336E-01 -0.58078812E-01 -0.53353267E-01 -0.48893614E-01 -0.44419752E-01 -0.39864434E-01 -0.35288876E-01 -0.30812796E-01 -0.26564706E-01 -0.22652260E-01 -0.19149016E-01 -0.16092585E-01 -0.13489595E-01 -0.11323616E-01 -0.95635784E-02 -0.81711810E-02 -0.71066515E-02 -0.63327488E-02 -0.58172438E-02 -0.55342665E-02 -0.54649043E-02 -0.55975088E-02 -0.59280151E-02 -0.64605745E-02 -0.72087264E-02 -0.81972274E-02 -0.94646236E-02 -0.11066450E-01 -0.13078836E-01 -0.15602044E-01 -0.18763217E-01 -0.22717191E-01 -0.27643777E-01 -0.33739190E-01 -0.41198674E-01 -0.50186526E-01 -0.60790065E-01 -0.72955251E-01 -0.86406486E-01 -0.10056184E+00 -0.11446945E+00
-0.15327959E+00 -0.12362730E+00 -0.10155917E+00 -0.85730327E-01 -0.74633939E-01 -0.66815673E-01 -0.61026651E-01 -0.56308157E-01 -0.52012228E-01 -0.47772140E-01 -0.43442374E-01 -0.39027737E-01 -0.34616992E-01 -0.30330156E-01 -0.26282666E-01 -0.22565377E-01 -0.19237021E-01 -0.16325025E-01 -0.13831038E-01 -0.11738265E-01 -0.10018723E-01 -0.86393788E-02 -0.75667572E-02 -0.67700447E-02 -0.62229421E-02 -0.59046303E-02 -0.58002000E-02 -0.59009070E-02 -0.62045330E-02 -0.67160745E-02 -0.74489586E-02 -0.84268811E-02 -0.96863443E-02 -0.11279778E-01 -0.13279058E-01 -0.15778966E-01 -0.18899927E-01 -0.22788980E-01 -0.27617484E-01 -0.33573542E-01 -0.40846378E-01 -0.49599358E-01 -0.59928325E-01 -0.71802941E-01 -0.84992417E-01 -0.98984226E-01 -0.11291651E+00
-0.12586253E+00 -0.10471092E+00 -0.89102661E-01 -0.77897995E-01 -0.69905112E-01 -0.64026759E-01 -0.59359859E-01 -0.55243407E-01 -0.51259549E-01 -0.47200203E-01 -0.43014774E-01 -0.38753519E-01 -0.34517179E-01 -0.30418663E-01 -0.26558268E-01 -0.23011047E-01 -0.19823280E-01 -0.17015006E-01 -0.14585548E-01 -0.12520013E-01 -0.10795327E-01 -0.93851101E-02 -0.82631889E-02 -0.74058445E-02 -0.67931007E-02 -0.64093233E-02 -0.62435586E-02 -0.62897574E-02 -0.65472275E-02 -0.70214015E-02 -0.77251228E-02 -0.86805000E-02 -0.99214059E-02 -0.11496518E-01 -0.13472729E-01 -0.15938536E-01 -0.19006777E-01 -0.22815810E-01 -0.27527752E-01 -0.33322041E-01 -0.40381856E-01 -0.48870517E-01 -0.58894838E-01 -0.70453148E-01 -0.83368508E-01 -0.97213302E-01 -0.11124112E+00
-0.10584881E+00 -0.91282604E-01 -0.80557317E-01 -0.72767139E-01 -0.67014359E-01 -0.62508211E-01 -0.58626786E-01 -0.54940348E-01 -0.51201646E-01 -0.47313680E-01 -0.43286725E-01 -0.39194901E-01 -0.35139304E-01 -0.31221148E-01 -0.27525371E-01 -0.24113256E-01 -0.21021635E-01 -0.18266204E-01 -0.15846731E-01 -0.13752547E-01 -0.11967363E-01 -0.10472933E-01 -0.92515002E-02 -0.82872331E-02 -0.75669580E-02 -0.70804681E-02 -0.68207363E-02 -0.67842114E-02 -0.69713609E-02 -0.73875820E-02 -0.80445862E-02 -0.89622910E-02 -0.10171288E-01 -0.11715799E-01 -0.13656969E-01 -0.16076168E-01 -0.19077743E-01 -0.22790405E-01 -0.27366084E-01 -0.32974703E-01 -0.39792793E-01 -0.47983509E-01 -0.57665331E-01 -0.68867440E-01 -0.81471543E-01 -0.95144420E-01 -0.10927290E+00
