Advanced/Day1/qtaim/urea/crystal/urea_cry_pl2d.SURFGRHO
DSAA
 161 161
-0.75589045E+01  0.75589045E+01  0.94486307E-01
-0.75589045E+01  0.75589045E+01  0.94486307E-01
 0.00000000E+00  0.00000000E+00
[rows 44 to 65 of 161, columns 96 to 143 of 161]
0.27750253E-01 0.22786681E-01 0.18696863E-01 0.15656581E-01 0.13785777E-01 0.13012774E-01 0.13024340E-01 0.13413608E-01 0.13853318E-01 0.14146512E-01 0.14200440E-01 0.13989471E-01 0.13527614E-01 0.12850684E-01 0.12004876E-01 0.11039272E-01 0.10000891E-01 0.89314666E-02 0.78655212E-02 0.68294673E-02 0.58415673E-02 0.49126578E-02 0.40476699E-02 0.32483258E-02 0.25184857E-02 0.18774075E-02 0.13970428E-02 0.12574503E-02 0.15768880E-02 0.22077706E-02 0.30178613E-02 0.39678645E-02 0.50590328E-02 0.63094602E-02 0.77473418E-02 0.94098955E-02 0.11344328E-01 0.13609585E-01 0.16278236E-01 0.19437962E-01 0.23192009E-01 0.27657853E-01 0.32963176E-01 0.39238216E-01 0.46603767E-01 0.55154623E-01 0.64939292E-01 0.75938346E-01
0.18434456E-01 0.14517090E-01 0.12097412E-01 0.11494015E-01 0.12359898E-01 0.13911484E-01 0.15533959E-01 0.16900372E-01 0.17865784E-01 0.18383496E-01 0.18461199E-01 0.18138001E-01 0.17470995E-01 0.16526417E-01 0.15373329E-01 0.14078888E-01 0.12704794E-01 0.11304702E-01 0.99225465E-02 0.85917177E-02 0.73350669E-02 0.61656864E-02 0.50884400E-02 0.41023793E-02 0.32047583E-02 0.23994570E-02 0.17205481E-02 0.13000325E-02 0.13803940E-02 0.19288845E-02 0.27238015E-02 0.36715504E-02 0.47563698E-02 0.59896790E-02 0.73951079E-02 0.90049394E-02 0.10860110E-01 0.13011460E-01 0.15521346E-01 0.18465046E-01 0.21931421E-01 0.26022202E-01 0.30849181E-01 0.36528551E-01 0.43171750E-01 0.50872574E-01 0.59690988E-01 0.69635195E-01
0.94904407E-02 0.82397527E-02 0.99878030E-02 0.13056971E-01 0.16237635E-01 0.19059768E-01 0.21337736E-01 0.22998685E-01 0.24028471E-01 0.24450811E-01 0.24315984E-01 0.23692575E-01 0.22660572E-01 0.21305517E-01 0.19713581E-01 0.17967423E-01 0.16142722E-01 0.14305384E-01 0.12509512E-01 0.10796259E-01 0.91936454E-02 0.77172958E-02 0.63720495E-02 0.51543741E-02 0.40558316E-02 0.30688945E-02 0.22006638E-02 0.15175373E-02 0.12569086E-02 0.16283608E-02 0.23857234E-02 0.33287028E-02 0.44081172E-02 0.56252953E-02 0.69987513E-02 0.85559932E-02 0.10332064E-01 0.12370163E-01 0.14722929E-01 0.17453712E-01 0.20637359E-01 0.24359963E-01 0.28717015E-01 0.33809357E-01 0.39736386E-01 0.46586266E-01 0.54423346E-01 0.63273769E-01
0.61830579E-02 0.11045343E-01 0.15908282E-01 0.20344024E-01 0.24188449E-01 0.27343175E-01 0.29748487E-01 0.31379680E-01 0.32246522E-01 0.32390791E-01 0.31880791E-01 0.30803871E-01 0.29258736E-01 0.27348904E-01 0.25177605E-01 0.22843720E-01 0.20438216E-01 0.18040922E-01 0.15717854E-01 0.13519449E-01 0.11479956E-01 0.96180704E-02 0.79386694E-02 0.64354694E-02 0.50944982E-02 0.38988210E-02 0.28369993E-02 0.19269125E-02 0.13061371E-02 0.13435635E-02 0.20076087E-02 0.29384339E-02 0.40135996E-02 0.52167634E-02 0.65601340E-02 0.80665958E-02 0.97658186E-02 0.11694037E-01 0.13894938E-01 0.16420772E-01 0.19333171E-01 0.22703234E-01 0.26610426E-01 0.31139776E-01 0.36376987E-01 0.42401165E-01 0.49275253E-01 0.57034779E-01
0.14951002E-01 0.20704882E-01 0.26039224E-01 0.30817422E-01 0.34912773E-01 0.38215094E-01 0.40641441E-01 0.42148212E-01 0.42739535E-01 0.42467405E-01 0.41422760E-01 0.39721230E-01 0.37489149E-01 0.34853766E-01 0.31938073E-01 0.28858241E-01 0.25721356E-01 0.22622444E-01 0.19641103E-01 0.16838725E-01 0.14257079E-01 0.11918596E-01 0.98282364E-02 0.79765609E-02 0.63436297E-02 0.49036125E-02 0.36309866E-02 0.25132394E-02 0.15964510E-02 0.11686941E-02 0.16041245E-02 0.25012476E-02 0.35723339E-02 0.47645221E-02 0.60809892E-02 0.75399827E-02 0.91664063E-02 0.10990366E-01 0.13047585E-01 0.15380305E-01 0.18038098E-01 0.21078176E-01 0.24564831E-01 0.28567613E-01 0.33157896E-01 0.38403609E-01 0.44362109E-01 0.51071556E-01
0.26675080E-01 0.32821618E-01 0.38609693E-01 0.43856649E-01 0.48376359E-01 0.51986359E-01 0.54531642E-01 0.55916908E-01 0.56131632E-01 0.55253746E-01 0.53429037E-01 0.50836841E-01 0.47658380E-01 0.44058873E-01 0.40184101E-01 0.36164535E-01 0.32119282E-01 0.28156019E-01 0.24367401E-01 0.20826511E-01 0.17583659E-01 0.14665649E-01 0.12077503E-01 0.98060118E-02 0.78243761E-02 0.60973500E-02 0.45868979E-02 0.32601499E-02 0.21099322E-02 0.12537626E-02 0.12225980E-02 0.20211893E-02 0.30842576E-02 0.42689919E-02 0.55628552E-02 0.69789794E-02 0.85381150E-02 0.10265180E-01 0.12189066E-01 0.14343295E-01 0.16766787E-01 0.19504308E-01 0.22606309E-01 0.26127828E-01 0.30126179E-01 0.34657219E-01 0.39770146E-01 0.45501004E-01
0.40045309E-01 0.47014218E-01 0.53732870E-01 0.59970126E-01 0.65436026E-01 0.69798691E-01 0.72745113E-01 0.74066547E-01 0.73726719E-01 0.71874260E-01 0.68791489E-01 0.64808243E-01 0.60224945E-01 0.55275033E-01 0.50128103E-01 0.44914135E-01 0.39746545E-01 0.34732403E-01 0.29970323E-01 0.25542580E-01 0.21507793E-01 0.17897399E-01 0.14716326E-01 0.11946808E-01 0.95539446E-02 0.74918563E-02 0.57097986E-02 0.41586045E-02 0.28010489E-02 0.16494746E-02 0.10054160E-02 0.15128914E-02 0.25503014E-02 0.37306353E-02 0.50070649E-02 0.63859689E-02 0.78844495E-02 0.95232166E-02 0.11325539E-01 0.13317623E-01 0.15529294E-01 0.17994535E-01 0.20751607E-01 0.23842480E-01 0.27311369E-01 0.31202173E-01 0.35554761E-01 0.40400167E-01
0.55280477E-01 0.63765462E-01 0.72276532E-01 0.80504197E-01 0.87949170E-01 0.93959665E-01 0.97878068E-01 0.99249441E-01 0.97988818E-01 0.94412845E-01 0.89116914E-01 0.82768273E-01 0.75923838E-01 0.68947206E-01 0.62028517E-01 0.55258093E-01 0.48697409E-01 0.42416707E-01 0.36498926E-01 0.31025551E-01 0.26060142E-01 0.21637982E-01 0.17763468E-01 0.14413338E-01 0.11543116E-01 0.90946087E-02 0.70031362E-02 0.52040555E-02 0.36396617E-02 0.22737093E-02 0.11745286E-02 0.10314705E-02 0.19740079E-02 0.31501053E-02 0.44147800E-02 0.57629195E-02 0.72081792E-02 0.87680129E-02 0.10461292E-01 0.12308337E-01 0.14331502E-01 0.16555752E-01 0.19008981E-01 0.21721833E-01 0.24726863E-01 0.28056862E-01 0.31742279E-01 0.35807753E-01
0.72900012E-01 0.84009775E-01 0.95786693E-01 0.10777737E+00 0.11906441E+00 0.12834735E+00 0.13426977E+00 0.13588148E+00 0.13300635E+00 0.12631126E+00 0.11703659E+00 0.10654109E+00 0.95900022E-01 0.85725308E-01 0.76219264E-01 0.67352942E-01 0.59040712E-01 0.51239408E-01 0.43968467E-01 0.37284702E-01 0.31247181E-01 0.25892133E-01 0.21222411E-01 0.17208178E-01 0.13793771E-01 0.10906735E-01 0.84666485E-02 0.63925955E-02 0.46093676E-02 0.30546419E-02 0.17025160E-02 0.79728650E-03 0.13676566E-02 0.25285691E-02 0.37870599E-02 0.51114546E-02 0.65114489E-02 0.80020917E-02 0.95990372E-02 0.11318119E-01 0.13175813E-01 0.15189839E-01 0.17379596E-01 0.19766277E-01 0.22372482E-01 0.25221211E-01 0.28334154E-01 0.31729258E-01
0.93610991E-01 0.10904910E+00 0.12642076E+00 0.14500720E+00 0.16311411E+00 0.17824993E+00 0.18779785E+00 0.18993142E+00 0.18432061E+00 0.17226023E+00 0.15615425E+00 0.13862584E+00 0.12170758E+00 0.10646630E+00 0.93109310E-01 0.81356701E-01 0.70813399E-01 0.61188960E-01 0.52353247E-01 0.44293630E-01 0.37045878E-01 0.30640854E-01 0.25077920E-01 0.20319414E-01 0.16296817E-01 0.12921351E-01 0.10094760E-01 0.77182924E-02 0.56994072E-02 0.39569250E-02 0.24287624E-02 0.11199128E-02 0.78894711E-03 0.18686122E-02 0.31249528E-02 0.44329427E-02 0.57959204E-02 0.72271906E-02 0.87402791E-02 0.10347840E-01 0.12061982E-01 0.13894863E-01 0.15859216E-01 0.17968657E-01 0.20237631E-01 0.22680906E-01 0.25312511E-01 0.28144116E-01
0.11813645E+00 0.14024207E+00 0.16641414E+00 0.19544699E+00 0.22431938E+00 0.24861097E+00 0.26378772E+00 0.26677105E+00 0.25702439E+00 0.23673566E+00 0.21004270E+00 0.18157030E+00 0.15494927E+00 0.13204333E+00 0.11309043E+00 0.97388187E-01 0.84003584E-01 0.72204414E-01 0.61582593E-01 0.51987347E-01 0.43401235E-01 0.35839287E-01 0.29294246E-01 0.23719159E-01 0.19030993E-01 0.15122567E-01 0.11875606E-01 0.91716602E-02 0.68998991E-02 0.49620650E-02 0.32760919E-02 0.17856234E-02 0.60302988E-03 0.11782259E-02 0.24296178E-02 0.37285881E-02 0.50629213E-02 0.64445024E-02 0.78856935E-02 0.93971472E-02 0.10987976E-01 0.12666327E-01 0.14439963E-01 0.16316703E-01 0.18304608E-01 0.20411829E-01 0.22646051E-01 0.25013479E-01
0.14683489E+00 0.17828072E+00 0.21680785E+00 0.26029542E+00 0.30360948E+00 0.33965691E+00 0.36174825E+00 0.36575128E+00 0.35099969E+00 0.32037586E+00 0.27978532E+00 0.23644036E+00 0.19639027E+00 0.16287052E+00 0.13630579E+00 0.11542765E+00 0.98514836E-01 0.84166169E-01 0.71540623E-01 0.60264121E-01 0.50228012E-01 0.41417890E-01 0.33815823E-01 0.27363942E-01 0.21963046E-01 0.17485510E-01 0.13790882E-01 0.10739091E-01 0.81996910E-02 0.60572761E-02 0.42140655E-02 0.25918013E-02 0.11465358E-02 0.51000712E-03 0.17025717E-02 0.29995017E-02 0.43135781E-02 0.56548927E-02 0.70354717E-02 0.84649922E-02 0.99507694E-02 0.11498313E-01 0.13111937E-01 0.14795284E-01 0.16551675E-01 0.18384214E-01 0.20295591E-01 0.22287550E-01
0.17916405E+00 0.22217439E+00 0.27566613E+00 0.33575871E+00 0.39408438E+00 0.44050535E+00 0.46751254E+00 0.47207377E+00 0.45389620E+00 0.41477435E+00 0.36051042E+00 0.30067605E+00 0.24471143E+00 0.19822822E+00 0.16231806E+00 0.13517439E+00 0.11411743E+00 0.96887112E-01 0.82071007E-01 0.68993012E-01 0.57417465E-01 0.47287641E-01 0.38571099E-01 0.31197459E-01 0.25049690E-01 0.19977684E-01 0.15816705E-01 0.12403210E-01 0.95857798E-02 0.72312542E-02 0.52271050E-02 0.34814728E-02 0.19234230E-02 0.53622008E-03 0.94692495E-03 0.22467390E-02 0.35489250E-02 0.48590766E-02 0.61896007E-02 0.75500647E-02 0.89469972E-02 0.10384441E-01 0.11864581E-01 0.13388306E-01 0.14955669E-01 0.16566160E-01 0.18218777E-01 0.19911832E-01
0.21326541E+00 0.26850173E+00 0.33688098E+00 0.41129950E+00 0.47852196E+00 0.52560855E+00 0.54857995E+00 0.55190138E+00 0.53713673E+00 0.49964951E+00 0.43941878E+00 0.36672584E+00 0.29562468E+00 0.23575001E+00 0.18984986E+00 0.15593743E+00 0.13041641E+00 0.11011416E+00 0.92989461E-01 0.78027641E-01 0.64849184E-01 0.53349389E-01 0.43479673E-01 0.35155936E-01 0.28241561E-01 0.22561828E-01 0.17925616E-01 0.14144156E-01 0.11043810E-01 0.84730028E-02 0.63045703E-02 0.44350646E-02 0.27825057E-02 0.12850310E-02 0.20073772E-03 0.14713094E-02 0.27700063E-02 0.40577509E-02 0.53480624E-02 0.66511066E-02 0.79734375E-02 0.93185917E-02 0.10687721E-01 0.12080176E-01 0.13494010E-01 0.14926369E-01 0.16373734E-01 0.17831980E-01
0.24606608E+00 0.31172820E+00 0.39114362E+00 0.47214689E+00 0.53449707E+00 0.56260434E+00 0.56323705E+00 0.56156996E+00 0.56443810E+00 0.54906365E+00 0.49917285E+00 0.42347907E+00 0.34237182E+00 0.27158205E+00 0.21684381E+00 0.17667107E+00 0.14688120E+00 0.12355516E+00 0.10410740E+00 0.87226071E-01 0.72407253E-01 0.59506713E-01 0.48462359E-01 0.39175879E-01 0.31489102E-01 0.25200298E-01 0.20089762E-01 0.15941797E-01 0.12559435E-01 0.97721386E-02 0.74380913E-02 0.54429159E-02 0.36964483E-02 0.21288128E-02 0.68706270E-03 0.67434564E-03 0.19780993E-02 0.32517165E-02 0.45109572E-02 0.57670984E-02 0.70273105E-02 0.82953627E-02 0.95722550E-02 0.10856791E-01 0.12146091E-01 0.13436039E-01 0.14721631E-01 0.15997205E-01
0.27410118E+00 0.34589596E+00 0.42944799E+00 0.50649809E+00 0.54816378E+00 0.53440855E+00 0.48743281E+00 0.47479600E+00 0.51631640E+00 0.54827716E+00 0.52717645E+00 0.46085437E+00 0.37793178E+00 0.30145171E+00 0.24098087E+00 0.19622317E+00 0.16296471E+00 0.13693957E+00 0.11526751E+00 0.96475304E-01 0.79999027E-01 0.65680936E-01 0.53453241E-01 0.43203634E-01 0.34749987E-01 0.27860714E-01 0.22285096E-01 0.17778770E-01 0.14120405E-01 0.11120082E-01 0.86213789E-02 0.64994130E-02 0.46567308E-02 0.30184991E-02 0.15280041E-02 0.15165274E-03 0.11759708E-02 0.24421396E-02 0.36785907E-02 0.48973345E-02 0.61064047E-02 0.73102948E-02 0.85105105E-02 0.97060865E-02 0.10894073E-01 0.12069989E-01 0.13228220E-01 0.14362358E-01
0.29478493E+00 0.36690184E+00 0.44689925E+00 0.51180091E+00 0.52552554E+00 0.46035971E+00 0.34344062E+00 0.31054354E+00 0.41525031E+00 0.50810547E+00 0.52325679E+00 0.47434341E+00 0.39777219E+00 0.32224548E+00 0.26051386E+00 0.21374058E+00 0.17828864E+00 0.15010257E+00 0.12638586E+00 0.10571704E+00 0.87574212E-01 0.71826631E-01 0.58412503E-01 0.47205853E-01 0.37997484E-01 0.30522489E-01 0.24496354E-01 0.19644182E-01 0.15719243E-01 0.12511861E-01 0.98511174E-02 0.76020350E-02 0.56604621E-02 0.39473297E-02 0.24034861E-02 0.98799306E-03 0.38689719E-03 0.16317307E-02 0.28516531E-02 0.40414298E-02 0.52090618E-02 0.63598843E-02 0.74963203E-02 0.86182044E-02 0.97231815E-02 0.10807121E-01 0.11864524E-01 0.12888906E-01
0.30750602E+00 0.37406162E+00 0.44398659E+00 0.49343413E+00 0.48525196E+00 0.38694342E+00 0.20607576E+00 0.13596238E+00 0.32109558E+00 0.45572506E+00 0.49648326E+00 0.46566650E+00 0.40143961E+00 0.33329014E+00 0.27503023E+00 0.22905411E+00 0.19281924E+00 0.16306266E+00 0.13748918E+00 0.11497017E+00 0.95141959E-01 0.77946082E-01 0.63338823E-01 0.51179928E-01 0.41229007E-01 0.33183671E-01 0.26722425E-01 0.21537741E-01 0.17356344E-01 0.13948368E-01 0.11128464E-01 0.87519309E-02 0.67084386E-02 0.49152013E-02 0.33108717E-02 0.18517273E-02 0.53157680E-03 0.83366877E-03 0.20320240E-02 0.31993604E-02 0.43340668E-02 0.54414367E-02 0.65248747E-02 0.75853571E-02 0.86215995E-02 0.96303704E-02 0.10606858E-01 0.11545054E-01
0.31402034E+00 0.37039227E+00 0.42554577E+00 0.45870434E+00 0.43878293E+00 0.33877029E+00 0.15896606E+00 0.72269964E-01 0.27228910E+00 0.40577231E+00 0.45544707E+00 0.44052668E+00 0.39258482E+00 0.33676531E+00 0.28575679E+00 0.24284170E+00 0.20694458E+00 0.17605833E+00 0.14873555E+00 0.12434618E+00 0.10278443E+00 0.84101660E-01 0.68280447E-01 0.55163574E-01 0.44474193E-01 0.35867603E-01 0.28981724E-01 0.23474031E-01 0.19043328E-01 0.15438935E-01 0.12460955E-01 0.99551805E-02 0.78054916E-02 0.59258291E-02 0.42530316E-02 0.27415775E-02 0.13643283E-02 0.30289821E-03 0.12274722E-02 0.23718727E-02 0.34805237E-02 0.45528173E-02 0.55924171E-02 0.66014862E-02 0.75800901E-02 0.85262820E-02 0.94363704E-02 0.10305264E-01
0.31796514E+00 0.36184300E+00 0.39970795E+00 0.41549024E+00 0.38709626E+00 0.29754912E+00 0.15566739E+00 0.98345095E-01 0.23984697E+00 0.35396807E+00 0.40662075E+00 0.40749691E+00 0.37810836E+00 0.33712612E+00 0.29522775E+00 0.25646614E+00 0.22140678E+00 0.18952577E+00 0.16041241E+00 0.13405550E+00 0.11066610E+00 0.90425592E-01 0.73344330E-01 0.59242973E-01 0.47801955E-01 0.38628921E-01 0.31317248E-01 0.25486710E-01 0.20806490E-01 0.17004123E-01 0.13864722E-01 0.11224477E-01 0.89616188E-02 0.69870785E-02 0.52362132E-02 0.36623817E-02 0.22336968E-02 0.94648657E-03 0.50466619E-03 0.15628734E-02 0.26479049E-02 0.36921551E-02 0.46958472E-02 0.56617949E-02 0.65914543E-02 0.74843870E-02 0.83383234E-02 0.91494181E-02
0.32361633E+00 0.35556091E+00 0.37675478E+00 0.37516235E+00 0.33627846E+00 0.25055173E+00 0.12598780E+00 0.72277588E-01 0.19675486E+00 0.30161277E+00 0.36061812E+00 0.37780480E+00 0.36642488E+00 0.33962946E+00 0.30640952E+00 0.27154287E+00 0.23711310E+00 0.20402595E+00 0.17291389E+00 0.14440482E+00 0.11903815E+00 0.97126368E-01 0.78702751E-01 0.63558973E-01 0.51326103E-01 0.41558600E-01 0.33801055E-01 0.27632464E-01 0.22690235E-01 0.18678666E-01 0.15366948E-01 0.12581130E-01 0.10193541E-01 0.81120729E-02 0.62707304E-02 0.46221516E-02 0.31326222E-02 0.17821732E-02 0.61506461E-03 0.79772232E-03 0.18369974E-02 0.28575911E-02 0.38322830E-02 0.47622375E-02 0.56499436E-02 0.64965160E-02 0.73012828E-02 0.80618718E-02
0.33433320E+00 0.35729147E+00 0.36586529E+00 0.35089795E+00 0.30306006E+00 0.21755575E+00 0.99677508E-01 0.39199150E-01 0.16539496E+00 0.26699915E+00 0.33227600E+00 0.36217210E+00 0.36443590E+00 0.34837071E+00 0.32164398E+00 0.28942547E+00 0.25490233E+00 0.22014563E+00 0.18670236E+00 0.15578412E+00 0.12823576E+00 0.10449009E+00 0.84596229E-01 0.68310614E-01 0.55209102E-01 0.44787753E-01 0.36538012E-01 0.29994601E-01 0.24760436E-01 0.20514506E-01 0.17008532E-01 0.14057316E-01 0.11526550E-01 0.93206547E-02 0.73721061E-02 0.56329168E-02 0.40685135E-02 0.26545496E-02 0.13821142E-02 0.41825436E-03 0.10564968E-02 0.20472886E-02 0.29986246E-02 0.38990454E-02 0.47507582E-02 0.55562368E-02 0.63164611E-02 0.70306677E-02
