Advanced/Day1/qtaim/urea/crystal/urea_cry_pl2d.SURFGRHO
DSAA
 161 161
-0.75589045E+01  0.75589045E+01  0.94486307E-01
-0.75589045E+01  0.75589045E+01  0.94486307E-01
 0.00000000E+00  0.00000000E+00
[rows 88 to 109 of 161, columns 96 to 143 of 161]
0.37257401E+00 0.41178590E+00 0.44994005E+00 0.48777327E+00 0.52522677E+00 0.56014093E+00 0.58754249E+00 0.60139978E+00 0.59858171E+00 0.58115259E+00 0.55443633E+00 0.52343287E+00 0.49105361E+00 0.45827390E+00 0.42460477E+00 0.38808314E+00 0.34512519E+00 0.29126624E+00 0.22363273E+00 0.14492816E+00 0.70014162E-01 0.57930546E-01 0.11589728E+00 0.20246713E+00 0.32227849E+00 0.44566223E+00 0.52496269E+00 0.53257461E+00 0.47625997E+00 0.38647897E+00 0.29393415E+00 0.21638295E+00 0.15838168E+00 0.11705096E+00 0.87420046E-01 0.65232352E-01 0.47723559E-01 0.33455662E-01 0.22085592E-01 0.14875215E-01 0.14939931E-01 0.20902140E-01 0.28897583E-01 0.37621440E-01 0.46907587E-01 0.56935624E-01 0.68042289E-01 0.80674025E-01
0.39581390E+00 0.42816594E+00 0.45602589E+00 0.47988738E+00 0.50020816E+00 0.51701111E+00 0.52964659E+00 0.53704515E+00 0.53840710E+00 0.53371544E+00 0.52360140E+00 0.50882990E+00 0.48992849E+00 0.46708337E+00 0.44008418E+00 0.40815739E+00 0.36993433E+00 0.32439593E+00 0.27372277E+00 0.22678664E+00 0.19436944E+00 0.16637803E+00 0.10511267E+00 0.20871227E-01 0.20077135E+00 0.38646568E+00 0.51454812E+00 0.54964833E+00 0.50131314E+00 0.40780260E+00 0.30767805E+00 0.22329818E+00 0.16067608E+00 0.11671710E+00 0.85755603E-01 0.62915629E-01 0.45030884E-01 0.30462439E-01 0.18906881E-01 0.12528440E-01 0.15340256E-01 0.23295952E-01 0.32569757E-01 0.42435543E-01 0.52983176E-01 0.64564572E-01 0.77691254E-01 0.93012245E-01
0.40613352E+00 0.43260665E+00 0.45374997E+00 0.47008471E+00 0.48241837E+00 0.49159773E+00 0.49825698E+00 0.50265919E+00 0.50469011E+00 0.50396201E+00 0.49993972E+00 0.49205307E+00 0.47980835E+00 0.46289419E+00 0.44123880E+00 0.41500418E+00 0.38473920E+00 0.35235018E+00 0.32323792E+00 0.30644312E+00 0.30476088E+00 0.30018773E+00 0.26352303E+00 0.20504717E+00 0.24731298E+00 0.39725096E+00 0.52074252E+00 0.55597479E+00 0.50642883E+00 0.41035460E+00 0.30760937E+00 0.22134625E+00 0.15767990E+00 0.11328080E+00 0.82201169E-01 0.59349575E-01 0.41424424E-01 0.26722858E-01 0.15086749E-01 0.10406481E-01 0.16589305E-01 0.26247822E-01 0.36665750E-01 0.47669886E-01 0.59582767E-01 0.72944024E-01 0.88476498E-01 0.10708279E+00
0.40159720E+00 0.42226702E+00 0.43810518E+00 0.44960759E+00 0.45761137E+00 0.46309278E+00 0.46692304E+00 0.46964369E+00 0.47133218E+00 0.47160202E+00 0.46973007E+00 0.46486379E+00 0.45625611E+00 0.44349196E+00 0.42668290E+00 0.40663516E+00 0.38513572E+00 0.36572140E+00 0.35474211E+00 0.35971609E+00 0.38085012E+00 0.40317230E+00 0.40639044E+00 0.39445914E+00 0.41316968E+00 0.48354437E+00 0.54818583E+00 0.55180336E+00 0.48990317E+00 0.39234227E+00 0.29253207E+00 0.20992867E+00 0.14918912E+00 0.10674850E+00 0.76858731E-01 0.54672902E-01 0.37052689E-01 0.22374903E-01 0.10750610E-01 0.94164578E-02 0.18797556E-01 0.29737151E-01 0.41160866E-01 0.53304388E-01 0.66697930E-01 0.82087588E-01 0.10044767E+00 0.12298887E+00
0.38345696E+00 0.39808754E+00 0.40895618E+00 0.41651437E+00 0.42147466E+00 0.42465808E+00 0.42680558E+00 0.42839576E+00 0.42952316E+00 0.42987922E+00 0.42884350E+00 0.42565901E+00 0.41965320E+00 0.41047789E+00 0.39835789E+00 0.38435453E+00 0.37069955E+00 0.36129986E+00 0.36203970E+00 0.37891580E+00 0.41222882E+00 0.45192461E+00 0.48333380E+00 0.50226084E+00 0.52121896E+00 0.54633158E+00 0.55571573E+00 0.52361616E+00 0.44965748E+00 0.35532421E+00 0.26443278E+00 0.19052561E+00 0.13613448E+00 0.97681264E-01 0.70085445E-01 0.49144669E-01 0.32133869E-01 0.17611152E-01 0.61036963E-02 0.10465006E-01 0.21864183E-01 0.33689436E-01 0.45999125E-01 0.59289885E-01 0.74283826E-01 0.91955506E-01 0.11357173E+00 0.14070465E+00
0.35494178E+00 0.36351092E+00 0.36948930E+00 0.37331730E+00 0.37556901E+00 0.37685131E+00 0.37768731E+00 0.37840385E+00 0.37905457E+00 0.37940605E+00 0.37899556E+00 0.37724971E+00 0.37364616E+00 0.36790938E+00 0.36024501E+00 0.35161919E+00 0.34407566E+00 0.34103361E+00 0.34722076E+00 0.36719682E+00 0.40174402E+00 0.44479457E+00 0.48563241E+00 0.51591198E+00 0.53338578E+00 0.53577809E+00 0.51480951E+00 0.46389717E+00 0.38869501E+00 0.30493242E+00 0.22804496E+00 0.16621711E+00 0.12027746E+00 0.87034769E-01 0.62416547E-01 0.43109139E-01 0.26946040E-01 0.12704037E-01 0.21470497E-02 0.13358803E-01 0.25570036E-01 0.37990626E-01 0.51093160E-01 0.65542094E-01 0.82247161E-01 0.10243427E+00 0.12770027E+00 0.16002415E+00
0.32001896E+00 0.32296769E+00 0.32436065E+00 0.32466722E+00 0.32436667E+00 0.32388997E+00 0.32356756E+00 0.32358120E+00 0.32393146E+00 0.32443454E+00 0.32475534E+00 0.32447520E+00 0.32319130E+00 0.32065214E+00 0.31694310E+00 0.31272884E+00 0.30951879E+00 0.30984284E+00 0.31707276E+00 0.33439509E+00 0.36267003E+00 0.39838121E+00 0.43399227E+00 0.46102054E+00 0.47287446E+00 0.46497245E+00 0.43447193E+00 0.38273885E+00 0.31741966E+00 0.24976979E+00 0.18930536E+00 0.14059172E+00 0.10360137E+00 0.75862065E-01 0.54432516E-01 0.36941856E-01 0.21822809E-01 0.81573904E-02 0.48964622E-02 0.17263240E-01 0.29670451E-01 0.42500913E-01 0.56326153E-01 0.71938100E-01 0.90437531E-01 0.11332133E+00 0.14254483E+00 0.18052338E+00
0.28245410E+00 0.28063445E+00 0.27808488E+00 0.27532203E+00 0.27277311E+00 0.27074919E+00 0.26944064E+00 0.26891712E+00 0.26912917E+00 0.26991515E+00 0.27101859E+00 0.27211955E+00 0.27288556E+00 0.27305308E+00 0.27255628E+00 0.27170994E+00 0.27141198E+00 0.27325810E+00 0.27938029E+00 0.29177818E+00 0.31107603E+00 0.33523835E+00 0.35933608E+00 0.37687532E+00 0.38184511E+00 0.37033496E+00 0.34161486E+00 0.29884209E+00 0.24851533E+00 0.19811603E+00 0.15331109E+00 0.11659111E+00 0.87717827E-01 0.65034280E-01 0.46637371E-01 0.31004134E-01 0.17177714E-01 0.54854875E-02 0.97660041E-02 0.21566063E-01 0.33937184E-01 0.47065795E-01 0.61555920E-01 0.78316783E-01 0.98644945E-01 0.12431968E+00 0.15766806E+00 0.20154805E+00
0.24531005E+00 0.23976150E+00 0.23411898E+00 0.22893742E+00 0.22461221E+00 0.22137426E+00 0.21931661E+00 0.21842631E+00 0.21860898E+00 0.21970385E+00 0.22149271E+00 0.22370926E+00 0.22605814E+00 0.22825667E+00 0.23011427E+00 0.23165600E+00 0.23326517E+00 0.23576709E+00 0.24032831E+00 0.24805320E+00 0.25927839E+00 0.27282914E+00 0.28575427E+00 0.29392494E+00 0.29332933E+00 0.28147713E+00 0.25836566E+00 0.22662853E+00 0.19066078E+00 0.15501876E+00 0.12295868E+00 0.95859191E-01 0.73557854E-01 0.55099192E-01 0.39397325E-01 0.25625092E-01 0.13572299E-01 0.70119665E-02 0.14589417E-01 0.25907755E-01 0.38168562E-01 0.51525040E-01 0.66621413E-01 0.84484287E-01 0.10660578E+00 0.13504599E+00 0.17249687E+00 0.22223688E+00
0.21081331E+00 0.20251983E+00 0.19463499E+00 0.18772286E+00 0.18214555E+00 0.17807207E+00 0.17552281E+00 0.17442014E+00 0.17462752E+00 0.17597083E+00 0.17824422E+00 0.18120808E+00 0.18458969E+00 0.18809929E+00 0.19147330E+00 0.19455021E+00 0.19736408E+00 0.20020784E+00 0.20358973E+00 0.20801640E+00 0.21361275E+00 0.21972045E+00 0.22473040E+00 0.22636805E+00 0.22241448E+00 0.21156580E+00 0.19401773E+00 0.17146809E+00 0.14650717E+00 0.12170376E+00 0.98863925E-01 0.78775133E-01 0.61404317E-01 0.46296759E-01 0.32945768E-01 0.21109349E-01 0.11703980E-01 0.10723144E-01 0.19121127E-01 0.30058588E-01 0.42189940E-01 0.55720808E-01 0.71351809E-01 0.90225052E-01 0.11401826E+00 0.14505439E+00 0.18636041E+00 0.24158420E+00
0.18043381E+00 0.17015600E+00 0.16071521E+00 0.15264672E+00 0.14626598E+00 0.14168418E+00 0.13885988E+00 0.13765888E+00 0.13790216E+00 0.13939273E+00 0.14192192E+00 0.14526282E+00 0.14916160E+00 0.15333831E+00 0.15750636E+00 0.16141500E+00 0.16490678E+00 0.16796397E+00 0.17070130E+00 0.17326730E+00 0.17565823E+00 0.17751729E+00 0.17804640E+00 0.17614104E+00 0.17074976E+00 0.16131240E+00 0.14805169E+00 0.13195062E+00 0.11441980E+00 0.96834652E-01 0.80177723E-01 0.64921725E-01 0.51130721E-01 0.38666759E-01 0.27425449E-01 0.17739016E-01 0.11889380E-01 0.14657147E-01 0.23232185E-01 0.33857318E-01 0.45853451E-01 0.59505688E-01 0.75577906E-01 0.95317893E-01 0.12056670E+00 0.15387447E+00 0.19855055E+00 0.25853630E+00
0.15504103E+00 0.14325484E+00 0.13269975E+00 0.12384741E+00 0.11695291E+00 0.11206995E+00 0.10910051E+00 0.10785658E+00 0.10811391E+00 0.10964482E+00 0.11222781E+00 0.11564054E+00 0.11964705E+00 0.12398968E+00 0.12839374E+00 0.13258833E+00 0.13633949E+00 0.13948253E+00 0.14193146E+00 0.14364506E+00 0.14454867E+00 0.14444430E+00 0.14296859E+00 0.13965103E+00 0.13407425E+00 0.12606955E+00 0.11584252E+00 0.10395243E+00 0.91151553E-01 0.78170324E-01 0.65554090E-01 0.53610582E-01 0.42461557E-01 0.32164638E-01 0.22929161E-01 0.15707500E-01 0.13514168E-01 0.18281041E-01 0.26832886E-01 0.37187415E-01 0.49038955E-01 0.62750750E-01 0.79144978E-01 0.99555533E-01 0.12595191E+00 0.16105919E+00 0.20839691E+00 0.27210719E+00
0.13504664E+00 0.12198179E+00 0.11051562E+00 0.10103356E+00 0.93726009E-01 0.88596376E-01 0.85499062E-01 0.84195921E-01 0.84413971E-01 0.85886592E-01 0.88369978E-01 0.91638806E-01 0.95471851E-01 0.99638515E-01 0.10389391E+00 0.10798585E+00 0.11167230E+00 0.11474262E+00 0.11703156E+00 0.11841527E+00 0.11878643E+00 0.11802093E+00 0.11596086E+00 0.11243654E+00 0.10732940E+00 0.10064792E+00 0.92573130E-01 0.83442600E-01 0.73676829E-01 0.63684756E-01 0.53792938E-01 0.44225453E-01 0.35140282E-01 0.26734286E-01 0.19510234E-01 0.14967716E-01 0.15676314E-01 0.21417976E-01 0.29863059E-01 0.39968009E-01 0.51655758E-01 0.65353080E-01 0.81925645E-01 0.10276499E+00 0.12992338E+00 0.16623534E+00 0.21534468E+00 0.28149384E+00
0.12049188E+00 0.10623964E+00 0.93904157E-01 0.83775143E-01 0.75985898E-01 0.70510352E-01 0.67178414E-01 0.65715630E-01 0.65800812E-01 0.67119622E-01 0.69394165E-01 0.72385546E-01 0.75879887E-01 0.79670858E-01 0.83547769E-01 0.87293223E-01 0.90690113E-01 0.93534452E-01 0.95648233E-01 0.96886312E-01 0.97134435E-01 0.96301701E-01 0.94316226E-01 0.91132818E-01 0.86753775E-01 0.81252850E-01 0.74786328E-01 0.67580106E-01 0.59895162E-01 0.51986496E-01 0.44074557E-01 0.36344391E-01 0.28987760E-01 0.22329217E-01 0.17153658E-01 0.15172385E-01 0.17804921E-01 0.23996303E-01 0.32289611E-01 0.42150045E-01 0.53644170E-01 0.67241940E-01 0.83831022E-01 0.10482571E+00 0.13230808E+00 0.16914838E+00 0.21902172E+00 0.28617113E+00
0.11109134E+00 0.95723721E-01 0.82513374E-01 0.71646894E-01 0.63207993E-01 0.57168800E-01 0.53376283E-01 0.51556361E-01 0.51355783E-01 0.52408185E-01 0.54387100E-01 0.57024387E-01 0.60100525E-01 0.63424158E-01 0.66814058E-01 0.70089392E-01 0.73069037E-01 0.75577773E-01 0.77455785E-01 0.78567638E-01 0.78808110E-01 0.78104696E-01 0.76418983E-01 0.73749637E-01 0.70137500E-01 0.65669753E-01 0.60478163E-01 0.54728318E-01 0.48601763E-01 0.42277978E-01 0.35926049E-01 0.29718535E-01 0.23890484E-01 0.18898284E-01 0.15732512E-01 0.15854980E-01 0.19629058E-01 0.25993892E-01 0.34104689E-01 0.43713788E-01 0.54976048E-01 0.68382658E-01 0.84818431E-01 0.10568251E+00 0.13303096E+00 0.16969362E+00 0.21928385E+00 0.28595160E+00
0.10629381E+00 0.89918818E-01 0.75868501E-01 0.64211222E-01 0.54969052E-01 0.48119027E-01 0.43564618E-01 0.41093914E-01 0.40372050E-01 0.40997204E-01 0.42583520E-01 0.44812893E-01 0.47440449E-01 0.50274272E-01 0.53151459E-01 0.55921250E-01 0.58437538E-01 0.60559226E-01 0.62155620E-01 0.63113845E-01 0.63345889E-01 0.62793902E-01 0.61433540E-01 0.59275710E-01 0.56366781E-01 0.52786560E-01 0.48642987E-01 0.44063476E-01 0.39184819E-01 0.34146150E-01 0.29092423E-01 0.24201787E-01 0.19764708E-01 0.16357819E-01 0.15007949E-01 0.16640056E-01 0.21038158E-01 0.27420066E-01 0.35323218E-01 0.44666145E-01 0.55653772E-01 0.68777592E-01 0.84894496E-01 0.10535119E+00 0.13212371E+00 0.16792901E+00 0.21623145E+00 0.28100318E+00
0.10541471E+00 0.88130739E-01 0.73313017E-01 0.60895209E-01 0.50808659E-01 0.43001523E-01 0.37424110E-01 0.33971065E-01 0.32409245E-01 0.32366701E-01 0.33414210E-01 0.35166172E-01 0.37326317E-01 0.39679580E-01 0.42064437E-01 0.44348253E-01 0.46412430E-01 0.48146749E-01 0.49450182E-01 0.50235294E-01 0.50433833E-01 0.50001785E-01 0.48922833E-01 0.47209766E-01 0.44903624E-01 0.42070560E-01 0.38796641E-01 0.35181512E-01 0.31333064E-01 0.27367196E-01 0.23420240E-01 0.19689001E-01 0.16524140E-01 0.14571926E-01 0.14698468E-01 0.17302206E-01 0.22003360E-01 0.28306634E-01 0.35979630E-01 0.45037233E-01 0.55707461E-01 0.68463970E-01 0.84113138E-01 0.10391595E+00 0.12972066E+00 0.16406757E+00 0.21019578E+00 0.27182525E+00
0.10781150E+00 0.89607373E-01 0.74049754E-01 0.60927539E-01 0.50058631E-01 0.41316982E-01 0.34637170E-01 0.29982425E-01 0.27262572E-01 0.26239487E-01 0.26521342E-01 0.27671368E-01 0.29319759E-01 0.31199252E-01 0.33126011E-01 0.34968382E-01 0.36623309E-01 0.38003474E-01 0.39032732E-01 0.39646682E-01 0.39795719E-01 0.39448598E-01 0.38595178E-01 0.37247557E-01 0.35439289E-01 0.33222774E-01 0.30665395E-01 0.27845661E-01 0.24851711E-01 0.21786537E-01 0.18788229E-01 0.16079926E-01 0.14060705E-01 0.13359318E-01 0.14563107E-01 0.17733600E-01 0.22539751E-01 0.28701610E-01 0.36123969E-01 0.44876170E-01 0.55190594E-01 0.67508905E-01 0.82568943E-01 0.10151943E+00 0.12604276E+00 0.15845176E+00 0.20169889E+00 0.25918931E+00
0.11301145E+00 0.93689715E-01 0.77293301E-01 0.63454920E-01 0.51866669E-01 0.42304018E-01 0.34632596E-01 0.28797718E-01 0.24781235E-01 0.22507478E-01 0.21739999E-01 0.22085200E-01 0.23118609E-01 0.24497612E-01 0.25986706E-01 0.27431982E-01 0.28729441E-01 0.29803180E-01 0.30594018E-01 0.31055294E-01 0.31152685E-01 0.30865705E-01 0.30189305E-01 0.29134631E-01 0.27728510E-01 0.26011765E-01 0.24036968E-01 0.21867039E-01 0.19577218E-01 0.17265187E-01 0.15077775E-01 0.13264399E-01 0.12240216E-01 0.12527485E-01 0.14440084E-01 0.17900198E-01 0.22686918E-01 0.28663989E-01 0.35817681E-01 0.44246351E-01 0.54174510E-01 0.66002349E-01 0.80387058E-01 0.98347096E-01 0.12137294E+00 0.15151470E+00 0.19139453E+00 0.24405423E+00
0.12073861E+00 0.99895677E-01 0.82408149E-01 0.67728548E-01 0.55406101E-01 0.45105100E-01 0.36602786E-01 0.29777193E-01 0.24585508E-01 0.21016759E-01 0.18998913E-01 0.18301305E-01 0.18546956E-01 0.19341071E-01 0.20375814E-01 0.21447712E-01 0.22430266E-01 0.23243823E-01 0.23835687E-01 0.24169744E-01 0.24222180E-01 0.23980400E-01 0.23443171E-01 0.22620811E-01 0.21534872E-01 0.20217328E-01 0.18709884E-01 0.17064844E-01 0.15350271E-01 0.13664321E-01 0.12165732E-01 0.11120050E-01 0.10912804E-01 0.11911529E-01 0.14242159E-01 0.17810314E-01 0.22497713E-01 0.28259226E-01 0.35129435E-01 0.43220590E-01 0.52742405E-01 0.64048965E-01 0.77711221E-01 0.94608741E-01 0.11602697E+00 0.14373483E+00 0.17999962E+00 0.22746813E+00
0.13085837E+00 0.10791125E+00 0.88946358E-01 0.73196399E-01 0.60037197E-01 0.49002516E-01 0.39771220E-01 0.32142946E-01 0.26012224E-01 0.21340467E-01 0.18110036E-01 0.16242270E-01 0.15515951E-01 0.15585319E-01 0.16097454E-01 0.16783429E-01 0.17470679E-01 0.18056902E-01 0.18482680E-01 0.18713522E-01 0.18730265E-01 0.18524655E-01 0.18097602E-01 0.17458530E-01 0.16625053E-01 0.15622850E-01 0.14486323E-01 0.13261484E-01 0.12013873E-01 0.10845870E-01 0.99263371E-02 0.95171754E-02 0.99332840E-02 0.11394826E-01 0.13935609E-01 0.17495007E-01 0.22031114E-01 0.27555418E-01 0.34131294E-01 0.41876537E-01 0.50983441E-01 0.61759946E-01 0.74691578E-01 0.90519589E-01 0.11032397E+00 0.13559034E+00 0.16822586E+00 0.21046924E+00
0.14328610E+00 0.11752662E+00 0.96605821E-01 0.79485238E-01 0.65324817E-01 0.53497641E-01 0.43567420E-01 0.35250087E-01 0.28374314E-01 0.22848136E-01 0.18629188E-01 0.15684083E-01 0.13922435E-01 0.13135611E-01 0.13017355E-01 0.13262550E-01 0.13642173E-01 0.14012397E-01 0.14291513E-01 0.14435884E-01 0.14424011E-01 0.14247768E-01 0.13908092E-01 0.13413084E-01 0.12777374E-01 0.12022436E-01 0.11178330E-01 0.10288287E-01 0.94187119E-02 0.86773369E-02 0.82357895E-02 0.83283964E-02 0.91807065E-02 0.10908676E-01 0.13519835E-01 0.16996221E-01 0.21347484E-01 0.26620233E-01 0.32895464E-01 0.40292673E-01 0.48987482E-01 0.59245611E-01 0.71473647E-01 0.86283311E-01 0.10456006E+00 0.12751879E+00 0.15671890E+00 0.19399697E+00
