Advanced/Day1/qtaim/urea/crystal/urea_cry_pl2d.SURFLAPM
DSAA
 161 161
-0.75589045E+01  0.75589045E+01  0.94486307E-01
-0.75589045E+01  0.75589045E+01  0.94486307E-01
 0.00000000E+00  0.00000000E+00
[rows 21 to 41 of 161, columns 47 to 93 of 161]
-0.19987623E-01 -0.23310274E-01 -0.27260443E-01 -0.31825704E-01 -0.36944045E-01 -0.42505348E-01 -0.48374440E-01 -0.54448704E-01 -0.60763175E-01 -0.67650393E-01 -0.75948357E-01 -0.87226852E-01 -0.10397291E+00 -0.12964482E+00 -0.16846947E+00 -0.22480136E+00 -0.30175028E+00 -0.39862377E+00 -0.50667972E+00 -0.60320594E+00 -0.64581091E+00 -0.57261541E+00 -0.31849171E+00 0.14408777E+00 0.75091839E+00 0.13253668E+01 0.16345164E+01 0.14551100E+01 0.37649656E+00 -0.30873316E+01 -0.12493966E+02 -0.30728954E+02 -0.52133743E+02 -0.62088367E+02 -0.52133743E+02 -0.30728954E+02 -0.12493966E+02 -0.30873316E+01 0.37649656E+00 0.14551100E+01 0.16345164E+01 0.13253668E+01 0.75091839E+00 0.14408777E+00 -0.31849171E+00 -0.57261541E+00 -0.64581091E+00
-0.18717641E-01 -0.22137915E-01 -0.26192423E-01 -0.30856541E-01 -0.36052692E-01 -0.41653727E-01 -0.47510291E-01 -0.53516164E-01 -0.59725051E-01 -0.66525427E-01 -0.74864147E-01 -0.86483803E-01 -0.10410678E+00 -0.13146487E+00 -0.17303214E+00 -0.23324438E+00 -0.31483853E+00 -0.41573710E+00 -0.52386223E+00 -0.61002331E+00 -0.62162765E+00 -0.48516516E+00 -0.13097185E+00 0.45102268E+00 0.11481364E+01 0.17233529E+01 0.19070078E+01 0.13627390E+01 -0.13856887E+01 -0.12814020E+02 -0.47941163E+02 -0.11738181E+03 -0.20052613E+03 -0.24097667E+03 -0.20052613E+03 -0.11738181E+03 -0.47941163E+02 -0.12814020E+02 -0.13856887E+01 0.13627390E+01 0.19070078E+01 0.17233529E+01 0.11481364E+01 0.45102268E+00 -0.13097185E+00 -0.48516516E+00 -0.62162765E+00
-0.17744194E-01 -0.21234374E-01 -0.25363620E-01 -0.30097937E-01 -0.35347739E-01 -0.40972803E-01 -0.46813214E-01 -0.52761047E-01 -0.58886664E-01 -0.65625610E-01 -0.74014460E-01 -0.85936190E-01 -0.10430151E+00 -0.13305589E+00 -0.17685437E+00 -0.24015351E+00 -0.32528251E+00 -0.42880314E+00 -0.53544602E+00 -0.60991815E+00 -0.59023963E+00 -0.39285590E+00 0.53865583E-01 0.74030689E+00 0.15089277E+01 0.20802136E+01 0.21690181E+01 0.11384848E+01 -0.53925444E+01 -0.36699218E+02 -0.13434023E+03 -0.34757721E+03 -0.67470427E+03 -0.84703603E+03 -0.67470427E+03 -0.34757721E+03 -0.13434023E+03 -0.36699218E+02 -0.53925444E+01 0.11384848E+01 0.21690181E+01 0.20802136E+01 0.15089277E+01 0.74030689E+00 0.53865583E-01 -0.39285590E+00 -0.59023963E+00
-0.16981467E-01 -0.20515661E-01 -0.24692252E-01 -0.29470596E-01 -0.34752510E-01 -0.40388331E-01 -0.46210428E-01 -0.52109452E-01 -0.58167440E-01 -0.64853279E-01 -0.73267117E-01 -0.85391078E-01 -0.10426798E+00 -0.13399111E+00 -0.17933491E+00 -0.24474827E+00 -0.33221439E+00 -0.43719323E+00 -0.54185495E+00 -0.60603193E+00 -0.56031098E+00 -0.31341447E+00 0.20714382E+00 0.97565089E+00 0.18024786E+01 0.23885727E+01 0.24477016E+01 0.81621490E+00 -0.11764086E+02 -0.74485971E+02 -0.28028041E+03 -0.85110597E+03 -0.12235282E+04 -0.94355945E+03 -0.12235282E+04 -0.85110597E+03 -0.28028041E+03 -0.74485971E+02 -0.11764086E+02 0.81621490E+00 0.24477016E+01 0.23885727E+01 0.18024786E+01 0.97565089E+00 0.20714382E+00 -0.31341447E+00 -0.56031098E+00
-0.16359788E-01 -0.19913049E-01 -0.24110654E-01 -0.28907913E-01 -0.34201275E-01 -0.39834952E-01 -0.45635774E-01 -0.51491925E-01 -0.57489779E-01 -0.64114063E-01 -0.72496977E-01 -0.84671840E-01 -0.10375047E+00 -0.13390377E+00 -0.17996866E+00 -0.24638709E+00 -0.33494589E+00 -0.44047505E+00 -0.54365851E+00 -0.60144637E+00 -0.53991885E+00 -0.26284852E+00 0.30370876E+00 0.11266955E+01 0.20023649E+01 0.26305457E+01 0.27357294E+01 0.69294658E+00 -0.17040418E+02 -0.10664599E+03 -0.43053001E+03 -0.12136642E+04 0.20585625E+04 0.45627482E+05 0.20585625E+04 -0.12136642E+04 -0.43053001E+03 -0.10664599E+03 -0.17040418E+02 0.69294658E+00 0.27357294E+01 0.26305457E+01 0.20023649E+01 0.11266955E+01 0.30370876E+00 -0.26284852E+00 -0.53991885E+00
-0.15824290E-01 -0.19372004E-01 -0.23564537E-01 -0.28355590E-01 -0.33639294E-01 -0.39256759E-01 -0.45030983E-01 -0.50845792E-01 -0.56783110E-01 -0.63323743E-01 -0.71597206E-01 -0.83636009E-01 -0.10255353E+00 -0.13252500E+00 -0.17839499E+00 -0.24461574E+00 -0.33298066E+00 -0.43829645E+00 -0.54112131E+00 -0.59801971E+00 -0.53415366E+00 -0.25148963E+00 0.32687565E+00 0.11719110E+01 0.20848463E+01 0.27742006E+01 0.29887958E+01 0.11456943E+01 -0.16432630E+02 -0.10707432E+03 -0.43902049E+03 -0.12318859E+04 0.28707434E+04 0.75361898E+05 0.28707434E+04 -0.12318859E+04 -0.43902049E+03 -0.10707432E+03 -0.16432630E+02 0.11456943E+01 0.29887958E+01 0.27742006E+01 0.20848463E+01 0.11719110E+01 0.32687565E+00 -0.25148963E+00 -0.53415366E+00
-0.15333499E-01 -0.18851126E-01 -0.23012327E-01 -0.27771444E-01 -0.33023127E-01 -0.38608206E-01 -0.44347311E-01 -0.50117751E-01 -0.55987867E-01 -0.62414307E-01 -0.70488484E-01 -0.82189123E-01 -0.10056232E+00 -0.12971250E+00 -0.17443465E+00 -0.23920698E+00 -0.32603490E+00 -0.43032458E+00 -0.53391922E+00 -0.59561589E+00 -0.54349379E+00 -0.28128162E+00 0.27178154E+00 0.11013419E+01 0.20315780E+01 0.27855226E+01 0.31361155E+01 0.20347041E+01 -0.99864778E+01 -0.74371970E+02 -0.29321889E+03 -0.91169802E+03 -0.12412219E+04 -0.84153644E+03 -0.12412219E+04 -0.91169802E+03 -0.29321889E+03 -0.74371970E+02 -0.99864778E+01 0.20347041E+01 0.31361155E+01 0.27855226E+01 0.20315780E+01 0.11013419E+01 0.27178154E+00 -0.28128162E+00 -0.54349379E+00
-0.14857980E-01 -0.18321160E-01 -0.22424606E-01 -0.27125308E-01 -0.32321063E-01 -0.37855091E-01 -0.43547144E-01 -0.49266176E-01 -0.55058605E-01 -0.61338069E-01 -0.69124468E-01 -0.80292101E-01 -0.97752884E-01 -0.12546505E+00 -0.16811084E+00 -0.23019040E+00 -0.31407687E+00 -0.41628969E+00 -0.52116409E+00 -0.59204629E+00 -0.56352477E+00 -0.34502119E+00 0.14701594E+00 0.91966516E+00 0.18353184E+01 0.26416857E+01 0.31178128E+01 0.27701601E+01 -0.28142561E+01 -0.34511710E+02 -0.13922055E+03 -0.37911305E+03 -0.75606877E+03 -0.94947151E+03 -0.75606877E+03 -0.37911305E+03 -0.13922055E+03 -0.34511710E+02 -0.28142561E+01 0.27701601E+01 0.31178128E+01 0.26416857E+01 0.18353184E+01 0.91966516E+00 0.14701594E+00 -0.34502119E+00 -0.56352477E+00
-0.14379164E-01 -0.17764149E-01 -0.21783631E-01 -0.26398989E-01 -0.31513544E-01 -0.36975472E-01 -0.42605369E-01 -0.48262844E-01 -0.53965870E-01 -0.60069343E-01 -0.67492779E-01 -0.77961053E-01 -0.94190517E-01 -0.11992038E+00 -0.15965006E+00 -0.21786627E+00 -0.29737797E+00 -0.39612850E+00 -0.50174535E+00 -0.58377413E+00 -0.58614979E+00 -0.42788318E+00 -0.26100309E-01 0.64844098E+00 0.15059899E+01 0.23358341E+01 0.29154379E+01 0.30196791E+01 0.12785561E+01 -0.93229452E+01 -0.46073110E+02 -0.12253900E+03 -0.21748932E+03 -0.26481882E+03 -0.21748932E+03 -0.12253900E+03 -0.46073110E+02 -0.93229452E+01 0.12785561E+01 0.30196791E+01 0.29154379E+01 0.23358341E+01 0.15059899E+01 0.64844098E+00 -0.26100309E-01 -0.42788318E+00 -0.58614979E+00
-0.13888365E-01 -0.17172721E-01 -0.21082945E-01 -0.25586239E-01 -0.30593535E-01 -0.35960431E-01 -0.41510437E-01 -0.47094049E-01 -0.52696864E-01 -0.58603794E-01 -0.65611791E-01 -0.75259921E-01 -0.90016741E-01 -0.11333589E+00 -0.14945961E+00 -0.20279330E+00 -0.27655028E+00 -0.37016534E+00 -0.47485386E+00 -0.56712957E+00 -0.60193664E+00 -0.51103369E+00 -0.21726808E+00 0.32535088E+00 0.10755078E+01 0.18801651E+01 0.25340807E+01 0.28688134E+01 0.25643320E+01 0.91097809E-01 -0.86964019E+01 -0.27664728E+02 -0.50994209E+02 -0.62050900E+02 -0.50994209E+02 -0.27664728E+02 -0.86964019E+01 0.91097809E-01 0.25643320E+01 0.28688134E+01 0.25340807E+01 0.18801651E+01 0.10755078E+01 0.32535088E+00 -0.21726808E+00 -0.51103369E+00 -0.60193664E+00
-0.13386008E-01 -0.16549512E-01 -0.20327055E-01 -0.24692729E-01 -0.29566829E-01 -0.34814683E-01 -0.40265156E-01 -0.45761223E-01 -0.51255188E-01 -0.56956094E-01 -0.63524332E-01 -0.72287692E-01 -0.85427138E-01 -0.10605492E+00 -0.13808336E+00 -0.18574503E+00 -0.25254058E+00 -0.33924308E+00 -0.44047070E+00 -0.53957971E+00 -0.60282307E+00 -0.57641943E+00 -0.39385909E+00 -0.16929761E-02 0.59798641E+00 0.13147424E+01 0.19882411E+01 0.24595884E+01 0.26064409E+01 0.21990185E+01 0.64138381E+00 -0.26496396E+01 -0.67093713E+01 -0.86491216E+01 -0.67093713E+01 -0.26496396E+01 0.64138381E+00 0.21990185E+01 0.26064409E+01 0.24595884E+01 0.19882411E+01 0.13147424E+01 0.59798641E+00 -0.16929761E-02 -0.39385909E+00 -0.57641943E+00 -0.60282307E+00
-0.12881066E-01 -0.15906743E-01 -0.19531179E-01 -0.23736030E-01 -0.28452273E-01 -0.33557050E-01 -0.38887272E-01 -0.44281268E-01 -0.49660162E-01 -0.55156834E-01 -0.61289971E-01 -0.69162907E-01 -0.80644089E-01 -0.98463448E-01 -0.12614006E+00 -0.16763366E+00 -0.22656258E+00 -0.30473215E+00 -0.39962185E+00 -0.50058924E+00 -0.58425305E+00 -0.61121556E+00 -0.52875849E+00 -0.28547850E+00 0.14048921E+00 0.71164437E+00 0.13260764E+01 0.18539103E+01 0.21908251E+01 0.22771245E+01 0.20732521E+01 0.15845147E+01 0.10059337E+01 0.73673308E+00 0.10059337E+01 0.15845147E+01 0.20732521E+01 0.22771245E+01 0.21908251E+01 0.18539103E+01 0.13260764E+01 0.71164437E+00 0.14048921E+00 -0.28547850E+00 -0.52875849E+00 -0.61121556E+00 -0.58425305E+00
-0.12390688E-01 -0.15265943E-01 -0.18721099E-01 -0.22745590E-01 -0.27281953E-01 -0.32220838E-01 -0.37409947E-01 -0.42686829E-01 -0.47946191E-01 -0.53249663E-01 -0.58977714E-01 -0.66008560E-01 -0.75889305E-01 -0.90944681E-01 -0.11425369E+00 -0.14941179E+00 -0.19997141E+00 -0.26839756E+00 -0.35430754E+00 -0.45179993E+00 -0.54605884E+00 -0.61040823E+00 -0.60652768E+00 -0.49167788E+00 -0.23526400E+00 0.15955087E+00 0.64296705E+00 0.11295215E+01 0.15315284E+01 0.17926680E+01 0.19017504E+01 0.18906714E+01 0.18280627E+01 0.17945243E+01 0.18280627E+01 0.18906714E+01 0.19017504E+01 0.17926680E+01 0.15315284E+01 0.11295215E+01 0.64296705E+00 0.15955087E+00 -0.23526400E+00 -0.49167788E+00 -0.60652768E+00 -0.61040823E+00 -0.54605884E+00
-0.11940031E-01 -0.14657798E-01 -0.17933035E-01 -0.21762739E-01 -0.26101316E-01 -0.30854119E-01 -0.35882176E-01 -0.41026646E-01 -0.46162546E-01 -0.51289456E-01 -0.56660659E-01 -0.62940199E-01 -0.71360841E-01 -0.83838684E-01 -0.10298745E+00 -0.13196864E+00 -0.17410513E+00 -0.23216103E+00 -0.30715143E+00 -0.39655027E+00 -0.49195125E+00 -0.57677131E+00 -0.62547362E+00 -0.60657937E+00 -0.49134553E+00 -0.26709640E+00 0.50900003E-01 0.41827395E+00 0.77566867E+00 0.10712609E+01 0.12780899E+01 0.13979101E+01 0.14524849E+01 0.14669991E+01 0.14524849E+01 0.13979101E+01 0.12780899E+01 0.10712609E+01 0.77566867E+00 0.41827395E+00 0.50900003E-01 -0.26709640E+00 -0.49134553E+00 -0.60657937E+00 -0.62547362E+00 -0.57677131E+00 -0.49195125E+00
-0.11562289E-01 -0.14122169E-01 -0.17213677E-01 -0.20840696E-01 -0.24969232E-01 -0.29519908E-01 -0.34369102E-01 -0.39365988E-01 -0.44373692E-01 -0.49341894E-01 -0.54413553E-01 -0.60059123E-01 -0.67218172E-01 -0.77413557E-01 -0.92792080E-01 -0.11604126E+00 -0.15013182E+00 -0.19783063E+00 -0.26091269E+00 -0.33899896E+00 -0.42802948E+00 -0.51864756E+00 -0.59524989E+00 -0.63694645E+00 -0.62165952E+00 -0.53342252E+00 -0.37051946E+00 -0.14985520E+00 0.96445153E-01 0.33163614E+00 0.52633889E+00 0.66525054E+00 0.74595065E+00 0.77209157E+00 0.74595065E+00 0.66525054E+00 0.52633889E+00 0.33163614E+00 0.96445153E-01 -0.14985520E+00 -0.37051946E+00 -0.53342252E+00 -0.62165952E+00 -0.63694645E+00 -0.59524989E+00 -0.51864756E+00 -0.42802948E+00
-0.11298876E-01 -0.13708216E-01 -0.16620218E-01 -0.20044553E-01 -0.23957969E-01 -0.28296171E-01 -0.32952196E-01 -0.37787098E-01 -0.42660049E-01 -0.47484439E-01 -0.52313432E-01 -0.57451414E-01 -0.63577115E-01 -0.71851858E-01 -0.83976309E-01 -0.10215540E+00 -0.12893420E+00 -0.16687243E+00 -0.21802590E+00 -0.28320339E+00 -0.36100319E+00 -0.44675553E+00 -0.53173406E+00 -0.60327777E+00 -0.64653825E+00 -0.64812799E+00 -0.60087587E+00 -0.50766339E+00 -0.38200289E+00 -0.24446189E+00 -0.11657967E+00 -0.15494336E-01 0.48291021E-01 0.69970619E-01 0.48291021E-01 -0.15494336E-01 -0.11657967E+00 -0.24446189E+00 -0.38200289E+00 -0.50766339E+00 -0.60087587E+00 -0.64812799E+00 -0.64653825E+00 -0.60327777E+00 -0.53173406E+00 -0.44675553E+00 -0.36100319E+00
-0.11199729E-01 -0.13474593E-01 -0.16220430E-01 -0.19451208E-01 -0.23152962E-01 -0.27275567E-01 -0.31729080E-01 -0.36389361E-01 -0.41118832E-01 -0.45808178E-01 -0.50442722E-01 -0.55192172E-01 -0.60514272E-01 -0.67252881E-01 -0.76702108E-01 -0.90604135E-01 -0.11105138E+00 -0.14027204E+00 -0.18028634E+00 -0.23242761E+00 -0.29673855E+00 -0.37130432E+00 -0.45169277E+00 -0.53081249E+00 -0.59957054E+00 -0.64856234E+00 -0.67057687E+00 -0.66309633E+00 -0.62963585E+00 -0.57910860E+00 -0.52339871E+00 -0.47428759E+00 -0.44105407E+00 -0.42935458E+00 -0.44105407E+00 -0.47428759E+00 -0.52339871E+00 -0.57910860E+00 -0.62963585E+00 -0.66309633E+00 -0.67057687E+00 -0.64856234E+00 -0.59957054E+00 -0.53081249E+00 -0.45169277E+00 -0.37130432E+00 -0.29673855E+00
-0.11323616E-01 -0.13489595E-01 -0.16092585E-01 -0.19149016E-01 -0.22652260E-01 -0.26564706E-01 -0.30812796E-01 -0.35288876E-01 -0.39864434E-01 -0.44419752E-01 -0.48893614E-01 -0.53353267E-01 -0.58078812E-01 -0.63648336E-01 -0.71002505E-01 -0.81463031E-01 -0.96681027E-01 -0.11849906E+00 -0.14872151E+00 -0.18879820E+00 -0.23943700E+00 -0.30018271E+00 -0.36904363E+00 -0.44231050E+00 -0.51475670E+00 -0.58036531E+00 -0.63355011E+00 -0.67056315E+00 -0.69056611E+00 -0.69587841E+00 -0.69124870E+00 -0.68245023E+00 -0.67475739E+00 -0.67177074E+00 -0.67475739E+00 -0.68245023E+00 -0.69124870E+00 -0.69587841E+00 -0.69056611E+00 -0.67056315E+00 -0.63355011E+00 -0.58036531E+00 -0.51475670E+00 -0.44231050E+00 -0.36904363E+00 -0.30018271E+00 -0.23943700E+00
-0.11738265E-01 -0.13831038E-01 -0.16325025E-01 -0.19237021E-01 -0.22565377E-01 -0.26282666E-01 -0.30330156E-01 -0.34616992E-01 -0.39027737E-01 -0.43442374E-01 -0.47772140E-01 -0.52012228E-01 -0.56308157E-01 -0.61026651E-01 -0.66815673E-01 -0.74633939E-01 -0.85730327E-01 -0.10155917E+00 -0.12362730E+00 -0.15327959E+00 -0.19144003E+00 -0.23833513E+00 -0.29324404E+00 -0.35434324E+00 -0.41873404E+00 -0.48273079E+00 -0.54242078E+00 -0.59438939E+00 -0.63639170E+00 -0.66772161E+00 -0.68912913E+00 -0.70231955E+00 -0.70923370E+00 -0.71135506E+00 -0.70923370E+00 -0.70231955E+00 -0.68912913E+00 -0.66772161E+00 -0.63639170E+00 -0.59438939E+00 -0.54242078E+00 -0.48273079E+00 -0.41873404E+00 -0.35434324E+00 -0.29324404E+00 -0.23833513E+00 -0.19144003E+00
-0.12520013E-01 -0.14585548E-01 -0.17015006E-01 -0.19823280E-01 -0.23011047E-01 -0.26558268E-01 -0.30418663E-01 -0.34517179E-01 -0.38753519E-01 -0.43014774E-01 -0.47200203E-01 -0.51259549E-01 -0.55243407E-01 -0.59359859E-01 -0.64026759E-01 -0.69905112E-01 -0.77897995E-01 -0.89102661E-01 -0.10471092E+00 -0.12586253E+00 -0.15346541E+00 -0.18800441E+00 -0.22936595E+00 -0.27671533E+00 -0.32846639E+00 -0.38238380E+00 -0.43582915E+00 -0.48611832E+00 -0.53090322E+00 -0.56846409E+00 -0.59782134E+00 -0.61864263E+00 -0.63100116E+00 -0.63509005E+00 -0.63100116E+00 -0.61864263E+00 -0.59782134E+00 -0.56846409E+00 -0.53090322E+00 -0.48611832E+00 -0.43582915E+00 -0.38238380E+00 -0.32846639E+00 -0.27671533E+00 -0.22936595E+00 -0.18800441E+00 -0.15346541E+00
-0.13752547E-01 -0.15846731E-01 -0.18266204E-01 -0.21021635E-01 -0.24113256E-01 -0.27525371E-01 -0.31221148E-01 -0.35139304E-01 -0.39194901E-01 -0.43286725E-01 -0.47313680E-01 -0.51201646E-01 -0.54940348E-01 -0.58626786E-01 -0.62508211E-01 -0.67014359E-01 -0.72767139E-01 -0.80557317E-01 -0.91282604E-01 -0.10584881E+00 -0.12504368E+00 -0.14939937E+00 -0.17906367E+00 -0.21370186E+00 -0.25245178E+00 -0.29395018E+00 -0.33643974E+00 -0.37794547E+00 -0.41648811E+00 -0.45028528E+00 -0.47789336E+00 -0.49826453E+00 -0.51072628E+00 -0.51491750E+00 -0.51072628E+00 -0.49826453E+00 -0.47789336E+00 -0.45028528E+00 -0.41648811E+00 -0.37794547E+00 -0.33643974E+00 -0.29395018E+00 -0.25245178E+00 -0.21370186E+00 -0.17906367E+00 -0.14939937E+00 -0.12504368E+00
