Advanced/Day1/qtaim/urea/crystal/urea_cry_pl2d.SURFRHOO
DSAA
 161 161
-0.75589045E+01  0.75589045E+01  0.94486307E-01
-0.75589045E+01  0.75589045E+01  0.94486307E-01
 0.00000000E+00  0.00000000E+00
[rows 22 to 43 of 161, columns 96 to 143 of 161]
0.10594983E+00 0.84723470E-01 0.68140243E-01 0.55019915E-01 0.44496046E-01 0.35954074E-01 0.28965358E-01 0.23229513E-01 0.18529542E-01 0.14700090E-01 0.11607031E-01 0.91356811E-02 0.71848808E-02 0.56645756E-02 0.44951346E-02 0.36072808E-02 0.29420112E-02 0.24502487E-02 0.20921871E-02 0.18363985E-02 0.16588140E-02 0.15416833E-02 0.14725958E-02 0.14436232E-02 0.14506134E-02 0.14926508E-02 0.15716862E-02 0.16923302E-02 0.18618075E-02 0.20900662E-02 0.23900439E-02 0.27780931E-02 0.32745748E-02 0.39046303E-02 0.46991448E-02 0.56959128E-02 0.69410141E-02 0.84903991E-02 0.10411672E-01 0.12786040E-01 0.15710374E-01 0.19299285E-01 0.23687069E-01 0.29029287E-01 0.35503627E-01 0.43309484E-01 0.52665488E-01 0.63803887E-01
0.11055411E+00 0.88021760E-01 0.70537458E-01 0.56789032E-01 0.45817452E-01 0.36946205E-01 0.29706807E-01 0.23774075E-01 0.18915922E-01 0.14957817E-01 0.11759847E-01 0.92033660E-02 0.71841983E-02 0.56097679E-02 0.43982317E-02 0.34783489E-02 0.27893940E-02 0.22808102E-02 0.19115475E-02 0.16491501E-02 0.14687054E-02 0.13517642E-02 0.12853204E-02 0.12609109E-02 0.12738704E-02 0.13227545E-02 0.14089341E-02 0.15363568E-02 0.17114676E-02 0.19432884E-02 0.22436542E-02 0.26276161E-02 0.31140222E-02 0.37262964E-02 0.44934349E-02 0.54512429E-02 0.66438267E-02 0.81253436E-02 0.99619913E-02 0.12234178E-01 0.15038766E-01 0.18491213E-01 0.22727334E-01 0.27904301E-01 0.34200375E-01 0.41812717E-01 0.50952540E-01 0.61836825E-01
0.11392179E+00 0.90410679E-01 0.72258054E-01 0.58048696E-01 0.46751985E-01 0.37643894E-01 0.30225579E-01 0.24153074E-01 0.19182944E-01 0.15133825E-01 0.11861563E-01 0.92446671E-02 0.71768334E-02 0.55637335E-02 0.43219954E-02 0.33790243E-02 0.26729059E-02 0.21520611E-02 0.17745788E-02 0.15072897E-02 0.13246941E-02 0.12078542E-02 0.11433448E-02 0.11223228E-02 0.11397516E-02 0.11937962E-02 0.12853889E-02 0.14179621E-02 0.15973419E-02 0.18317983E-02 0.21322565E-02 0.25126778E-02 0.29906291E-02 0.35880640E-02 0.43323467E-02 0.52575461E-02 0.64060235E-02 0.78303205E-02 0.95953210E-02 0.11780614E-01 0.14482902E-01 0.17818217E-01 0.21923550E-01 0.26957399E-01 0.33098562E-01 0.40542470E-01 0.49494323E-01 0.60158563E-01
0.11576589E+00 0.91699642E-01 0.73173826E-01 0.58710649E-01 0.47236919E-01 0.38000837E-01 0.30486089E-01 0.24338084E-01 0.19307087E-01 0.15208049E-01 0.11894594E-01 0.92437966E-02 0.71483043E-02 0.55129317E-02 0.42535576E-02 0.32969183E-02 0.25805083E-02 0.20522363E-02 0.16697567E-02 0.13995379E-02 0.12157769E-02 0.10992777E-02 0.10363843E-02 0.10180322E-02 0.10389535E-02 0.10970529E-02 0.11929526E-02 0.13297038E-02 0.15126576E-02 0.17494920E-02 0.20504012E-02 0.24284578E-02 0.29001711E-02 0.34862692E-02 0.42127420E-02 0.51121790E-02 0.62254308E-02 0.76036028E-02 0.93103511E-02 0.11424391E-01 0.14042030E-01 0.17279423E-01 0.21274076E-01 0.26184977E-01 0.32190579E-01 0.39483842E-01 0.48263664E-01 0.58722527E-01
0.11589984E+00 0.91765695E-01 0.73202609E-01 0.58718662E-01 0.47232490E-01 0.37987772E-01 0.30465850E-01 0.24311056E-01 0.19273274E-01 0.15167431E-01 0.11847281E-01 0.91900696E-02 0.70886027E-02 0.54478222E-02 0.41837000E-02 0.32230376E-02 0.25033739E-02 0.19726467E-02 0.15885287E-02 0.13174955E-02 0.11337399E-02 0.10180472E-02 0.95672364E-03 0.94064186E-03 0.96443892E-03 0.10258818E-02 0.11254010E-02 0.12657881E-02 0.14520499E-02 0.16914185E-02 0.19935230E-02 0.23707366E-02 0.28387249E-02 0.34172274E-02 0.41311132E-02 0.50117493E-02 0.60987142E-02 0.74418656E-02 0.91037283E-02 0.11162096E-01 0.13712632E-01 0.16871114E-01 0.20774767E-01 0.25581977E-01 0.31469516E-01 0.38626421E-01 0.47243977E-01 0.57501913E-01
0.11426230E+00 0.90568184E-01 0.72316786E-01 0.58053376E-01 0.46724585E-01 0.37593916E-01 0.30156177E-01 0.24064600E-01 0.19074887E-01 0.15005787E-01 0.11713652E-01 0.90775862E-02 0.69918186E-02 0.53624402E-02 0.41063858E-02 0.31512755E-02 0.24353423E-02 0.19071053E-02 0.15247143E-02 0.12550271E-02 0.10725334E-02 0.95823938E-03 0.89860461E-03 0.88459360E-03 0.91087765E-03 0.97520072E-03 0.10779102E-02 0.12216479E-02 0.14111948E-02 0.16534700E-02 0.19576896E-02 0.23357026E-02 0.28025317E-02 0.33771526E-02 0.40835574E-02 0.49521422E-02 0.60214537E-02 0.73403020E-02 0.89702012E-02 0.10988015E-01 0.13488566E-01 0.16586808E-01 0.20418940E-01 0.25141674E-01 0.30928713E-01 0.37963575E-01 0.46428313E-01 0.56488588E-01
0.11092430E+00 0.88152582E-01 0.70545273E-01 0.56733246E-01 0.45725102E-01 0.36826991E-01 0.29562020E-01 0.23601713E-01 0.18713441E-01 0.14723441E-01 0.11493036E-01 0.89048367E-02 0.68557343E-02 0.52539798E-02 0.40183315E-02 0.30779722E-02 0.23724689E-02 0.18514640E-02 0.14740339E-02 0.12077845E-02 0.10277950E-02 0.91552416E-03 0.85776746E-03 0.84572770E-03 0.87423116E-03 0.94110379E-03 0.10467078E-02 0.11936338E-02 0.13865429E-02 0.16321598E-02 0.19394249E-02 0.23198224E-02 0.27879151E-02 0.33621228E-02 0.40657886E-02 0.49285774E-02 0.59882401E-02 0.72927487E-02 0.89027558E-02 0.10894243E-01 0.13361089E-01 0.16417117E-01 0.20196945E-01 0.24854784E-01 0.30560185E-01 0.37489890E-01 0.45815460E-01 0.55687481E-01
0.10607684E+00 0.84642632E-01 0.67968559E-01 0.54811384E-01 0.44269869E-01 0.35711789E-01 0.28700921E-01 0.22934963E-01 0.18197911E-01 0.14326647E-01 0.11189555E-01 0.86742352E-02 0.66813921E-02 0.51223864E-02 0.39186162E-02 0.30015342E-02 0.23126500E-02 0.18032427E-02 0.14337405E-02 0.11728421E-02 0.99649056E-03 0.88681307E-03 0.83111084E-03 0.82095904E-03 0.85144837E-03 0.92058077E-03 0.10288199E-02 0.11787915E-02 0.13751293E-02 0.16244680E-02 0.19355923E-02 0.23197617E-02 0.27912421E-02 0.33680821E-02 0.40731811E-02 0.49356925E-02 0.59927941E-02 0.72918282E-02 0.88927571E-02 0.10870784E-01 0.13318849E-01 0.16349513E-01 0.20095532E-01 0.24708176E-01 0.30352300E-01 0.37197316E-01 0.45403896E-01 0.55107498E-01
0.10000201E+00 0.80222575E-01 0.64707867E-01 0.52368918E-01 0.42414517E-01 0.34287517E-01 0.27601224E-01 0.22085214E-01 0.17543779E-01 0.13826843E-01 0.10811509E-01 0.83916061E-02 0.64726512E-02 0.49699652E-02 0.38083276E-02 0.29221081E-02 0.22553158E-02 0.17613359E-02 0.14023363E-02 0.11484211E-02 0.97664584E-03 0.87000069E-03 0.81644394E-03 0.80804225E-03 0.84024673E-03 0.91131676E-03 0.10218917E-02 0.11747059E-02 0.13744443E-02 0.16277393E-02 0.19433220E-02 0.23323459E-02 0.28089175E-02 0.33908716E-02 0.41008394E-02 0.49676521E-02 0.60281103E-02 0.73291193E-02 0.89301256E-02 0.10905695E-01 0.13347918E-01 0.16368139E-01 0.20097239E-01 0.24683545E-01 0.30287298E-01 0.37070889E-01 0.45184823E-01 0.54750722E-01
0.93034121E-01 0.75113319E-01 0.60910650E-01 0.49506135E-01 0.40228987E-01 0.32604309E-01 0.26299768E-01 0.21080045E-01 0.16771887E-01 0.13239786E-01 0.10370708E-01 0.80656518E-02 0.62357546E-02 0.48010204E-02 0.36902542E-02 0.28413105E-02 0.22011871E-02 0.17257884E-02 0.13793611E-02 0.11336884E-02 0.96715410E-03 0.86377953E-03 0.81231023E-03 0.80540562E-03 0.83895799E-03 0.91155187E-03 0.10240633E-02 0.11793952E-02 0.13823468E-02 0.16396196E-02 0.19599725E-02 0.23545483E-02 0.28374035E-02 0.34262838E-02 0.41436901E-02 0.50182803E-02 0.60866333E-02 0.73953722E-02 0.90035777E-02 0.10985319E-01 0.13431975E-01 0.16453816E-01 0.20180067E-01 0.24756468E-01 0.30339288E-01 0.37085019E-01 0.45135808E-01 0.54602115E-01
0.85518992E-01 0.69547337E-01 0.56735174E-01 0.46332981E-01 0.37791595E-01 0.30719422E-01 0.24839386E-01 0.19952024E-01 0.15907218E-01 0.12584659E-01 0.98818051E-02 0.77074415E-02 0.59789334E-02 0.46215438E-02 0.35686345E-02 0.27620195E-02 0.21520967E-02 0.16976357E-02 0.13652464E-02 0.11286190E-02 0.96764472E-03 0.86751456E-03 0.81786767E-03 0.81203801E-03 0.84642339E-03 0.91998641E-03 0.10338867E-02 0.11912413E-02 0.13970116E-02 0.16580209E-02 0.19831170E-02 0.23835011E-02 0.28732590E-02 0.34701347E-02 0.41965937E-02 0.50812191E-02 0.61604671E-02 0.74807757E-02 0.91009522E-02 0.11094663E-01 0.13552690E-01 0.16584404E-01 0.20317677E-01 0.24896227E-01 0.30473356E-01 0.37201337E-01 0.45216565E-01 0.54622072E-01
0.77778862E-01 0.63746670E-01 0.52336750E-01 0.42960386E-01 0.35183500E-01 0.28693637E-01 0.23266478E-01 0.18737045E-01 0.14977714E-01 0.11883227E-01 0.93616798E-02 0.73299657E-02 0.57120813E-02 0.44389752E-02 0.34489781E-02 0.26882378E-02 0.21108785E-02 0.16788102E-02 0.13612306E-02 0.11339163E-02 0.97840599E-03 0.88116764E-03 0.83281517E-03 0.82741833E-03 0.86192749E-03 0.93572081E-03 0.10502739E-02 0.12089485E-02 0.14168995E-02 0.16811071E-02 0.20105464E-02 0.24165206E-02 0.29131912E-02 0.35183490E-02 0.42544708E-02 0.51501057E-02 0.62416184E-02 0.75752793E-02 0.92096275E-02 0.11217928E-01 0.13690383E-01 0.16735557E-01 0.20480220E-01 0.25066627E-01 0.30646190E-01 0.37368813E-01 0.45368053E-01 0.54743703E-01
0.70087969E-01 0.57907069E-01 0.47857417E-01 0.39493516E-01 0.32484224E-01 0.26588231E-01 0.21628947E-01 0.17472881E-01 0.14013267E-01 0.11159123E-01 0.88289464E-02 0.69478002E-02 0.54465328E-02 0.42620614E-02 0.33379784E-02 0.26250390E-02 0.20813341E-02 0.16721163E-02 0.13693364E-02 0.11509878E-02 0.10003575E-02 0.90526620E-03 0.85735832E-03 0.85147983E-03 0.88516279E-03 0.95822270E-03 0.10724683E-02 0.12315213E-02 0.14407456E-02 0.17072938E-02 0.20402854E-02 0.24511422E-02 0.29541162E-02 0.35670529E-02 0.43124373E-02 0.52187644E-02 0.63222625E-02 0.76689593E-02 0.93170189E-02 0.11339171E-01 0.13824906E-01 0.16881888E-01 0.20635837E-01 0.25227878E-01 0.30808366E-01 0.37526435E-01 0.45515443E-01 0.54875856E-01
0.62660480E-01 0.52189425E-01 0.43419865E-01 0.36027458E-01 0.29768588E-01 0.24462797E-01 0.19974635E-01 0.16198088E-01 0.13044956E-01 0.10437346E-01 0.83036364E-02 0.65769273E-02 0.51949817E-02 0.41008392E-02 0.32435358E-02 0.25786117E-02 0.20682832E-02 0.16812794E-02 0.13924121E-02 0.11819762E-02 0.10350701E-02 0.94091282E-03 0.89221027E-03 0.88460438E-03 0.91622016E-03 0.98731586E-03 0.11000352E-02 0.12582593E-02 0.14675594E-02 0.17352583E-02 0.20706151E-02 0.24851614E-02 0.29932227E-02 0.36126691E-02 0.43659424E-02 0.52814021E-02 0.63950187E-02 0.77524055E-02 0.94111214E-02 0.11443073E-01 0.13936702E-01 0.16998438E-01 0.20752676E-01 0.25339348E-01 0.30908071E-01 0.37608172E-01 0.45574659E-01 0.54911614E-01
0.55649655E-01 0.46717988E-01 0.39125433E-01 0.32645354E-01 0.27105127E-01 0.22373978E-01 0.18350378E-01 0.14951335E-01 0.12104618E-01 0.97440189E-02 0.78071112E-02 0.62347559E-02 0.49715733E-02 0.39667705E-02 0.31749120E-02 0.25564164E-02 0.20777118E-02 0.17110766E-02 0.14342421E-02 0.12298479E-02 0.10848337E-02 0.98983454E-03 0.93862562E-03 0.92764430E-03 0.95560181E-03 0.10231879E-02 0.11328668E-02 0.12887626E-02 0.14966355E-02 0.17639571E-02 0.21001011E-02 0.25166759E-02 0.30280350E-02 0.36520078E-02 0.44108981E-02 0.53327940E-02 0.64532159E-02 0.78171001E-02 0.94810512E-02 0.11515708E-01 0.14007924E-01 0.17062272E-01 0.20801184E-01 0.25362821E-01 0.30895714E-01 0.37549452E-01 0.45461401E-01 0.54740762E-01
0.49155174E-01 0.41583757E-01 0.35055349E-01 0.29418575E-01 0.24555814E-01 0.20375088E-01 0.16801686E-01 0.13771216E-01 0.11224809E-01 0.91064830E-02 0.73622522E-02 0.59403816E-02 0.47922043E-02 0.38730558E-02 0.31430373E-02 0.25674715E-02 0.21170270E-02 0.17675568E-02 0.14997300E-02 0.12985414E-02 0.11527737E-02 0.10544716E-02 0.99846600E-03 0.98196958E-03 0.10042548E-02 0.10664140E-02 0.11712006E-02 0.13229482E-02 0.15275698E-02 0.17926466E-02 0.21276219E-02 0.25441263E-02 0.30564706E-02 0.36823486E-02 0.44437956E-02 0.53684473E-02 0.64911258E-02 0.78557529E-02 0.95175324E-02 0.11545257E-01 0.14023465E-01 0.17054001E-01 0.20756328E-01 0.25265756E-01 0.30728671E-01 0.37294029E-01 0.45100992E-01 0.54263783E-01
0.43235011E-01 0.36850962E-01 0.31274090E-01 0.26408362E-01 0.22176842E-01 0.18516514E-01 0.15373033E-01 0.12696565E-01 0.10439181E-01 0.85537466E-02 0.69939677E-02 0.57151220E-02 0.46750597E-02 0.38351506E-02 0.31609892E-02 0.26227828E-02 0.21954319E-02 0.18583585E-02 0.15951618E-02 0.13931793E-02 0.12430179E-02 0.11381061E-02 0.10742970E-02 0.10495395E-02 0.10636230E-02 0.11179952E-02 0.12156482E-02 0.13610729E-02 0.15602812E-02 0.18209064E-02 0.21523973E-02 0.25663326E-02 0.30768891E-02 0.37015072E-02 0.44617973E-02 0.53847312E-02 0.65041462E-02 0.78625644E-02 0.95132767E-02 0.11522561E-01 0.13971789E-01 0.16959012E-01 0.20599439E-01 0.25024032E-01 0.30375365E-01 0.36800008E-01 0.44437204E-01 0.53404632E-01
0.37918572E-01 0.32564743E-01 0.27833784E-01 0.23668357E-01 0.20020151E-01 0.16846770E-01 0.14108728E-01 0.11767274E-01 0.97833137E-02 0.81173387E-02 0.67300512E-02 0.55833576E-02 0.46414138E-02 0.38715068E-02 0.32446600E-02 0.27359300E-02 0.23244284E-02 0.19931308E-02 0.17285505E-02 0.15203449E-02 0.13609143E-02 0.12450294E-02 0.11695150E-02 0.11329971E-02 0.11357175E-02 0.11794096E-02 0.12672332E-02 0.14037637E-02 0.15950376E-02 0.18486635E-02 0.21740142E-02 0.25825247E-02 0.30881303E-02 0.37078845E-02 0.44628014E-02 0.53789626E-02 0.64889189E-02 0.78333902E-02 0.94632202E-02 0.11441472E-01 0.13845443E-01 0.16768242E-01 0.20319386E-01 0.24623745E-01 0.29818012E-01 0.36044014E-01 0.43438500E-01 0.52119936E-01
0.33218783E-01 0.28758602E-01 0.24778817E-01 0.21247559E-01 0.18135483E-01 0.15414101E-01 0.13054319E-01 0.11025625E-01 0.92960218E-02 0.78325863E-02 0.66024163E-02 0.55737031E-02 0.47167152E-02 0.40045550E-02 0.34136266E-02 0.29238191E-02 0.25184537E-02 0.21840617E-02 0.19100652E-02 0.16884243E-02 0.15132977E-02 0.13807472E-02 0.12885016E-02 0.12357844E-02 0.12232003E-02 0.12526745E-02 0.13274376E-02 0.14520522E-02 0.16324828E-02 0.18762161E-02 0.21924488E-02 0.25923654E-02 0.30895394E-02 0.37004956E-02 0.44454757E-02 0.53494461E-02 0.64433774E-02 0.77657994E-02 0.93645977E-02 0.11298949E-01 0.13641206E-01 0.16478407E-01 0.19912951E-01 0.24061822E-01 0.29053640E-01 0.35022857E-01 0.42100712E-01 0.50403162E-01
0.29141881E-01 0.25460833E-01 0.22150168E-01 0.19193424E-01 0.16572818E-01 0.14268577E-01 0.12258523E-01 0.10518143E-01 0.90211393E-02 0.77403342E-02 0.66487278E-02 0.57205231E-02 0.49319680E-02 0.42619362E-02 0.36922251E-02 0.32076008E-02 0.27956499E-02 0.24465084E-02 0.21525383E-02 0.19080054E-02 0.17087995E-02 0.15522151E-02 0.14368010E-02 0.13622731E-02 0.13294811E-02 0.13404160E-02 0.13982516E-02 0.15074115E-02 0.16736644E-02 0.19042550E-02 0.22080843E-02 0.25959648E-02 0.30809790E-02 0.36789779E-02 0.44092601E-02 0.52954674E-02 0.63667240E-02 0.76590273E-02 0.92168581E-02 0.11094925E-01 0.13359874E-01 0.16091691E-01 0.19384385E-01 0.23345430E-01 0.28093317E-01 0.33752591E-01 0.40445950E-01 0.48283428E-01
0.25694587E-01 0.22699662E-01 0.19989290E-01 0.17555014E-01 0.15385116E-01 0.13464637E-01 0.11775665E-01 0.10297950E-01 0.90097973E-02 0.78891124E-02 0.69144293E-02 0.60657942E-02 0.53254058E-02 0.46779758E-02 0.41108222E-02 0.36137442E-02 0.31787505E-02 0.27997159E-02 0.24720353E-02 0.21923229E-02 0.19581875E-02 0.17680946E-02 0.16213088E-02 0.15179033E-02 0.14588169E-02 0.14459414E-02 0.14822265E-02 0.15717939E-02 0.17200609E-02 0.19338822E-02 0.22217231E-02 0.25938872E-02 0.30628288E-02 0.36435814E-02 0.43543424E-02 0.52172453E-02 0.62593473E-02 0.75138382E-02 0.90214453E-02 0.10831961E-01 0.13005745E-01 0.15614974E-01 0.18744285E-01 0.22490353E-01 0.26959869E-01 0.32265335E-01 0.38518264E-01 0.45819679E-01
0.22888956E-01 0.20507239E-01 0.18341579E-01 0.16386187E-01 0.14631372E-01 0.13064071E-01 0.11668604E-01 0.10427622E-01 0.93231682E-02 0.83377304E-02 0.74551478E-02 0.66612875E-02 0.59444310E-02 0.52953697E-02 0.47072488E-02 0.41752289E-02 0.36960516E-02 0.32675905E-02 0.28884592E-02 0.25577196E-02 0.22747128E-02 0.20390091E-02 0.18504595E-02 0.17093181E-02 0.16164088E-02 0.15733072E-02 0.15825219E-02 0.16476637E-02 0.17736034E-02 0.19666255E-02 0.22345933E-02 0.25871488E-02 0.30359733E-02 0.35951426E-02 0.42816105E-02 0.51158526E-02 0.61226927E-02 0.73323210E-02 0.87814815E-02 0.10514765E-01 0.12585888E-01 0.15058752E-01 0.18007999E-01 0.21518680E-01 0.25684558E-01 0.30604579E-01 0.36377099E-01 0.43091704E-01
