Advanced/Day1/qtaim/urea/crystal/urea_cry_pl2d.SURFGRHO
DSAA
 161 161
-0.75589045E+01  0.75589045E+01  0.94486307E-01
-0.75589045E+01  0.75589045E+01  0.94486307E-01
 0.00000000E+00  0.00000000E+00
[rows 0 to 21 of 161, columns 96 to 143 of 161]
0.33165072E+00 0.33632135E+00 0.33912677E+00 0.34052375E+00 0.34101648E+00 0.34108591E+00 0.34111863E+00 0.34133959E+00 0.34176637E+00 0.34220245E+00 0.34227714E+00 0.34152821E+00 0.33952019E+00 0.33599914E+00 0.33109572E+00 0.32558331E+00 0.32116209E+00 0.32066564E+00 0.32789879E+00 0.34647437E+00 0.37727479E+00 0.41610767E+00 0.45448170E+00 0.48362599E+00 0.49757745E+00 0.49202543E+00 0.46289298E+00 0.40991227E+00 0.34054218E+00 0.26739040E+00 0.20161063E+00 0.14873290E+00 0.10891630E+00 0.79435607E-01 0.56988478E-01 0.38907094E-01 0.23432198E-01 0.95183704E-02 0.34627889E-02 0.15947658E-01 0.28329806E-01 0.41044092E-01 0.54644689E-01 0.69884818E-01 0.87803533E-01 0.10980927E+00 0.13774036E+00 0.17387060E+00
0.29455892E+00 0.29415579E+00 0.29278122E+00 0.29093646E+00 0.28906198E+00 0.28750184E+00 0.28648572E+00 0.28611550E+00 0.28635711E+00 0.28704452E+00 0.28790115E+00 0.28858124E+00 0.28873443E+00 0.28810315E+00 0.28666920E+00 0.28485665E+00 0.28375463E+00 0.28524693E+00 0.29183704E+00 0.30587581E+00 0.32807950E+00 0.35602494E+00 0.38401371E+00 0.40480636E+00 0.41192602E+00 0.40108685E+00 0.37109605E+00 0.32493105E+00 0.26965460E+00 0.21387412E+00 0.16430378E+00 0.12396605E+00 0.92643027E-01 0.68421374E-01 0.49086004E-01 0.32858543E-01 0.18581784E-01 0.59532092E-02 0.81925588E-02 0.20171209E-01 0.32566572E-01 0.45608829E-01 0.59892266E-01 0.76288738E-01 0.96031829E-01 0.12080991E+00 0.15283080E+00 0.19481182E+00
0.25699820E+00 0.25252888E+00 0.24777960E+00 0.24329546E+00 0.23948130E+00 0.23659077E+00 0.23474451E+00 0.23395349E+00 0.23413725E+00 0.23513661E+00 0.23672458E+00 0.23862147E+00 0.24052238E+00 0.24215005E+00 0.24334874E+00 0.24422583E+00 0.24531269E+00 0.24765653E+00 0.25269898E+00 0.26179695E+00 0.27537366E+00 0.29202576E+00 0.30824057E+00 0.31916343E+00 0.32011918E+00 0.30816238E+00 0.28314270E+00 0.24796395E+00 0.20769878E+00 0.16773655E+00 0.13198100E+00 0.10209335E+00 0.77873403E-01 0.58161461E-01 0.41637242E-01 0.27266708E-01 0.14570731E-01 0.61202980E-02 0.13069896E-01 0.24529909E-01 0.36829544E-01 0.50119326E-01 0.65028654E-01 0.82546514E-01 0.10410299E+00 0.13166943E+00 0.16782316E+00 0.21571229E+00
0.22146108E+00 0.21395027E+00 0.20669796E+00 0.20026924E+00 0.19503798E+00 0.19119209E+00 0.18877350E+00 0.18772401E+00 0.18792047E+00 0.18919422E+00 0.19133752E+00 0.19410419E+00 0.19721503E+00 0.20038066E+00 0.20335495E+00 0.20602453E+00 0.20851662E+00 0.21126834E+00 0.21496678E+00 0.22028040E+00 0.22739181E+00 0.23550512E+00 0.24264628E+00 0.24602347E+00 0.24290777E+00 0.23166335E+00 0.21245174E+00 0.18725969E+00 0.15918953E+00 0.13134922E+00 0.10592694E+00 0.83860696E-01 0.65077687E-01 0.48985226E-01 0.34914481E-01 0.22442548E-01 0.12075888E-01 0.94634775E-02 0.17711543E-01 0.28761942E-01 0.40935500E-01 0.54416107E-01 0.69885018E-01 0.88448000E-01 0.11172520E+00 0.14195847E+00 0.18207227E+00 0.23560346E+00
0.18964397E+00 0.17993566E+00 0.17093237E+00 0.16318275E+00 0.15701890E+00 0.15257050E+00 0.14981524E+00 0.14863658E+00 0.14886929E+00 0.15032458E+00 0.15279591E+00 0.15605333E+00 0.15983711E+00 0.16386245E+00 0.16784550E+00 0.17155499E+00 0.17487991E+00 0.17788099E+00 0.18077425E+00 0.18380119E+00 0.18699172E+00 0.18991111E+00 0.19155036E+00 0.19049873E+00 0.18539817E+00 0.17549562E+00 0.16101333E+00 0.14312906E+00 0.12356527E+00 0.10400744E+00 0.85649641E-01 0.69044511E-01 0.54229833E-01 0.40982833E-01 0.29084256E-01 0.18677881E-01 0.11628099E-01 0.13418241E-01 0.21968508E-01 0.32687902E-01 0.44727958E-01 0.58347543E-01 0.74290284E-01 0.93771809E-01 0.11858412E+00 0.15120960E+00 0.19487423E+00 0.25343495E+00
0.16259108E+00 0.15125248E+00 0.14102143E+00 0.13239309E+00 0.12564293E+00 0.12084280E+00 0.11791219E+00 0.11668010E+00 0.11693715E+00 0.11846634E+00 0.12105125E+00 0.12446884E+00 0.12847760E+00 0.13281185E+00 0.13719038E+00 0.14134314E+00 0.14505115E+00 0.14818293E+00 0.15070035E+00 0.15260860E+00 0.15385083E+00 0.15419003E+00 0.15315513E+00 0.15011820E+00 0.14450470E+00 0.13605016E+00 0.12496729E+00 0.11192390E+00 0.97838329E-01 0.83602669E-01 0.69871716E-01 0.56994666E-01 0.45078164E-01 0.34126209E-01 0.24252355E-01 0.16208287E-01 0.12897337E-01 0.17168945E-01 0.25740415E-01 0.36178364E-01 0.48077738E-01 0.61777930E-01 0.78083659E-01 0.98303975E-01 0.12437178E+00 0.15896275E+00 0.20553800E+00 0.26818613E+00
0.14084809E+00 0.12817846E+00 0.11699371E+00 0.10770841E+00 0.10053331E+00 0.95486360E-01 0.92435546E-01 0.91157981E-01 0.91396562E-01 0.92898096E-01 0.95427044E-01 0.98759996E-01 0.10267158E+00 0.10692250E+00 0.11125730E+00 0.11541515E+00 0.11915161E+00 0.12226307E+00 0.12460018E+00 0.12605698E+00 0.12653330E+00 0.12588757E+00 0.12391349E+00 0.12037052E+00 0.11507007E+00 0.10798003E+00 0.99289439E-01 0.89391013E-01 0.78786594E-01 0.67963799E-01 0.57302998E-01 0.47048899E-01 0.37348963E-01 0.28358362E-01 0.20486093E-01 0.15080180E-01 0.14968325E-01 0.20472758E-01 0.28958019E-01 0.39141605E-01 0.50884527E-01 0.64595274E-01 0.81127683E-01 0.10185839E+00 0.12881869E+00 0.16481581E+00 0.21346371E+00 0.27898375E+00
0.12456881E+00 0.11068979E+00 0.98633161E-01 0.88719881E-01 0.81100273E-01 0.75754645E-01 0.72517028E-01 0.71121945E-01 0.71262961E-01 0.72641880E-01 0.74993198E-01 0.78083795E-01 0.81698565E-01 0.85624128E-01 0.89639005E-01 0.93513940E-01 0.97021838E-01 0.99953046E-01 0.10212894E+00 0.10340665E+00 0.10367196E+00 0.10282585E+00 0.10077701E+00 0.97452651E-01 0.92828800E-01 0.86966117E-01 0.80028779E-01 0.72270715E-01 0.63991966E-01 0.55485135E-01 0.46996666E-01 0.38720609E-01 0.30837275E-01 0.23630020E-01 0.17797345E-01 0.15033002E-01 0.17148198E-01 0.23234104E-01 0.31579751E-01 0.41518682E-01 0.53078593E-01 0.66717992E-01 0.83320116E-01 0.10429603E+00 0.13172431E+00 0.16847205E+00 0.21821460E+00 0.28520536E+00
0.11356807E+00 0.98547337E-01 0.85616044E-01 0.74995022E-01 0.66783943E-01 0.60953065E-01 0.57338674E-01 0.55660767E-01 0.55572888E-01 0.56725022E-01 0.58807853E-01 0.61564656E-01 0.64779518E-01 0.68257674E-01 0.71809405E-01 0.75242575E-01 0.78364222E-01 0.80988750E-01 0.82948621E-01 0.84103228E-01 0.84343241E-01 0.83590978E-01 0.81800492E-01 0.78961475E-01 0.75107679E-01 0.70325309E-01 0.64753943E-01 0.58575125E-01 0.51990579E-01 0.45198729E-01 0.38381251E-01 0.31712442E-01 0.25412107E-01 0.19894346E-01 0.16098328E-01 0.15610501E-01 0.19087341E-01 0.25417799E-01 0.33589909E-01 0.43280742E-01 0.54621724E-01 0.68099616E-01 0.84602922E-01 0.10553979E+00 0.13298067E+00 0.16977650E+00 0.21957028E+00 0.28655144E+00
0.10736914E+00 0.91303487E-01 0.77514673E-01 0.66110894E-01 0.57136730E-01 0.50569490E-01 0.46292361E-01 0.44066357E-01 0.43542581E-01 0.44326329E-01 0.46051018E-01 0.48416927E-01 0.51189879E-01 0.54180235E-01 0.57220784E-01 0.60152207E-01 0.62817762E-01 0.65065486E-01 0.66754944E-01 0.67765376E-01 0.68002757E-01 0.67404679E-01 0.65943331E-01 0.63627471E-01 0.60503572E-01 0.56654951E-01 0.52197031E-01 0.47267975E-01 0.42016621E-01 0.36592610E-01 0.31146567E-01 0.25853210E-01 0.20984196E-01 0.17081052E-01 0.15181335E-01 0.16394226E-01 0.20635290E-01 0.27024301E-01 0.34996448E-01 0.44426499E-01 0.55506754E-01 0.68730744E-01 0.84966921E-01 0.10558265E+00 0.13258514E+00 0.16873493E+00 0.21755296E+00 0.28307690E+00
0.10531146E+00 0.88312307E-01 0.73732993E-01 0.61551666E-01 0.51731871E-01 0.44236385E-01 0.39005767E-01 0.35900061E-01 0.34644705E-01 0.34847424E-01 0.36087831E-01 0.38002731E-01 0.40315315E-01 0.42820847E-01 0.45359593E-01 0.47794719E-01 0.49999924E-01 0.51855797E-01 0.53252144E-01 0.54093462E-01 0.54305158E-01 0.53838865E-01 0.52675996E-01 0.50829227E-01 0.48341791E-01 0.45284407E-01 0.41749847E-01 0.37845824E-01 0.33688300E-01 0.29399286E-01 0.25116564E-01 0.21029840E-01 0.17470847E-01 0.15071736E-01 0.14768485E-01 0.17112113E-01 0.21742500E-01 0.28078982E-01 0.35827957E-01 0.44979067E-01 0.55755331E-01 0.68637862E-01 0.84451417E-01 0.10448767E+00 0.13064042E+00 0.16551273E+00 0.21242323E+00 0.27517999E+00
0.10672105E+00 0.88822997E-01 0.73505748E-01 0.60605423E-01 0.49977812E-01 0.41524418E-01 0.35192340E-01 0.30932061E-01 0.28610221E-01 0.27936137E-01 0.28492740E-01 0.29853660E-01 0.31673657E-01 0.33705473E-01 0.35775427E-01 0.37753775E-01 0.39534047E-01 0.41022684E-01 0.42136313E-01 0.42803629E-01 0.42969342E-01 0.42598292E-01 0.41678484E-01 0.40222318E-01 0.38265734E-01 0.35865357E-01 0.33094148E-01 0.30036744E-01 0.26786790E-01 0.23450489E-01 0.20164447E-01 0.17142958E-01 0.14772157E-01 0.13696947E-01 0.14598997E-01 0.17623821E-01 0.22412698E-01 0.28625277E-01 0.36129934E-01 0.44981980E-01 0.55414016E-01 0.67879208E-01 0.83138947E-01 0.10238027E+00 0.12734209E+00 0.16041465E+00 0.20464778E+00 0.26355336E+00
0.11106290E+00 0.92133029E-01 0.76025207E-01 0.62423983E-01 0.51063045E-01 0.41750839E-01 0.34378451E-01 0.28904985E-01 0.25301435E-01 0.23446423E-01 0.23044596E-01 0.23673616E-01 0.24919579E-01 0.26464825E-01 0.28093596E-01 0.29662010E-01 0.31068471E-01 0.32234887E-01 0.33097665E-01 0.33605169E-01 0.33718649E-01 0.33414450E-01 0.32686017E-01 0.31544786E-01 0.30019589E-01 0.28154661E-01 0.26006879E-01 0.23643582E-01 0.21143467E-01 0.18605202E-01 0.16172269E-01 0.14086269E-01 0.12761834E-01 0.12763169E-01 0.14484714E-01 0.17875790E-01 0.22679129E-01 0.28719192E-01 0.35960640E-01 0.44494595E-01 0.54549076E-01 0.66538278E-01 0.81146124E-01 0.99434150E-01 0.12295630E+00 0.15384957E+00 0.19484541E+00 0.24910621E+00
0.11800107E+00 0.97700663E-01 0.80598618E-01 0.66208713E-01 0.54128533E-01 0.44059521E-01 0.35808211E-01 0.29276443E-01 0.24436398E-01 0.21269586E-01 0.19660635E-01 0.19319506E-01 0.19838978E-01 0.20833388E-01 0.22018364E-01 0.23209124E-01 0.24288984E-01 0.25181387E-01 0.25832863E-01 0.26204807E-01 0.26270630E-01 0.26015568E-01 0.25437329E-01 0.24546488E-01 0.23366126E-01 0.21930753E-01 0.20285141E-01 0.18484485E-01 0.16598583E-01 0.14724926E-01 0.13018374E-01 0.11741061E-01 0.11293110E-01 0.12093289E-01 0.14316535E-01 0.17865395E-01 0.22591327E-01 0.28424563E-01 0.35386870E-01 0.43587232E-01 0.53240569E-01 0.64715935E-01 0.78612085E-01 0.95853399E-01 0.11779156E+00 0.14628648E+00 0.18372047E+00 0.23286908E+00
0.12736486E+00 0.10516342E+00 0.86719889E-01 0.71342462E-01 0.58466597E-01 0.47670637E-01 0.38666323E-01 0.31278785E-01 0.25423699E-01 0.21076791E-01 0.18215309E-01 0.16722526E-01 0.16322699E-01 0.16640796E-01 0.17330716E-01 0.18144182E-01 0.18925628E-01 0.19582210E-01 0.20058272E-01 0.20319884E-01 0.20347100E-01 0.20130700E-01 0.19671117E-01 0.18978089E-01 0.18070364E-01 0.16975385E-01 0.15729535E-01 0.14380418E-01 0.12993946E-01 0.11670886E-01 0.10577397E-01 0.99791157E-02 0.10216891E-01 0.11554421E-01 0.14046041E-01 0.17618002E-01 0.22206917E-01 0.27809013E-01 0.34479989E-01 0.42336461E-01 0.51576360E-01 0.62522138E-01 0.75686204E-01 0.91853479E-01 0.11216902E+00 0.13820838E+00 0.17199344E+00 0.21589372E+00
0.13906407E+00 0.11428652E+00 0.94047303E-01 0.77400779E-01 0.63581102E-01 0.52016580E-01 0.42310115E-01 0.34205336E-01 0.27551857E-01 0.22275049E-01 0.18344429E-01 0.15722495E-01 0.14287153E-01 0.13783474E-01 0.13879135E-01 0.14273592E-01 0.14755092E-01 0.15194732E-01 0.15519681E-01 0.15690505E-01 0.15687290E-01 0.15502371E-01 0.15136935E-01 0.14599580E-01 0.13905814E-01 0.13078262E-01 0.12148092E-01 0.11159097E-01 0.10177125E-01 0.93082575E-02 0.87243574E-02 0.86710659E-02 0.94028502E-02 0.11063462E-01 0.13663934E-01 0.17173031E-01 0.21586227E-01 0.26940634E-01 0.33312467E-01 0.40820889E-01 0.49646607E-01 0.60068219E-01 0.72516567E-01 0.87643427E-01 0.10639471E+00 0.13006978E+00 0.16033700E+00 0.19915988E+00
0.15299487E+00 0.12488674E+00 0.10233898E+00 0.84096417E-01 0.69144554E-01 0.56726317E-01 0.46313665E-01 0.37559554E-01 0.30247855E-01 0.24251208E-01 0.19498952E-01 0.15948142E-01 0.13542412E-01 0.12154185E-01 0.11552841E-01 0.11452465E-01 0.11599098E-01 0.11815908E-01 0.11997555E-01 0.12087307E-01 0.12057476E-01 0.11897221E-01 0.11606032E-01 0.11190646E-01 0.10663974E-01 0.10045544E-01 0.93638115E-02 0.86616621E-02 0.80072437E-02 0.75109764E-02 0.73397725E-02 0.76977362E-02 0.87527470E-02 0.10578135E-01 0.13183308E-01 0.16575549E-01 0.20788692E-01 0.25885441E-01 0.31955088E-01 0.39117654E-01 0.47539126E-01 0.57460347E-01 0.69240270E-01 0.83410990E-01 0.10073669E+00 0.12226163E+00 0.14932344E+00 0.18349766E+00
0.16895774E+00 0.13676074E+00 0.11138648E+00 0.91214240E-01 0.74931865E-01 0.61558746E-01 0.50409587E-01 0.41032048E-01 0.33140403E-01 0.26558316E-01 0.21176221E-01 0.16922109E-01 0.13737953E-01 0.11549345E-01 0.10225705E-01 0.95617913E-02 0.93167738E-02 0.92806329E-02 0.93083429E-02 0.93147961E-02 0.92558625E-02 0.91119976E-02 0.88779631E-02 0.85574413E-02 0.81609175E-02 0.77059928E-02 0.72202420E-02 0.67475826E-02 0.63590798E-02 0.61652538E-02 0.63151077E-02 0.69602968E-02 0.82022905E-02 0.10084057E-01 0.12628485E-01 0.15871255E-01 0.19870539E-01 0.24705545E-01 0.30474835E-01 0.37299739E-01 0.45335819E-01 0.54794553E-01 0.65976139E-01 0.79311613E-01 0.95408152E-01 0.11508564E+00 0.13938602E+00 0.16952991E+00
0.18659600E+00 0.14962967E+00 0.12096274E+00 0.98559851E-01 0.80766874E-01 0.66344360E-01 0.54424230E-01 0.44432692E-01 0.36006963E-01 0.28921951E-01 0.23034415E-01 0.18245518E-01 0.14477762E-01 0.11658219E-01 0.96981745E-02 0.84677109E-02 0.77866212E-02 0.74550972E-02 0.73023200E-02 0.72111538E-02 0.71135644E-02 0.69753560E-02 0.67829502E-02 0.65352810E-02 0.62401036E-02 0.59137519E-02 0.55840998E-02 0.52969719E-02 0.51249498E-02 0.51717589E-02 0.55578516E-02 0.63852223E-02 0.77151795E-02 0.95835182E-02 0.12028122E-01 0.15103574E-01 0.18883381E-01 0.23457952E-01 0.28933432E-01 0.35434075E-01 0.43110198E-01 0.52153427E-01 0.62820120E-01 0.75461713E-01 0.90557277E-01 0.10873891E+00 0.13079563E+00 0.15763693E+00
0.20535826E+00 0.16310381E+00 0.13078811E+00 0.10592588E+00 0.86487384E-01 0.70946985E-01 0.58233494E-01 0.47637942E-01 0.38712775E-01 0.31181924E-01 0.24870986E-01 0.19659467E-01 0.15452149E-01 0.12163652E-01 0.97084426E-02 0.79886388E-02 0.68789401E-02 0.62232235E-02 0.58577076E-02 0.56453331E-02 0.54928412E-02 0.53466839E-02 0.51811284E-02 0.49882160E-02 0.47722232E-02 0.45484034E-02 0.43454386E-02 0.42106894E-02 0.42147589E-02 0.44468714E-02 0.49947645E-02 0.59232219E-02 0.72746841E-02 0.90874834E-02 0.11411151E-01 0.14312070E-01 0.17873459E-01 0.22193863E-01 0.27386427E-01 0.33580360E-01 0.40925962E-01 0.49604462E-01 0.59843365E-01 0.71936370E-01 0.86264276E-01 0.10330963E+00 0.12365419E+00 0.14794539E+00
0.22448896E+00 0.17666937E+00 0.14051478E+00 0.11307456E+00 0.91925873E-01 0.75242015E-01 0.61737273E-01 0.50559371E-01 0.41170928E-01 0.33242792E-01 0.26570163E-01 0.21014164E-01 0.16466130E-01 0.12829041E-01 0.10009442E-01 0.79130540E-02 0.64384588E-02 0.54687008E-02 0.48706696E-02 0.45117738E-02 0.42835528E-02 0.41131370E-02 0.39598759E-02 0.38066500E-02 0.36531394E-02 0.35132312E-02 0.34161238E-02 0.34088276E-02 0.35548211E-02 0.39231032E-02 0.45721139E-02 0.55443340E-02 0.68760863E-02 0.86104348E-02 0.10804500E-01 0.13531635E-01 0.16881282E-01 0.20958297E-01 0.25882686E-01 0.31790470E-01 0.38836493E-01 0.47199940E-01 0.57092945E-01 0.68771485E-01 0.82545795E-01 0.98784852E-01 0.11790685E+00 0.14034596E+00
0.24305171E+00 0.18969925E+00 0.14972936E+00 0.11973476E+00 0.96902597E-01 0.79106424E-01 0.64846424E-01 0.53126869E-01 0.43320209E-01 0.35044188E-01 0.28064416E-01 0.22225599E-01 0.17408705E-01 0.13508212E-01 0.10422752E-01 0.80528311E-02 0.63002916E-02 0.50656602E-02 0.42435797E-02 0.37229918E-02 0.33984070E-02 0.31857539E-02 0.30301925E-02 0.29039515E-02 0.28008309E-02 0.27325051E-02 0.27272571E-02 0.28281215E-02 0.30860129E-02 0.35484522E-02 0.42530788E-02 0.52319735E-02 0.65210499E-02 0.81672094E-02 0.10231830E-01 0.12792099E-01 0.15941474E-01 0.19789917E-01 0.24464161E-01 0.30108319E-01 0.36885133E-01 0.44978177E-01 0.54594966E-01 0.65970146E-01 0.79366558E-01 0.95070233E-01 0.11337375E+00 0.13454178E+00
