Advanced/Day1/qtaim/urea/crystal/urea_cry_pl2d.SURFRHOO
DSAA
 161 161
-0.75589045E+01  0.75589045E+01  0.94486307E-01
-0.75589045E+01  0.75589045E+01  0.94486307E-01
 0.00000000E+00  0.00000000E+00
[rows 132 to 153 of 161, columns 0 to 47 of 161]
0.53405111E+00 0.58618150E+00 0.57218695E+00 0.50030562E+00 0.40744817E+00 0.32597839E+00 0.26687138E+00 0.22630263E+00 0.19704650E+00 0.17380883E+00 0.15371025E+00 0.13542491E+00 0.11845337E+00 0.10269211E+00 0.88195522E-01 0.75052491E-01 0.63328338E-01 0.53040893E-01 0.44154812E-01 0.36587153E-01 0.30219653E-01 0.24913556E-01 0.20523535E-01 0.16908659E-01 0.13939721E-01 0.11503173E-01 0.95024201E-02 0.78572947E-02 0.65024717E-02 0.53853857E-02 0.44640474E-02 0.37049982E-02 0.30815265E-02 0.25721934E-02 0.21596675E-02 0.18298367E-02 0.15711577E-02 0.13741963E-02 0.12313176E-02 0.11364928E-02 0.10851951E-02 0.10743698E-02 0.11024691E-02 0.11695507E-02 0.12774416E-02 0.14299715E-02 0.16332774E-02 0.18961747E-02
0.35045304E+00 0.36792210E+00 0.36331016E+00 0.33867670E+00 0.30370358E+00 0.26811465E+00 0.23680781E+00 0.21038328E+00 0.18767106E+00 0.16740218E+00 0.14873736E+00 0.13126718E+00 0.11487743E+00 0.99612916E-01 0.85576230E-01 0.72865693E-01 0.61542512E-01 0.51616864E-01 0.43046742E-01 0.35745690E-01 0.29595674E-01 0.24461367E-01 0.20203016E-01 0.16686273E-01 0.13788601E-01 0.11402609E-01 0.94370143E-02 0.78160100E-02 0.64777069E-02 0.53721547E-02 0.44592937E-02 0.37070477E-02 0.30896680E-02 0.25863686E-02 0.21802495E-02 0.18574776E-02 0.16066857E-02 0.14185457E-02 0.12854763E-02 0.12014522E-02 0.11618905E-02 0.11635967E-02 0.12047644E-02 0.12850248E-02 0.14055508E-02 0.15692203E-02 0.17808434E-02 0.20474536E-02
0.27797992E+00 0.28550036E+00 0.28354925E+00 0.27269573E+00 0.25575934E+00 0.23601869E+00 0.21577660E+00 0.19610313E+00 0.17727805E+00 0.15927398E+00 0.14203670E+00 0.12558737E+00 0.11002426E+00 0.95485327E-01 0.82107752E-01 0.69998277E-01 0.59216034E-01 0.49766393E-01 0.41603953E-01 0.34642221E-01 0.28766772E-01 0.23848781E-01 0.19756704E-01 0.16364954E-01 0.13559426E-01 0.11240279E-01 0.93226333E-02 0.77358877E-02 0.64222375E-02 0.53348421E-02 0.44359476E-02 0.36951473E-02 0.30878769E-02 0.25941784E-02 0.21977268E-02 0.18850913E-02 0.16451925E-02 0.14689143E-02 0.13488333E-02 0.12790328E-02 0.12549791E-02 0.12734445E-02 0.13324671E-02 0.14313494E-02 0.15706978E-02 0.17525108E-02 0.19803258E-02 0.22594277E-02
0.23993230E+00 0.24427261E+00 0.24316054E+00 0.23679309E+00 0.22619840E+00 0.21274344E+00 0.19764797E+00 0.18176906E+00 0.16563245E+00 0.14956186E+00 0.13379478E+00 0.11854518E+00 0.10401967E+00 0.90408535E-01 0.77869562E-01 0.66514196E-01 0.56399756E-01 0.47528962E-01 0.39856180E-01 0.33298376E-01 0.27748088E-01 0.23085940E-01 0.19191032E-01 0.15948492E-01 0.13254183E-01 0.11017002E-01 0.91593939E-02 0.76166711E-02 0.63356568E-02 0.52730389E-02 0.43936923E-02 0.36691325E-02 0.30761819E-02 0.25958781E-02 0.22126157E-02 0.19134984E-02 0.16878608E-02 0.15269247E-02 0.14235531E-02 0.13720707E-02 0.13681309E-02 0.14086115E-02 0.14915328E-02 0.16159977E-02 0.17821596E-02 0.19912281E-02 0.22455271E-02 0.25486167E-02
0.21264801E+00 0.21569064E+00 0.21491633E+00 0.21041293E+00 0.20265759E+00 0.19234908E+00 0.18021500E+00 0.16688853E+00 0.15287531E+00 0.13857652E+00 0.12432508E+00 0.11041005E+00 0.97084189E-01 0.84560404E-01 0.73003965E-01 0.62525976E-01 0.53181176E-01 0.44971266E-01 0.37853182E-01 0.31750470E-01 0.26565542E-01 0.22190918E-01 0.18518304E-01 0.15445053E-01 0.12878141E-01 0.10736084E-01 0.89493147E-02 0.74595727E-02 0.62187075E-02 0.51872474E-02 0.43329456E-02 0.36294444E-02 0.30551261E-02 0.25921770E-02 0.22258545E-02 0.19439360E-02 0.17363117E-02 0.15946897E-02 0.15123765E-02 0.14841061E-02 0.15058953E-02 0.15749090E-02 0.16893302E-02 0.18482319E-02 0.20514615E-02 0.22995514E-02 0.25936749E-02 0.29356716E-02
0.18922303E+00 0.19157601E+00 0.19097932E+00 0.18748052E+00 0.18134517E+00 0.17298920E+00 0.16289281E+00 0.15153252E+00 0.13934618E+00 0.12672431E+00 0.11401298E+00 0.10151670E+00 0.89497264E-01 0.78169053E-01 0.67693802E-01 0.58177513E-01 0.49671444E-01 0.42177593E-01 0.35657758E-01 0.30044515E-01 0.25252308E-01 0.21187277E-01 0.17755014E-01 0.14866029E-01 0.12439086E-01 0.10402804E-01 0.86959783E-02 0.72670555E-02 0.60731407E-02 0.50787925E-02 0.42548066E-02 0.35770992E-02 0.30257515E-02 0.25842344E-02 0.22388077E-02 0.19780694E-02 0.17926250E-02 0.16748432E-02 0.16186663E-02 0.16194476E-02 0.16737927E-02 0.17793902E-02 0.19348217E-02 0.21393536E-02 0.23927192E-02 0.26949131E-02 0.30460262E-02 0.34461557E-02
0.16761684E+00 0.16952190E+00 0.16903972E+00 0.16619987E+00 0.16117098E+00 0.15422997E+00 0.14571967E+00 0.13600967E+00 0.12546848E+00 0.11444703E+00 0.10326915E+00 0.92224489E-01 0.81561866E-01 0.71483081E-01 0.62138427E-01 0.53625390E-01 0.45991270E-01 0.39239449E-01 0.33338249E-01 0.28230874E-01 0.23845064E-01 0.20101445E-01 0.16920034E-01 0.14224805E-01 0.11946474E-01 0.10023854E-01 0.84041542E-02 0.70425830E-02 0.59015528E-02 0.49497164E-02 0.41609877E-02 0.35136459E-02 0.29895740E-02 0.25736467E-02 0.22532625E-02 0.20179971E-02 0.18593512E-02 0.17705606E-02 0.17464377E-02 0.17832175E-02 0.18783823E-02 0.20304492E-02 0.22387083E-02 0.25029129E-02 0.28229348E-02 0.31984121E-02 0.36284312E-02 0.41112941E-02
0.14730339E+00 0.14887450E+00 0.14847725E+00 0.14613202E+00 0.14195648E+00 0.13615007E+00 0.12897102E+00 0.12071214E+00 0.11167981E+00 0.10217721E+00 0.92491231E-01 0.82881663E-01 0.73572305E-01 0.64744156E-01 0.56531533E-01 0.49021690E-01 0.42257999E-01 0.36246064E-01 0.30961676E-01 0.26359368E-01 0.22380524E-01 0.18960288E-01 0.16032927E-01 0.13535590E-01 0.11410633E-01 0.96067815E-02 0.80794265E-02 0.67903669E-02 0.57072151E-02 0.48026639E-02 0.40537386E-02 0.34411160E-02 0.29485513E-02 0.25624271E-02 0.22714168E-02 0.20662436E-02 0.19395091E-02 0.18855600E-02 0.19003640E-02 0.19813641E-02 0.21272839E-02 0.23378616E-02 0.26134993E-02 0.29548252E-02 0.33621856E-02 0.38351036E-02 0.43717619E-02 0.49685853E-02
0.12829219E+00 0.12959203E+00 0.12926357E+00 0.12732177E+00 0.12385382E+00 0.11901045E+00 0.11299208E+00 0.10603290E+00 0.98384837E-01 0.90302877E-01 0.82031981E-01 0.73795877E-01 0.65787986E-01 0.58165000E-01 0.51043597E-01 0.44500495E-01 0.38575515E-01 0.33276966E-01 0.28588346E-01 0.24475392E-01 0.20892667E-01 0.17789145E-01 0.15112552E-01 0.12812433E-01 0.10842076E-01 0.91595159E-02 0.77278569E-02 0.65151332E-02 0.54939107E-02 0.46407682E-02 0.39357661E-02 0.33619670E-02 0.29050427E-02 0.25529766E-02 0.22958568E-02 0.21257407E-02 0.20365657E-02 0.20240778E-02 0.20857451E-02 0.22206217E-02 0.24291299E-02 0.27127306E-02 0.30734609E-02 0.35133340E-02 0.40336207E-02 0.46340589E-02 0.53120733E-02 0.60621106E-02
0.11077069E+00 0.11184049E+00 0.11157025E+00 0.10997134E+00 0.10711041E+00 0.10310392E+00 0.98109209E-01 0.92313212E-01 0.85920260E-01 0.79139848E-01 0.72175155E-01 0.65212941E-01 0.58415452E-01 0.51914853E-01 0.45810537E-01 0.40169269E-01 0.35027790E-01 0.30397203E-01 0.26268338E-01 0.22617336E-01 0.19410845E-01 0.16610437E-01 0.14176058E-01 0.12068494E-01 0.10250962E-01 0.86899805E-02 0.73557067E-02 0.62219195E-02 0.52657870E-02 0.44675437E-02 0.38101553E-02 0.32790244E-02 0.28617640E-02 0.25480467E-02 0.23295225E-02 0.21997892E-02 0.21543898E-02 0.21908083E-02 0.23084258E-02 0.25083993E-02 0.27934182E-02 0.31672987E-02 0.36343840E-02 0.41987397E-02 0.48631613E-02 0.56280587E-02 0.64903234E-02 0.74423312E-02
0.94941373E-01 0.95813641E-01 0.95593355E-01 0.94289262E-01 0.91952747E-01 0.88674185E-01 0.84576695E-01 0.79807974E-01 0.74530950E-01 0.68914026E-01 0.63121653E-01 0.57305939E-01 0.51599932E-01 0.46113050E-01 0.40928873E-01 0.36105217E-01 0.31676127E-01 0.27655237E-01 0.24039872E-01 0.20815316E-01 0.17958800E-01 0.15442912E-01 0.13238290E-01 0.11315584E-01 0.96467519E-02 0.82058175E-02 0.69692244E-02 0.59159111E-02 0.50272290E-02 0.42867875E-02 0.36802929E-02 0.31954195E-02 0.28217362E-02 0.25506926E-02 0.23756586E-02 0.22920018E-02 0.22971772E-02 0.23907987E-02 0.25746487E-02 0.28525779E-02 0.32302365E-02 0.37145820E-02 0.43131136E-02 0.50328096E-02 0.58787873E-02 0.68527612E-02 0.79514457E-02 0.91651144E-02
0.80940735E-01 0.81644506E-01 0.81466809E-01 0.80414339E-01 0.78526492E-01 0.75872806E-01 0.72548497E-01 0.68668463E-01 0.64360237E-01 0.59756463E-01 0.54987520E-01 0.50174896E-01 0.45425864E-01 0.40829830E-01 0.36456516E-01 0.32355884E-01 0.28559529E-01 0.25083098E-01 0.21929301E-01 0.19091057E-01 0.16554474E-01 0.14301416E-01 0.12311563E-01 0.10563948E-01 0.90380021E-02 0.77142173E-02 0.65744973E-02 0.56023159E-02 0.47827547E-02 0.41024928E-02 0.35497945E-02 0.31145278E-02 0.27882289E-02 0.25642165E-02 0.24377510E-02 0.24062220E-02 0.24693399E-02 0.26292952E-02 0.28908364E-02 0.32612027E-02 0.37498364E-02 0.43677937E-02 0.51267839E-02 0.60377913E-02 0.71092961E-02 0.83451871E-02 0.97425646E-02 0.11289730E-01
0.68805933E-01 0.69368491E-01 0.69226479E-01 0.68384955E-01 0.66873715E-01 0.64745484E-01 0.62072720E-01 0.58943269E-01 0.55455167E-01 0.51711025E-01 0.47812461E-01 0.43855054E-01 0.39924242E-01 0.36092450E-01 0.32417576E-01 0.28942771E-01 0.25697294E-01 0.22698169E-01 0.19952279E-01 0.17458615E-01 0.15210426E-01 0.13197105E-01 0.11405731E-01 0.98222496E-02 0.84323100E-02 0.72218321E-02 0.61773591E-02 0.52862727E-02 0.45369299E-02 0.39187710E-02 0.34224350E-02 0.30399053E-02 0.27646988E-02 0.25921019E-02 0.25194478E-02 0.25464211E-02 0.26753630E-02 0.29115374E-02 0.32632961E-02 0.37420649E-02 0.43620477E-02 0.51395380E-02 0.60917334E-02 0.72349809E-02 0.85824580E-02 0.10141406E-01 0.11910190E-01 0.13875612E-01
0.58474990E-01 0.58921822E-01 0.58809050E-01 0.58140433E-01 0.56938144E-01 0.55241509E-01 0.53104767E-01 0.50593983E-01 0.47783333E-01 0.44751031E-01 0.41575250E-01 0.38330379E-01 0.35083922E-01 0.31894265E-01 0.28809407E-01 0.25866613E-01 0.23092868E-01 0.20505914E-01 0.18115641E-01 0.15925624E-01 0.13934621E-01 0.12137917E-01 0.10528450E-01 0.90976978E-02 0.78363425E-02 0.67347546E-02 0.57833373E-02 0.49727850E-02 0.42942973E-02 0.37397833E-02 0.33020831E-02 0.29752242E-02 0.27547234E-02 0.26379388E-02 0.26244671E-02 0.27165740E-02 0.29196306E-02 0.32425083E-02 0.36978601E-02 0.43021858E-02 0.50755492E-02 0.60407947E-02 0.72221147E-02 0.86428582E-02 0.10322569E-01 0.12273406E-01 0.14496345E-01 0.16977813E-01
0.49807734E-01 0.50161920E-01 0.50072552E-01 0.49542387E-01 0.48587684E-01 0.47237359E-01 0.45531452E-01 0.43519004E-01 0.41255475E-01 0.38799867E-01 0.36211815E-01 0.33548860E-01 0.30864142E-01 0.28204676E-01 0.25610285E-01 0.23113178E-01 0.20738106E-01 0.18502944E-01 0.16419551E-01 0.14494766E-01 0.12731406E-01 0.11129193E-01 0.96855466E-02 0.83962403E-02 0.72559239E-02 0.62585339E-02 0.53976278E-02 0.46666729E-02 0.40593187E-02 0.35696782E-02 0.31926377E-02 0.29242087E-02 0.27619325E-02 0.27053446E-02 0.27564964E-02 0.29205233E-02 0.32062330E-02 0.36266575E-02 0.41994847E-02 0.49472397E-02 0.58970453E-02 0.70797606E-02 0.85282891E-02 0.10274899E-01 0.12347526E-01 0.14765281E-01 0.17533762E-01 0.20641253E-01
0.42614998E-01 0.42896640E-01 0.42825596E-01 0.42403865E-01 0.41643263E-01 0.40564857E-01 0.39197962E-01 0.37578722E-01 0.35748349E-01 0.33751160E-01 0.31632523E-01 0.29436914E-01 0.27206217E-01 0.24978393E-01 0.22786594E-01 0.20658711E-01 0.18617324E-01 0.16679966E-01 0.14859603E-01 0.13165229E-01 0.11602494E-01 0.10174314E-01 0.88814111E-02 0.77227901E-02 0.66961446E-02 0.57982099E-02 0.50250837E-02 0.43725354E-02 0.38363227E-02 0.34125336E-02 0.30979679E-02 0.28905720E-02 0.27899390E-02 0.27978829E-02 0.29190903E-02 0.31618418E-02 0.35387743E-02 0.40676246E-02 0.47718515E-02 0.56809784E-02 0.68304409E-02 0.82606768E-02 0.10015180E-01 0.12137298E-01 0.14665737E-01 0.17629111E-01 0.21040529E-01 0.24894024E-01
0.36686676E-01 0.36912632E-01 0.36855650E-01 0.36517179E-01 0.35905799E-01 0.35036859E-01 0.33931832E-01 0.32617384E-01 0.31124215E-01 0.29485715E-01 0.27736557E-01 0.25911315E-01 0.24043217E-01 0.22163131E-01 0.20298827E-01 0.18474530E-01 0.16710749E-01 0.15024327E-01 0.13428659E-01 0.11934004E-01 0.10547849E-01 0.92752851E-02 0.81193634E-02 0.70814346E-02 0.61614662E-02 0.53583494E-02 0.46702073E-02 0.40947172E-02 0.36294593E-02 0.32723048E-02 0.30218569E-02 0.28779573E-02 0.28422747E-02 0.29189887E-02 0.31155782E-02 0.34437108E-02 0.39202060E-02 0.45680056E-02 0.54170328E-02 0.65047500E-02 0.78761481E-02 0.95828343E-02 0.11680856E-01 0.14226971E-01 0.17273328E-01 0.20861124E-01 0.25014861E-01 0.29740256E-01
0.31813681E-01 0.31997612E-01 0.31951240E-01 0.31675627E-01 0.31177083E-01 0.30466933E-01 0.29561104E-01 0.28479527E-01 0.27245361E-01 0.25884100E-01 0.24422590E-01 0.22888059E-01 0.21307204E-01 0.19705410E-01 0.18106149E-01 0.16530558E-01 0.14997207E-01 0.13522018E-01 0.12118310E-01 0.10796923E-01 0.95664031E-02 0.84332114E-02 0.74019513E-02 0.64756093E-02 0.56558070E-02 0.49430737E-02 0.43371422E-02 0.38372795E-02 0.34426573E-02 0.31527759E-02 0.29679512E-02 0.28898849E-02 0.29223346E-02 0.30719080E-02 0.33489938E-02 0.37688352E-02 0.43527187E-02 0.51292093E-02 0.61352959E-02 0.74172237E-02 0.90306914E-02 0.11039999E-01 0.13515691E-01 0.16530318E-01 0.20152332E-01 0.24438998E-01 0.29430962E-01 0.35153429E-01
0.27802501E-01 0.27955141E-01 0.27916665E-01 0.27687879E-01 0.27273558E-01 0.26682301E-01 0.25926257E-01 0.25020724E-01 0.23983629E-01 0.22834908E-01 0.21595825E-01 0.20288272E-01 0.18934095E-01 0.17554498E-01 0.16169547E-01 0.14797797E-01 0.13456031E-01 0.12159115E-01 0.10919940E-01 0.97494254E-02 0.86565902E-02 0.76486527E-02 0.67311726E-02 0.59082238E-02 0.51826030E-02 0.45560752E-02 0.40296613E-02 0.36039710E-02 0.32795885E-02 0.30575204E-02 0.29397202E-02 0.29297121E-02 0.30333384E-02 0.32596615E-02 0.36220438E-02 0.41394185E-02 0.48377277E-02 0.57514589E-02 0.69251259E-02 0.84144394E-02 0.10286786E-01 0.12620512E-01 0.15502458E-01 0.19023267E-01 0.23270555E-01 0.28321288E-01 0.34237350E-01 0.41071898E-01
0.24483152E-01 0.24612700E-01 0.24580050E-01 0.24385839E-01 0.24033857E-01 0.23530935E-01 0.22886751E-01 0.22113538E-01 0.21225710E-01 0.20239410E-01 0.19172017E-01 0.18041623E-01 0.16866528E-01 0.15664777E-01 0.14453754E-01 0.13249860E-01 0.12068259E-01 0.10922702E-01 0.98254181E-02 0.87870592E-02 0.78166952E-02 0.69218563E-02 0.61086201E-02 0.53817437E-02 0.47448435E-02 0.42006235E-02 0.37511540E-02 0.33982051E-02 0.31436384E-02 0.29898709E-02 0.29404279E-02 0.30006107E-02 0.31783165E-02 0.34850448E-02 0.39371305E-02 0.45572210E-02 0.53759860E-02 0.64339862E-02 0.77835375E-02 0.94902835E-02 0.11634034E-01 0.14308277E-01 0.17617684E-01 0.21673052E-01 0.26583810E-01 0.32449992E-01 0.39359235E-01 0.47399531E-01
0.21712185E-01 0.21824739E-01 0.21796373E-01 0.21627625E-01 0.21321683E-01 0.20884294E-01 0.20323599E-01 0.19649892E-01 0.18875318E-01 0.18013513E-01 0.17079216E-01 0.16087866E-01 0.15055199E-01 0.13996889E-01 0.12928212E-01 0.11863775E-01 0.10817285E-01 0.98013763E-02 0.88274847E-02 0.79057645E-02 0.70450547E-02 0.62528910E-02 0.55355648E-02 0.48982348E-02 0.43450899E-02 0.38795658E-02 0.35046170E-02 0.32230447E-02 0.30378901E-02 0.29529055E-02 0.29731248E-02 0.31055695E-02 0.33601304E-02 0.37506778E-02 0.42964455E-02 0.50237232E-02 0.59678518E-02 0.71754534E-02 0.87067213E-02 0.10637454E-01 0.13060332E-01 0.16084753E-01 0.19834414E-01 0.24441959E-01 0.30040857E-01 0.36756898E-01 0.44706361E-01 0.54014761E-01
0.19372461E-01 0.19472434E-01 0.19447239E-01 0.19297355E-01 0.19025634E-01 0.18637206E-01 0.18139313E-01 0.17541090E-01 0.16853277E-01 0.16087910E-01 0.15257977E-01 0.14377086E-01 0.13459137E-01 0.12518020E-01 0.11567350E-01 0.10620234E-01 0.96890801E-02 0.87854433E-02 0.79199047E-02 0.71019929E-02 0.63401441E-02 0.56417067E-02 0.50129936E-02 0.44593852E-02 0.39854853E-02 0.35953303E-02 0.32926522E-02 0.30811997E-02 0.29651250E-02 0.29494539E-02 0.30406664E-02 0.32474302E-02 0.35815381E-02 0.40591144E-02 0.47021492E-02 0.55404083E-02 0.66137263E-02 0.79746189E-02 0.96910357E-02 0.11848911E-01 0.14553955E-01 0.17931910E-01 0.22126310E-01 0.27292921E-01 0.33590948E-01 0.41173666E-01 0.50186631E-01 0.60789749E-01
