Advanced/Day1/qtaim/urea/crystal/urea_cry_pl2d.SURFGRHO
DSAA
 161 161
-0.75589045E+01  0.75589045E+01  0.94486307E-01
-0.75589045E+01  0.75589045E+01  0.94486307E-01
 0.00000000E+00  0.00000000E+00
[rows 22 to 43 of 161, columns 48 to 95 of 161]
0.63239661E-02 0.82749307E-02 0.10839302E-01 0.14118852E-01 0.18218746E-01 0.23246109E-01 0.29312453E-01 0.36545076E-01 0.45113889E-01 0.55280793E-01 0.67477872E-01 0.82417198E-01 0.10122863E+00 0.12561188E+00 0.15797314E+00 0.20148868E+00 0.25998774E+00 0.33747369E+00 0.43703959E+00 0.55900227E+00 0.69850822E+00 0.84389345E+00 0.97843681E+00 0.10881314E+01 0.11741212E+01 0.12624212E+01 0.14082599E+01 0.17343706E+01 0.26520776E+01 0.53606821E+01 0.11537404E+02 0.20149557E+02 0.24664598E+02 0.20149557E+02 0.11537404E+02 0.53606821E+01 0.26520776E+01 0.17343706E+01 0.14082599E+01 0.12624212E+01 0.11741212E+01 0.10881314E+01 0.97843681E+00 0.84389345E+00 0.69850822E+00 0.55900227E+00 0.43703959E+00 0.33747369E+00
0.64112390E-02 0.84983404E-02 0.11198086E-01 0.14616450E-01 0.18862781E-01 0.24048018E-01 0.30287858E-01 0.37716073E-01 0.46514815E-01 0.56969517E-01 0.69555012E-01 0.85055799E-01 0.10471659E+00 0.13040836E+00 0.16477751E+00 0.21131289E+00 0.27420583E+00 0.35778945E+00 0.46527188E+00 0.59657621E+00 0.74566780E+00 0.89908482E+00 0.10390513E+01 0.11541440E+01 0.12549203E+01 0.13857804E+01 0.16433269E+01 0.23442454E+01 0.49097749E+01 0.14027194E+02 0.38485404E+02 0.81547684E+02 0.10877467E+03 0.81547684E+02 0.38485404E+02 0.14027194E+02 0.49097749E+01 0.23442454E+01 0.16433269E+01 0.13857804E+01 0.12549203E+01 0.11541440E+01 0.10390513E+01 0.89908482E+00 0.74566780E+00 0.59657621E+00 0.46527188E+00 0.35778945E+00
0.65021771E-02 0.86779056E-02 0.11466727E-01 0.14977696E-01 0.19322805E-01 0.24615332E-01 0.30973689E-01 0.38536208E-01 0.47494043E-01 0.58150167E-01 0.71011389E-01 0.86916482E-01 0.10719640E+00 0.13385127E+00 0.16970978E+00 0.21850002E+00 0.28469328E+00 0.37288138E+00 0.48636896E+00 0.62478697E+00 0.78122023E+00 0.94093538E+00 0.10856945E+01 0.12068326E+01 0.13234096E+01 0.14966426E+01 0.18753190E+01 0.31155648E+01 0.86131188E+01 0.31147058E+02 0.11068972E+03 0.31081018E+03 0.47968726E+03 0.31081018E+03 0.11068972E+03 0.31147058E+02 0.86131188E+01 0.31155648E+01 0.18753190E+01 0.14966426E+01 0.13234096E+01 0.12068326E+01 0.10856945E+01 0.94093538E+00 0.78122023E+00 0.62478697E+00 0.48636896E+00 0.37288138E+00
0.65633890E-02 0.87901175E-02 0.11629178E-01 0.15191393E-01 0.19590134E-01 0.24939825E-01 0.31360218E-01 0.38992029E-01 0.48031339E-01 0.58790964E-01 0.71795921E-01 0.87916200E-01 0.10853290E+00 0.13572221E+00 0.17242214E+00 0.22250809E+00 0.29063131E+00 0.38156583E+00 0.49872497E+00 0.64164717E+00 0.80300508E+00 0.96743678E+00 0.11165312E+01 0.12432452E+01 0.13713869E+01 0.15717021E+01 0.20319586E+01 0.37209878E+01 0.11992594E+02 0.49842204E+02 0.21904126E+03 0.88922600E+03 0.21790458E+04 0.88922600E+03 0.21904126E+03 0.49842204E+02 0.11992594E+02 0.37209878E+01 0.20319586E+01 0.15717021E+01 0.13713869E+01 0.12432452E+01 0.11165312E+01 0.96743678E+00 0.80300508E+00 0.64164717E+00 0.49872497E+00 0.38156583E+00
0.65778102E-02 0.88240593E-02 0.11678927E-01 0.15253834E-01 0.19662473E-01 0.25019371E-01 0.31444243E-01 0.39077796E-01 0.48116408E-01 0.58873966E-01 0.71878052E-01 0.88003801E-01 0.10864165E+00 0.13588382E+00 0.17269486E+00 0.22299299E+00 0.29149638E+00 0.38307844E+00 0.50128876E+00 0.64583005E+00 0.80953284E+00 0.97711914E+00 0.11301007E+01 0.12611203E+01 0.13933038E+01 0.15956378E+01 0.20513547E+01 0.37289998E+01 0.12049179E+02 0.50572069E+02 0.22541777E+03 0.94399288E+03 0.25237738E+04 0.94399288E+03 0.22541777E+03 0.50572069E+02 0.12049179E+02 0.37289998E+01 0.20513547E+01 0.15956378E+01 0.13933038E+01 0.12611203E+01 0.11301007E+01 0.97711914E+00 0.80953284E+00 0.64583005E+00 0.50128876E+00 0.38307844E+00
0.65380838E-02 0.87763181E-02 0.11615466E-01 0.15166525E-01 0.19542586E-01 0.24857307E-01 0.31229015E-01 0.38795961E-01 0.47750053E-01 0.58397218E-01 0.71251524E-01 0.87166448E-01 0.10749977E+00 0.13429774E+00 0.17046549E+00 0.21985457E+00 0.28712955E+00 0.37717052E+00 0.49368035E+00 0.63677718E+00 0.80002996E+00 0.96900097E+00 0.11253148E+01 0.12595268E+01 0.13889880E+01 0.15707051E+01 0.19423638E+01 0.31528737E+01 0.87087237E+01 0.32197136E+02 0.11833202E+03 0.34360929E+03 0.54483924E+03 0.34360929E+03 0.11833202E+03 0.32197136E+02 0.87087237E+01 0.31528737E+01 0.19423638E+01 0.15707051E+01 0.13889880E+01 0.12595268E+01 0.11253148E+01 0.96900097E+00 0.80002996E+00 0.63677718E+00 0.49368035E+00 0.37717052E+00
0.64427445E-02 0.86482567E-02 0.11442476E-01 0.14935067E-01 0.19237670E-01 0.24462182E-01 0.30724272E-01 0.38157461E-01 0.46944745E-01 0.57375679E-01 0.69935800E-01 0.85431816E-01 0.10514938E+00 0.13103016E+00 0.16583795E+00 0.21325156E+00 0.27776085E+00 0.36414763E+00 0.47624868E+00 0.61477650E+00 0.77452657E+00 0.94264884E+00 0.11014033E+01 0.12385197E+01 0.13625563E+01 0.15133825E+01 0.17756534E+01 0.24490335E+01 0.50054024E+01 0.14510739E+02 0.41104247E+02 0.89990333E+02 0.12169797E+03 0.89990333E+02 0.41104247E+02 0.14510739E+02 0.50054024E+01 0.24490335E+01 0.17756534E+01 0.15133825E+01 0.13625563E+01 0.12385197E+01 0.11014033E+01 0.94264884E+00 0.77452657E+00 0.61477650E+00 0.47624868E+00 0.36414763E+00
0.62941135E-02 0.84445507E-02 0.11166851E-01 0.14568514E-01 0.18758956E-01 0.23847497E-01 0.29946065E-01 0.37181537E-01 0.45724322E-01 0.55840588E-01 0.67974746E-01 0.82865521E-01 0.10169285E+00 0.12624356E+00 0.15906913E+00 0.20358151E+00 0.26398245E+00 0.34484115E+00 0.45005823E+00 0.58099887E+00 0.73398632E+00 0.89838554E+00 0.10579436E+01 0.11981772E+01 0.13185944E+01 0.14417418E+01 0.16143414E+01 0.19421113E+01 0.28340071E+01 0.55848076E+01 0.12134533E+02 0.21572008E+02 0.26620031E+02 0.21572008E+02 0.12134533E+02 0.55848076E+01 0.28340071E+01 0.19421113E+01 0.16143414E+01 0.14417418E+01 0.13185944E+01 0.11981772E+01 0.10579436E+01 0.89838554E+00 0.73398632E+00 0.58099887E+00 0.45005823E+00 0.34484115E+00
0.60971469E-02 0.81723668E-02 0.10798099E-01 0.14078914E-01 0.18121293E-01 0.23031289E-01 0.28916233E-01 0.35894988E-01 0.44122757E-01 0.53837308E-01 0.65432762E-01 0.79564194E-01 0.97280699E-01 0.12017628E+00 0.15053546E+00 0.19142877E+00 0.24667354E+00 0.32051190E+00 0.41679196E+00 0.53745591E+00 0.68041310E+00 0.83760976E+00 0.99519796E+00 0.11380907E+01 0.12588304E+01 0.13655107E+01 0.14817017E+01 0.16436780E+01 0.19315889E+01 0.25604251E+01 0.38175051E+01 0.54529999E+01 0.62711550E+01 0.54529999E+01 0.38175051E+01 0.25604251E+01 0.19315889E+01 0.16436780E+01 0.14817017E+01 0.13655107E+01 0.12588304E+01 0.11380907E+01 0.99519796E+00 0.83760976E+00 0.68041310E+00 0.53745591E+00 0.41679196E+00 0.32051190E+00
0.58588211E-02 0.78408772E-02 0.10347906E-01 0.13480855E-01 0.17342642E-01 0.22035479E-01 0.27661534E-01 0.34330885E-01 0.42182150E-01 0.51421972E-01 0.62389002E-01 0.75645471E-01 0.92094444E-01 0.11311356E+00 0.14068564E+00 0.17749000E+00 0.22688894E+00 0.29269703E+00 0.37856870E+00 0.48683974E+00 0.61682713E+00 0.76307003E+00 0.91475592E+00 0.10580309E+01 0.11817572E+01 0.12839730E+01 0.13736615E+01 0.14656381E+01 0.15756966E+01 0.17254468E+01 0.19357394E+01 0.21647168E+01 0.22717055E+01 0.21647168E+01 0.19357394E+01 0.17254468E+01 0.15756966E+01 0.14656381E+01 0.13736615E+01 0.12839730E+01 0.11817572E+01 0.10580309E+01 0.91475592E+00 0.76307003E+00 0.61682713E+00 0.48683974E+00 0.37856870E+00 0.29269703E+00
0.55878783E-02 0.74610014E-02 0.98298150E-02 0.12791030E-01 0.16443453E-01 0.20885025E-01 0.26212458E-01 0.32526880E-01 0.39950164E-01 0.48657408E-01 0.58930637E-01 0.71236612E-01 0.86327346E-01 0.10535547E+00 0.12998812E+00 0.16249068E+00 0.20573118E+00 0.26302413E+00 0.33769453E+00 0.43223489E+00 0.54702381E+00 0.67886583E+00 0.82010298E+00 0.95944426E+00 0.10852442E+01 0.11901730E+01 0.12741189E+01 0.13425891E+01 0.14018101E+01 0.14551171E+01 0.15023598E+01 0.15383520E+01 0.15524660E+01 0.15383520E+01 0.15023598E+01 0.14551171E+01 0.14018101E+01 0.13425891E+01 0.12741189E+01 0.11901730E+01 0.10852442E+01 0.95944426E+00 0.82010298E+00 0.67886583E+00 0.54702381E+00 0.43223489E+00 0.33769453E+00 0.26302413E+00
0.52949209E-02 0.70454096E-02 0.92590736E-02 0.12027871E-01 0.15446049E-01 0.19606978E-01 0.24601875E-01 0.30523275E-01 0.37477222E-01 0.45608890E-01 0.55146113E-01 0.66463520E-01 0.80166287E-01 0.97187053E-01 0.11888255E+00 0.14710736E+00 0.18422875E+00 0.23302585E+00 0.29639134E+00 0.37674481E+00 0.47511709E+00 0.59003264E+00 0.71661273E+00 0.84661057E+00 0.97000611E+00 0.10779575E+01 0.11656100E+01 0.12328272E+01 0.12824070E+01 0.13175541E+01 0.13406879E+01 0.13536346E+01 0.13577696E+01 0.13536346E+01 0.13406879E+01 0.13175541E+01 0.12824070E+01 0.12328272E+01 0.11656100E+01 0.10779575E+01 0.97000611E+00 0.84661057E+00 0.71661273E+00 0.59003264E+00 0.47511709E+00 0.37674481E+00 0.29639134E+00 0.23302585E+00
0.49929973E-02 0.66089606E-02 0.86528451E-02 0.11211463E-01 0.14374175E-01 0.18229619E-01 0.22863688E-01 0.28361087E-01 0.34813764E-01 0.42340171E-01 0.51119245E-01 0.61441573E-01 0.73777200E-01 0.88854916E-01 0.10774211E+00 0.13190755E+00 0.16324062E+00 0.20398845E+00 0.25655732E+00 0.32311769E+00 0.40497797E+00 0.50178358E+00 0.61076780E+00 0.72646717E+00 0.84134434E+00 0.94742330E+00 0.10383634E+01 0.11108949E+01 0.11648705E+01 0.12022237E+01 0.12257733E+01 0.12383913E+01 0.12423098E+01 0.12383913E+01 0.12257733E+01 0.12022237E+01 0.11648705E+01 0.11108949E+01 0.10383634E+01 0.94742330E+00 0.84134434E+00 0.72646717E+00 0.61076780E+00 0.50178358E+00 0.40497797E+00 0.32311769E+00 0.25655732E+00 0.20398845E+00
0.46989734E-02 0.61699382E-02 0.80311699E-02 0.10364117E-01 0.13253100E-01 0.16782020E-01 0.21031799E-01 0.26080364E-01 0.32007835E-01 0.38910177E-01 0.46924623E-01 0.56269089E-01 0.67295428E-01 0.80552574E-01 0.96850933E-01 0.11731422E+00 0.14339931E+00 0.17685790E+00 0.21960586E+00 0.27346260E+00 0.33973553E+00 0.41867360E+00 0.50890702E+00 0.60710210E+00 0.70810925E+00 0.80576087E+00 0.89415627E+00 0.96892624E+00 0.10279155E+01 0.10710700E+01 0.10997579E+01 0.11158886E+01 0.11210591E+01 0.11158886E+01 0.10997579E+01 0.10710700E+01 0.10279155E+01 0.96892624E+00 0.89415627E+00 0.80576087E+00 0.70810925E+00 0.60710210E+00 0.50890702E+00 0.41867360E+00 0.33973553E+00 0.27346260E+00 0.21960586E+00 0.17685790E+00
0.44361142E-02 0.57526877E-02 0.74193809E-02 0.95123389E-02 0.12110957E-01 0.15294653E-01 0.19139950E-01 0.23719255E-01 0.29103407E-01 0.35370627E-01 0.42624593E-01 0.51023637E-01 0.60821226E-01 0.72414860E-01 0.86396750E-01 0.10359560E+00 0.12509505E+00 0.15221072E+00 0.18640448E+00 0.22911338E+00 0.28147824E+00 0.34398232E+00 0.41606008E+00 0.49579922E+00 0.57989862E+00 0.66400736E+00 0.74342814E+00 0.81397535E+00 0.87266463E+00 0.91798069E+00 0.94967818E+00 0.96826090E+00 0.97436373E+00 0.96826090E+00 0.94967818E+00 0.91798069E+00 0.87266463E+00 0.81397535E+00 0.74342814E+00 0.66400736E+00 0.57989862E+00 0.49579922E+00 0.41606008E+00 0.34398232E+00 0.28147824E+00 0.22911338E+00 0.18640448E+00 0.15221072E+00
0.42381668E-02 0.53924386E-02 0.68531272E-02 0.86915244E-02 0.10982710E-01 0.13802349E-01 0.17223532E-01 0.21314682E-01 0.26140073E-01 0.31765017E-01 0.38267921E-01 0.45760950E-01 0.54419694E-01 0.64519912E-01 0.76476441E-01 0.90876180E-01 0.10849436E+00 0.13028136E+00 0.15730644E+00 0.19064514E+00 0.23120261E+00 0.27947813E+00 0.33530276E+00 0.39761530E+00 0.46436788E+00 0.53264363E+00 0.59900816E+00 0.66001851E+00 0.71272850E+00 0.75501921E+00 0.78565990E+00 0.80412399E+00 0.81028116E+00 0.80412399E+00 0.78565990E+00 0.75501921E+00 0.71272850E+00 0.66001851E+00 0.59900816E+00 0.53264363E+00 0.46436788E+00 0.39761530E+00 0.33530276E+00 0.27947813E+00 0.23120261E+00 0.19064514E+00 0.15730644E+00 0.13028136E+00
0.41541632E-02 0.51425650E-02 0.63873224E-02 0.79555367E-02 0.99192928E-02 0.12352178E-01 0.15325735E-01 0.18906621E-01 0.23155606E-01 0.28129903E-01 0.33890532E-01 0.40516161E-01 0.48123976E-01 0.56896380E-01 0.67110093E-01 0.79161685E-01 0.93581558E-01 0.11102722E+00 0.13224669E+00 0.15800441E+00 0.18896575E+00 0.22554418E+00 0.26772878E+00 0.31492740E+00 0.36587555E+00 0.41866066E+00 0.47088638E+00 0.51995341E+00 0.56338443E+00 0.59909771E+00 0.62555610E+00 0.64177494E+00 0.64723410E+00 0.64177494E+00 0.62555610E+00 0.59909771E+00 0.56338443E+00 0.51995341E+00 0.47088638E+00 0.41866066E+00 0.36587555E+00 0.31492740E+00 0.26772878E+00 0.22554418E+00 0.18896575E+00 0.15800441E+00 0.13224669E+00 0.11102722E+00
0.42504450E-02 0.50816270E-02 0.61084549E-02 0.73930419E-02 0.90057849E-02 0.11021175E-01 0.13513049E-01 0.16550420E-01 0.20194936E-01 0.24501020E-01 0.29519775E-01 0.35307719E-01 0.41940850E-01 0.49533407E-01 0.58259043E-01 0.68370230E-01 0.80210096E-01 0.94210063E-01 0.11086694E+00 0.13069466E+00 0.15414890E+00 0.18152783E+00 0.21285975E+00 0.24779741E+00 0.28554677E+00 0.32485901E+00 0.36410399E+00 0.40142110E+00 0.43491693E+00 0.46286170E+00 0.48383940E+00 0.49682905E+00 0.50122533E+00 0.49682905E+00 0.48383940E+00 0.46286170E+00 0.43491693E+00 0.40142110E+00 0.36410399E+00 0.32485901E+00 0.28554677E+00 0.24779741E+00 0.21285975E+00 0.18152783E+00 0.15414890E+00 0.13069466E+00 0.11086694E+00 0.94210063E-01
0.46044357E-02 0.53116260E-02 0.61419053E-02 0.71461601E-02 0.83899804E-02 0.99503999E-02 0.11909525E-01 0.14347051E-01 0.17334194E-01 0.20930837E-01 0.25186643E-01 0.30146343E-01 0.35859175E-01 0.42391943E-01 0.49844248E-01 0.58363088E-01 0.68152835E-01 0.79475874E-01 0.92639368E-01 0.10796488E+00 0.12573993E+00 0.14615393E+00 0.16922547E+00 0.19473267E+00 0.22216257E+00 0.25069604E+00 0.27924034E+00 0.30651065E+00 0.33114841E+00 0.35185340E+00 0.36750400E+00 0.37724743E+00 0.38055480E+00 0.37724743E+00 0.36750400E+00 0.35185340E+00 0.33114841E+00 0.30651065E+00 0.27924034E+00 0.25069604E+00 0.22216257E+00 0.19473267E+00 0.16922547E+00 0.14615393E+00 0.12573993E+00 0.10796488E+00 0.92639368E-01 0.79475874E-01
0.52911975E-02 0.59394701E-02 0.66357604E-02 0.74079412E-02 0.83029601E-02 0.93900364E-02 0.10758548E-01 0.12509045E-01 0.14739850E-01 0.17535038E-01 0.20958798E-01 0.25057166E-01 0.29865363E-01 0.35418435E-01 0.41763391E-01 0.48970903E-01 0.57144080E-01 0.66421229E-01 0.76969499E-01 0.88967053E-01 0.10257310E+00 0.11788745E+00 0.13490402E+00 0.15346580E+00 0.17323055E+00 0.19365721E+00 0.21402058E+00 0.23345645E+00 0.25103259E+00 0.26583431E+00 0.27705072E+00 0.28404868E+00 0.28642706E+00 0.28404868E+00 0.27705072E+00 0.26583431E+00 0.25103259E+00 0.23345645E+00 0.21402058E+00 0.19365721E+00 0.17323055E+00 0.15346580E+00 0.13490402E+00 0.11788745E+00 0.10257310E+00 0.88967053E-01 0.76969499E-01 0.66421229E-01
0.63760197E-02 0.70546673E-02 0.77198728E-02 0.83696403E-02 0.90162302E-02 0.96954591E-02 0.10476006E-01 0.11463752E-01 0.12794131E-01 0.14609646E-01 0.17031417E-01 0.20141129E-01 0.23981323E-01 0.28568444E-01 0.33909164E-01 0.40014553E-01 0.46910161E-01 0.54640967E-01 0.63269887E-01 0.72868583E-01 0.83500081E-01 0.95194198E-01 0.10791861E+00 0.12155016E+00 0.13585228E+00 0.15046463E+00 0.16490960E+00 0.17861778E+00 0.19097044E+00 0.20135353E+00 0.20921531E+00 0.21411928E+00 0.21578599E+00 0.21411928E+00 0.20921531E+00 0.20135353E+00 0.19097044E+00 0.17861778E+00 0.16490960E+00 0.15046463E+00 0.13585228E+00 0.12155016E+00 0.10791861E+00 0.95194198E-01 0.83500081E-01 0.72868583E-01 0.63269887E-01 0.54640967E-01
0.79215988E-02 0.87295210E-02 0.94845990E-02 0.10158752E-01 0.10728709E-01 0.11184100E-01 0.11539394E-01 0.11849970E-01 0.12229597E-01 0.12858724E-01 0.13963909E-01 0.15758992E-01 0.18380728E-01 0.21870121E-01 0.26202052E-01 0.31325386E-01 0.37189609E-01 0.43756866E-01 0.51004342E-01 0.58919968E-01 0.67492509E-01 0.76696898E-01 0.86476462E-01 0.96724832E-01 0.10727114E+00 0.11787226E+00 0.12821522E+00 0.13793119E+00 0.14662040E+00 0.15388513E+00 0.15936619E+00 0.16277782E+00 0.16393618E+00 0.16277782E+00 0.15936619E+00 0.15388513E+00 0.14662040E+00 0.13793119E+00 0.12821522E+00 0.11787226E+00 0.10727114E+00 0.96724832E-01 0.86476462E-01 0.76696898E-01 0.67492509E-01 0.58919968E-01 0.51004342E-01 0.43756866E-01
