Advanced/Day1/qtaim/urea/crystal/urea_cry_pl2d.SURFRHOO
DSAA
 161 161
-0.75589045E+01  0.75589045E+01  0.94486307E-01
-0.75589045E+01  0.75589045E+01  0.94486307E-01
 0.00000000E+00  0.00000000E+00
[rows 22 to 43 of 161, columns 48 to 95 of 161]
0.29420112E-02 0.36072808E-02 0.44951346E-02 0.56645756E-02 0.71848808E-02 0.91356811E-02 0.11607031E-01 0.14700090E-01 0.18529542E-01 0.23229513E-01 0.28965358E-01 0.35954074E-01 0.44496046E-01 0.55019915E-01 0.68140243E-01 0.84723470E-01 0.10594983E+00 0.13334526E+00 0.16873698E+00 0.21406564E+00 0.27098816E+00 0.34027386E+00 0.42117831E+00 0.51122851E+00 0.60690284E+00 0.70519644E+00 0.80535800E+00 0.91110279E+00 0.10397685E+01 0.12484503E+01 0.16323017E+01 0.21506284E+01 0.24230598E+01 0.21506284E+01 0.16323017E+01 0.12484503E+01 0.10397685E+01 0.91110279E+00 0.80535800E+00 0.70519644E+00 0.60690284E+00 0.51122851E+00 0.42117831E+00 0.34027386E+00 0.27098816E+00 0.21406564E+00 0.16873698E+00 0.13334526E+00
0.27893940E-02 0.34783489E-02 0.43982317E-02 0.56097679E-02 0.71841983E-02 0.92033660E-02 0.11759847E-01 0.14957817E-01 0.18915922E-01 0.23774075E-01 0.29706807E-01 0.36946205E-01 0.45817452E-01 0.56789032E-01 0.70537458E-01 0.88021760E-01 0.11055411E+00 0.13983694E+00 0.17791282E+00 0.22694902E+00 0.28878328E+00 0.36424977E+00 0.45254277E+00 0.55118751E+00 0.65720683E+00 0.76941986E+00 0.89137489E+00 0.10394250E+01 0.12854555E+01 0.18932816E+01 0.34277049E+01 0.60869789E+01 0.77519447E+01 0.60869789E+01 0.34277049E+01 0.18932816E+01 0.12854555E+01 0.10394250E+01 0.89137489E+00 0.76941986E+00 0.65720683E+00 0.55118751E+00 0.45254277E+00 0.36424977E+00 0.28878328E+00 0.22694902E+00 0.17791282E+00 0.13983694E+00
0.26729059E-02 0.33790243E-02 0.43219954E-02 0.55637335E-02 0.71768334E-02 0.92446671E-02 0.11861563E-01 0.15133825E-01 0.19182944E-01 0.24153074E-01 0.30225579E-01 0.37643894E-01 0.46751985E-01 0.58048696E-01 0.72258054E-01 0.90410679E-01 0.11392179E+00 0.14463349E+00 0.18476189E+00 0.23666273E+00 0.30233697E+00 0.38271179E+00 0.47702085E+00 0.58297434E+00 0.69840788E+00 0.82436995E+00 0.96996089E+00 0.11726415E+01 0.16175708E+01 0.30884533E+01 0.80476511E+01 0.20645767E+02 0.31494185E+02 0.20645767E+02 0.80476511E+01 0.30884533E+01 0.16175708E+01 0.11726415E+01 0.96996089E+00 0.82436995E+00 0.69840788E+00 0.58297434E+00 0.47702085E+00 0.38271179E+00 0.30233697E+00 0.23666273E+00 0.18476189E+00 0.14463349E+00
0.25805083E-02 0.32969183E-02 0.42535576E-02 0.55129317E-02 0.71483043E-02 0.92437966E-02 0.11894594E-01 0.15208049E-01 0.19307087E-01 0.24338084E-01 0.30486089E-01 0.38000837E-01 0.47236919E-01 0.58710649E-01 0.73173826E-01 0.91699642E-01 0.11576589E+00 0.14730185E+00 0.18863635E+00 0.24225613E+00 0.31029292E+00 0.39378472E+00 0.49207474E+00 0.60311292E+00 0.72541724E+00 0.86170319E+00 0.10253342E+01 0.12727277E+01 0.19058968E+01 0.43601849E+01 0.14895664E+02 0.56827678E+02 0.13704959E+03 0.56827678E+02 0.14895664E+02 0.43601849E+01 0.19058968E+01 0.12727277E+01 0.10253342E+01 0.86170319E+00 0.72541724E+00 0.60311292E+00 0.49207474E+00 0.39378472E+00 0.31029292E+00 0.24225613E+00 0.18863635E+00 0.14730185E+00
0.25033739E-02 0.32230376E-02 0.41837000E-02 0.54478222E-02 0.70886027E-02 0.91900696E-02 0.11847281E-01 0.15167431E-01 0.19273274E-01 0.24311056E-01 0.30465850E-01 0.37987772E-01 0.47232490E-01 0.58718662E-01 0.73202609E-01 0.91765695E-01 0.11589984E+00 0.14755780E+00 0.18910596E+00 0.24308814E+00 0.31171790E+00 0.39614271E+00 0.49584248E+00 0.60893037E+00 0.73411903E+00 0.87434418E+00 0.10430941E+01 0.12966075E+01 0.19387964E+01 0.44328000E+01 0.15291233E+02 0.60040945E+02 0.15617215E+03 0.60040945E+02 0.15291233E+02 0.44328000E+01 0.19387964E+01 0.12966075E+01 0.10430941E+01 0.87434418E+00 0.73411903E+00 0.60893037E+00 0.49584248E+00 0.39614271E+00 0.31171790E+00 0.24308814E+00 0.18910596E+00 0.14755780E+00
0.24353423E-02 0.31512755E-02 0.41063858E-02 0.53624402E-02 0.69918186E-02 0.90775862E-02 0.11713652E-01 0.15005787E-01 0.19074887E-01 0.24064600E-01 0.30156177E-01 0.37593916E-01 0.46724585E-01 0.58053376E-01 0.72316786E-01 0.90568184E-01 0.11426230E+00 0.14530719E+00 0.18602457E+00 0.23893110E+00 0.30625863E+00 0.38924331E+00 0.48750328E+00 0.59920185E+00 0.72270063E+00 0.85962695E+00 0.10194174E+01 0.12389400E+01 0.17052122E+01 0.32391814E+01 0.85534847E+01 0.22658629E+02 0.35371004E+02 0.22658629E+02 0.85534847E+01 0.32391814E+01 0.17052122E+01 0.12389400E+01 0.10194174E+01 0.85962695E+00 0.72270063E+00 0.59920185E+00 0.48750328E+00 0.38924331E+00 0.30625863E+00 0.23893110E+00 0.18602457E+00 0.14530719E+00
0.23724689E-02 0.30779722E-02 0.40183315E-02 0.52539798E-02 0.68557343E-02 0.89048367E-02 0.11493036E-01 0.14723441E-01 0.18713441E-01 0.23601713E-01 0.29562020E-01 0.36826991E-01 0.45725102E-01 0.56733246E-01 0.70545273E-01 0.88152582E-01 0.11092430E+00 0.14065870E+00 0.17955261E+00 0.23000943E+00 0.29420681E+00 0.37343428E+00 0.46744984E+00 0.57442880E+00 0.69211123E+00 0.82005626E+00 0.96224576E+00 0.11341893E+01 0.14064069E+01 0.20550699E+01 0.37109672E+01 0.66758623E+01 0.85816322E+01 0.66758623E+01 0.37109672E+01 0.20550699E+01 0.14064069E+01 0.11341893E+01 0.96224576E+00 0.82005626E+00 0.69211123E+00 0.57442880E+00 0.46744984E+00 0.37343428E+00 0.29420681E+00 0.23000943E+00 0.17955261E+00 0.14065870E+00
0.23126500E-02 0.30015342E-02 0.39186162E-02 0.51223864E-02 0.66813921E-02 0.86742352E-02 0.11189555E-01 0.14326647E-01 0.18197911E-01 0.22934963E-01 0.28700921E-01 0.35711789E-01 0.44269869E-01 0.54811384E-01 0.67968559E-01 0.84642632E-01 0.10607684E+00 0.13390492E+00 0.17012966E+00 0.21696276E+00 0.27645406E+00 0.34990136E+00 0.43721239E+00 0.53664896E+00 0.64544912E+00 0.76130922E+00 0.88384728E+00 0.10160018E+01 0.11724247E+01 0.14087799E+01 0.18279467E+01 0.23955671E+01 0.26968839E+01 0.23955671E+01 0.18279467E+01 0.14087799E+01 0.11724247E+01 0.10160018E+01 0.88384728E+00 0.76130922E+00 0.64544912E+00 0.53664896E+00 0.43721239E+00 0.34990136E+00 0.27645406E+00 0.21696276E+00 0.17012966E+00 0.13390492E+00
0.22553158E-02 0.29221081E-02 0.38083276E-02 0.49699652E-02 0.64726512E-02 0.83916061E-02 0.10811509E-01 0.13826843E-01 0.17543779E-01 0.22085214E-01 0.27601224E-01 0.34287517E-01 0.42414517E-01 0.52368918E-01 0.64707867E-01 0.80222575E-01 0.10000201E+00 0.12547642E+00 0.15840363E+00 0.20074181E+00 0.25434682E+00 0.32047307E+00 0.39918209E+00 0.48895589E+00 0.58690111E+00 0.68962993E+00 0.79423403E+00 0.89855692E+00 0.10015497E+01 0.11064297E+01 0.12206740E+01 0.13313892E+01 0.13817220E+01 0.13313892E+01 0.12206740E+01 0.11064297E+01 0.10015497E+01 0.89855692E+00 0.79423403E+00 0.68962993E+00 0.58690111E+00 0.48895589E+00 0.39918209E+00 0.32047307E+00 0.25434682E+00 0.20074181E+00 0.15840363E+00 0.12547642E+00
0.22011871E-02 0.28413105E-02 0.36902542E-02 0.48010204E-02 0.62357546E-02 0.80656518E-02 0.10370708E-01 0.13239786E-01 0.16771887E-01 0.21080045E-01 0.26299768E-01 0.32604309E-01 0.40228987E-01 0.49506135E-01 0.60910650E-01 0.75113319E-01 0.93034121E-01 0.11587929E+00 0.14513326E+00 0.18246172E+00 0.22947608E+00 0.28733369E+00 0.35623006E+00 0.43497380E+00 0.52092769E+00 0.61046820E+00 0.69970801E+00 0.78491654E+00 0.86245468E+00 0.92891258E+00 0.98157722E+00 0.10171658E+01 0.10301580E+01 0.10171658E+01 0.98157722E+00 0.92891258E+00 0.86245468E+00 0.78491654E+00 0.69970801E+00 0.61046820E+00 0.52092769E+00 0.43497380E+00 0.35623006E+00 0.28733369E+00 0.22947608E+00 0.18246172E+00 0.14513326E+00 0.11587929E+00
0.21520967E-02 0.27620195E-02 0.35686345E-02 0.46215438E-02 0.59789334E-02 0.77074415E-02 0.98818051E-02 0.12584659E-01 0.15907218E-01 0.19952024E-01 0.24839386E-01 0.30719422E-01 0.37791595E-01 0.46332981E-01 0.56735174E-01 0.69547337E-01 0.85518992E-01 0.10562996E+00 0.13108576E+00 0.16324617E+00 0.20344941E+00 0.25270834E+00 0.31130546E+00 0.37840228E+00 0.45185805E+00 0.52841926E+00 0.60423148E+00 0.67538725E+00 0.73826214E+00 0.78973822E+00 0.82754498E+00 0.85048745E+00 0.85816133E+00 0.85048745E+00 0.82754498E+00 0.78973822E+00 0.73826214E+00 0.67538725E+00 0.60423148E+00 0.52841926E+00 0.45185805E+00 0.37840228E+00 0.31130546E+00 0.25270834E+00 0.20344941E+00 0.16324617E+00 0.13108576E+00 0.10562996E+00
0.21108785E-02 0.26882378E-02 0.34489781E-02 0.44389752E-02 0.57120813E-02 0.73299657E-02 0.93616798E-02 0.11883227E-01 0.14977714E-01 0.18737045E-01 0.23266478E-01 0.28693637E-01 0.35183500E-01 0.42960386E-01 0.52336750E-01 0.63746670E-01 0.77778862E-01 0.95199638E-01 0.11695001E+00 0.14409417E+00 0.17769271E+00 0.21858203E+00 0.26707142E+00 0.32262526E+00 0.38365616E+00 0.44756230E+00 0.51104862E+00 0.57061758E+00 0.62304263E+00 0.66572139E+00 0.69690431E+00 0.71573842E+00 0.72201512E+00 0.71573842E+00 0.69690431E+00 0.66572139E+00 0.62304263E+00 0.57061758E+00 0.51104862E+00 0.44756230E+00 0.38365616E+00 0.32262526E+00 0.26707142E+00 0.21858203E+00 0.17769271E+00 0.14409417E+00 0.11695001E+00 0.95199638E-01
0.20813341E-02 0.26250390E-02 0.33379784E-02 0.42620614E-02 0.54465328E-02 0.69478002E-02 0.88289464E-02 0.11159123E-01 0.14013267E-01 0.17472881E-01 0.21628947E-01 0.26588231E-01 0.32484224E-01 0.39493516E-01 0.47857417E-01 0.57907069E-01 0.70087969E-01 0.84976720E-01 0.10327879E+00 0.12579175E+00 0.15331618E+00 0.18650122E+00 0.22562957E+00 0.27038040E+00 0.31964766E+00 0.37150794E+00 0.42339551E+00 0.47245416E+00 0.51595306E+00 0.55163820E+00 0.57793342E+00 0.59395010E+00 0.59931783E+00 0.59395010E+00 0.57793342E+00 0.55163820E+00 0.51595306E+00 0.47245416E+00 0.42339551E+00 0.37150794E+00 0.31964766E+00 0.27038040E+00 0.22562957E+00 0.18650122E+00 0.15331618E+00 0.12579175E+00 0.10327879E+00 0.84976720E-01
0.20682832E-02 0.25786117E-02 0.32435358E-02 0.41008392E-02 0.51949817E-02 0.65769273E-02 0.83036364E-02 0.10437346E-01 0.13044956E-01 0.16198088E-01 0.19974635E-01 0.24462797E-01 0.29768588E-01 0.36027458E-01 0.43419865E-01 0.52189425E-01 0.62660480E-01 0.75249797E-01 0.90464515E-01 0.10887607E+00 0.13105868E+00 0.15748416E+00 0.18837522E+00 0.22353943E+00 0.26222965E+00 0.30309169E+00 0.34424675E+00 0.38351058E+00 0.41869190E+00 0.44787744E+00 0.46961933E+00 0.48298473E+00 0.48748820E+00 0.48298473E+00 0.46961933E+00 0.44787744E+00 0.41869190E+00 0.38351058E+00 0.34424675E+00 0.30309169E+00 0.26222965E+00 0.22353943E+00 0.18837522E+00 0.15748416E+00 0.13105868E+00 0.10887607E+00 0.90464515E-01 0.75249797E-01
0.20777118E-02 0.25564164E-02 0.31749120E-02 0.39667705E-02 0.49715733E-02 0.62347559E-02 0.78071112E-02 0.97440189E-02 0.12104618E-01 0.14951335E-01 0.18350378E-01 0.22373978E-01 0.27105127E-01 0.32645354E-01 0.39125433E-01 0.46717988E-01 0.55649655E-01 0.66208936E-01 0.78744307E-01 0.93645852E-01 0.11130340E+00 0.13203629E+00 0.15599621E+00 0.18305602E+00 0.21271123E+00 0.24403100E+00 0.27569121E+00 0.30609968E+00 0.33358820E+00 0.35661769E+00 0.37393793E+00 0.38466741E+00 0.38829843E+00 0.38466741E+00 0.37393793E+00 0.35661769E+00 0.33358820E+00 0.30609968E+00 0.27569121E+00 0.24403100E+00 0.21271123E+00 0.18305602E+00 0.15599621E+00 0.13203629E+00 0.11130340E+00 0.93645852E-01 0.78744307E-01 0.66208936E-01
0.21170270E-02 0.25674715E-02 0.31430373E-02 0.38730558E-02 0.47922043E-02 0.59403816E-02 0.73622522E-02 0.91064830E-02 0.11224809E-01 0.13771216E-01 0.16801686E-01 0.20375088E-01 0.24555814E-01 0.29418575E-01 0.35055349E-01 0.41583757E-01 0.49155174E-01 0.57959841E-01 0.68225246E-01 0.80203406E-01 0.94142791E-01 0.11024223E+00 0.12858801E+00 0.14908183E+00 0.17137522E+00 0.19483190E+00 0.21853857E+00 0.24137352E+00 0.26212346E+00 0.27962094E+00 0.29286754E+00 0.30111769E+00 0.30391812E+00 0.30111769E+00 0.29286754E+00 0.27962094E+00 0.26212346E+00 0.24137352E+00 0.21853857E+00 0.19483190E+00 0.17137522E+00 0.14908183E+00 0.12858801E+00 0.11024223E+00 0.94142791E-01 0.80203406E-01 0.68225246E-01 0.57959841E-01
0.21954319E-02 0.26227828E-02 0.31609892E-02 0.38351506E-02 0.46750597E-02 0.57151220E-02 0.69939677E-02 0.85537466E-02 0.10439181E-01 0.12696565E-01 0.15373033E-01 0.18516514E-01 0.22176842E-01 0.26408362E-01 0.31274090E-01 0.36850962E-01 0.43235011E-01 0.50544605E-01 0.58919200E-01 0.68510788E-01 0.79465469E-01 0.91893752E-01 0.10583063E+00 0.12119015E+00 0.13772363E+00 0.15499388E+00 0.17237766E+00 0.18910325E+00 0.20432007E+00 0.21718704E+00 0.22696057E+00 0.23306548E+00 0.23514125E+00 0.23306548E+00 0.22696057E+00 0.21718704E+00 0.20432007E+00 0.18910325E+00 0.17237766E+00 0.15499388E+00 0.13772363E+00 0.12119015E+00 0.10583063E+00 0.91893752E-01 0.79465469E-01 0.68510788E-01 0.58919200E-01 0.50544605E-01
0.23244284E-02 0.27359300E-02 0.32446600E-02 0.38715068E-02 0.46414138E-02 0.55833576E-02 0.67300512E-02 0.81173387E-02 0.97833137E-02 0.11767274E-01 0.14108728E-01 0.16846770E-01 0.20020151E-01 0.23668357E-01 0.27833784E-01 0.32564743E-01 0.37918572E-01 0.43963606E-01 0.50778314E-01 0.58445794E-01 0.67042044E-01 0.76617287E-01 0.87171194E-01 0.98624966E-01 0.11079568E+00 0.12338003E+00 0.13595455E+00 0.14799685E+00 0.15892714E+00 0.16816378E+00 0.17518273E+00 0.17957041E+00 0.18106311E+00 0.17957041E+00 0.17518273E+00 0.16816378E+00 0.15892714E+00 0.14799685E+00 0.13595455E+00 0.12338003E+00 0.11079568E+00 0.98624966E-01 0.87171194E-01 0.76617287E-01 0.67042044E-01 0.58445794E-01 0.50778314E-01 0.43963606E-01
0.25184537E-02 0.29238191E-02 0.34136266E-02 0.40045550E-02 0.47167152E-02 0.55737031E-02 0.66024163E-02 0.78325863E-02 0.92960218E-02 0.11025625E-01 0.13054319E-01 0.15414101E-01 0.18135483E-01 0.21247559E-01 0.24778817E-01 0.28758602E-01 0.33218783E-01 0.38194850E-01 0.43725371E-01 0.49848627E-01 0.56595450E-01 0.63977886E-01 0.71974259E-01 0.80512526E-01 0.89455097E-01 0.98589285E-01 0.10762744E+00 0.11621951E+00 0.12397809E+00 0.13051293E+00 0.13546943E+00 0.13856494E+00 0.13961766E+00 0.13856494E+00 0.13546943E+00 0.13051293E+00 0.12397809E+00 0.11621951E+00 0.10762744E+00 0.98589285E-01 0.89455097E-01 0.80512526E-01 0.71974259E-01 0.63977886E-01 0.56595450E-01 0.49848627E-01 0.43725371E-01 0.38194850E-01
0.27956499E-02 0.32076008E-02 0.36922251E-02 0.42619362E-02 0.49319680E-02 0.57205231E-02 0.66487278E-02 0.77403342E-02 0.90211393E-02 0.10518143E-01 0.12258523E-01 0.14268577E-01 0.16572818E-01 0.19193424E-01 0.22150168E-01 0.25460833E-01 0.29141881E-01 0.33208931E-01 0.37676396E-01 0.42555529E-01 0.47850280E-01 0.53550726E-01 0.59624448E-01 0.66006990E-01 0.72593303E-01 0.79232550E-01 0.85728622E-01 0.91847936E-01 0.97334724E-01 0.10193226E+00 0.10540710E+00 0.10757259E+00 0.10830829E+00 0.10757259E+00 0.10540710E+00 0.10193226E+00 0.97334724E-01 0.91847936E-01 0.85728622E-01 0.79232550E-01 0.72593303E-01 0.66006990E-01 0.59624448E-01 0.53550726E-01 0.47850280E-01 0.42555529E-01 0.37676396E-01 0.33208931E-01
0.31787505E-02 0.36137442E-02 0.41108222E-02 0.46779758E-02 0.53254058E-02 0.60657942E-02 0.69144293E-02 0.78891124E-02 0.90097973E-02 0.10297950E-01 0.11775665E-01 0.13464637E-01 0.15385116E-01 0.17555014E-01 0.19989290E-01 0.22699662E-01 0.25694587E-01 0.28979263E-01 0.32555291E-01 0.36419568E-01 0.40562016E-01 0.44962015E-01 0.49583715E-01 0.54370909E-01 0.59242550E-01 0.64090262E-01 0.68779177E-01 0.73153001E-01 0.77043440E-01 0.80283192E-01 0.82720851E-01 0.84235596E-01 0.84749487E-01 0.84235596E-01 0.82720851E-01 0.80283192E-01 0.77043440E-01 0.73153001E-01 0.68779177E-01 0.64090262E-01 0.59242550E-01 0.54370909E-01 0.49583715E-01 0.44962015E-01 0.40562016E-01 0.36419568E-01 0.32555291E-01 0.28979263E-01
0.36960516E-02 0.41752289E-02 0.47072488E-02 0.52953697E-02 0.59444310E-02 0.66612875E-02 0.74551478E-02 0.83377304E-02 0.93231682E-02 0.10427622E-01 0.11668604E-01 0.13064071E-01 0.14631372E-01 0.16386187E-01 0.18341579E-01 0.20507239E-01 0.22888956E-01 0.25488218E-01 0.28301772E-01 0.31320917E-01 0.34530304E-01 0.37906135E-01 0.41413858E-01 0.45005704E-01 0.48618655E-01 0.52173592E-01 0.55576337E-01 0.58721096E-01 0.61496371E-01 0.63792899E-01 0.65512706E-01 0.66578044E-01 0.66938907E-01 0.66578044E-01 0.65512706E-01 0.63792899E-01 0.61496371E-01 0.58721096E-01 0.55576337E-01 0.52173592E-01 0.48618655E-01 0.45005704E-01 0.41413858E-01 0.37906135E-01 0.34530304E-01 0.31320917E-01 0.28301772E-01 0.25488218E-01
