Basic/Day4/qtaim/urea/crystal/urea_cry_pl2d.SURFVIRI
DSAA
 161 161
-0.75589045E+01  0.75589045E+01  0.94486307E-01
-0.75589045E+01  0.75589045E+01  0.94486307E-01
 0.00000000E+00  0.00000000E+00
[rows 63 to 83 of 161, columns 0 to 46 of 161]
-0.13475887E-01 -0.13553300E-01 -0.13533774E-01 -0.13417838E-01 -0.13208579E-01 -0.12911409E-01 -0.12533656E-01 -0.12084074E-01 -0.11572326E-01 -0.11008528E-01 -0.10402882E-01 -0.97654451E-02 -0.91060083E-02 -0.84340731E-02 -0.77588781E-02 -0.70894402E-02 -0.64345774E-02 -0.58028994E-02 -0.52027589E-02 -0.46421834E-02 -0.41288026E-02 -0.36697956E-02 -0.32718741E-02 -0.29413118E-02 -0.26840156E-02 -0.25056285E-02 -0.24116439E-02 -0.24075157E-02 -0.24987597E-02 -0.26910714E-02 -0.29905334E-02 -0.34040632E-02 -0.39403471E-02 -0.46116291E-02 -0.54368375E-02 -0.64466286E-02 -0.76909158E-02 -0.92493498E-02 -0.11244801E-01 -0.13859254E-01 -0.17350375E-01 -0.22065249E-01 -0.28444687E-01 -0.37005791E-01 -0.48281228E-01 -0.62685438E-01 -0.80294926E-01
-0.12059369E-01 -0.12130791E-01 -0.12112775E-01 -0.12005827E-01 -0.11812913E-01 -0.11539230E-01 -0.11191821E-01 -0.10779101E-01 -0.10310358E-01 -0.97953014E-02 -0.92437005E-02 -0.86651391E-02 -0.80688803E-02 -0.74638373E-02 -0.68585901E-02 -0.62614338E-02 -0.56804194E-02 -0.51233784E-02 -0.45979150E-02 -0.41113892E-02 -0.36708955E-02 -0.32832593E-02 -0.29550608E-02 -0.26926930E-02 -0.25024446E-02 -0.23905931E-02 -0.23634850E-02 -0.24275819E-02 -0.25894630E-02 -0.28558085E-02 -0.32334409E-02 -0.37295882E-02 -0.43526471E-02 -0.51138657E-02 -0.60305123E-02 -0.71312185E-02 -0.84641925E-02 -0.10108910E-01 -0.12191475E-01 -0.14903075E-01 -0.18519807E-01 -0.23420252E-01 -0.30094163E-01 -0.39130585E-01 -0.51165471E-01 -0.66760318E-01 -0.86190588E-01
-0.10795503E-01 -0.10861847E-01 -0.10845109E-01 -0.10745783E-01 -0.10566767E-01 -0.10313136E-01 -0.99917696E-02 -0.96108825E-02 -0.91795295E-02 -0.87071507E-02 -0.82032006E-02 -0.76768905E-02 -0.71370448E-02 -0.65920548E-02 -0.60499035E-02 -0.55182144E-02 -0.50043330E-02 -0.45153720E-02 -0.40582564E-02 -0.36397542E-02 -0.32665072E-02 -0.29450738E-02 -0.26819926E-02 -0.24838637E-02 -0.23574412E-02 -0.23097115E-02 -0.23479313E-02 -0.24795977E-02 -0.27123378E-02 -0.30537383E-02 -0.35112012E-02 -0.40920096E-02 -0.48039226E-02 -0.56567908E-02 -0.66658650E-02 -0.78576020E-02 -0.92788686E-02 -0.11010262E-01 -0.13183885E-01 -0.16005064E-01 -0.19776176E-01 -0.24918734E-01 -0.31986917E-01 -0.41661163E-01 -0.54703606E-01 -0.71849214E-01 -0.93607607E-01
-0.96867902E-02 -0.97487621E-02 -0.97331250E-02 -0.96403647E-02 -0.94733301E-02 -0.92370118E-02 -0.89381722E-02 -0.85848814E-02 -0.81860233E-02 -0.77508351E-02 -0.72885275E-02 -0.68080137E-02 -0.63177545E-02 -0.58257049E-02 -0.53393367E-02 -0.48657079E-02 -0.44115553E-02 -0.39833840E-02 -0.35875463E-02 -0.32303332E-02 -0.29180441E-02 -0.26570787E-02 -0.24540357E-02 -0.23158209E-02 -0.22497430E-02 -0.22635752E-02 -0.23655440E-02 -0.25642125E-02 -0.28682417E-02 -0.32860496E-02 -0.38254681E-02 -0.44936113E-02 -0.52973355E-02 -0.62448790E-02 -0.73494750E-02 -0.86359504E-02 -0.10151355E-01 -0.11980574E-01 -0.14267348E-01 -0.17240239E-01 -0.21241476E-01 -0.26754383E-01 -0.34422024E-01 -0.45045404E-01 -0.59544004E-01 -0.78855042E-01 -0.10374659E+00
-0.87455297E-02 -0.88038264E-02 -0.87891145E-02 -0.87018723E-02 -0.85449053E-02 -0.83231293E-02 -0.80432072E-02 -0.77130904E-02 -0.73415281E-02 -0.69376036E-02 -0.65103468E-02 -0.60684526E-02 -0.56201140E-02 -0.51729598E-02 -0.47340769E-02 -0.43100872E-02 -0.39072607E-02 -0.35316326E-02 -0.31891295E-02 -0.28856958E-02 -0.26274106E-02 -0.24206365E-02 -0.22721458E-02 -0.21892551E-02 -0.21799285E-02 -0.22528177E-02 -0.24171961E-02 -0.26827448E-02 -0.30591697E-02 -0.35556752E-02 -0.41804134E-02 -0.49401711E-02 -0.58407576E-02 -0.68888138E-02 -0.80960067E-02 -0.94868529E-02 -0.11111450E-01 -0.13064271E-01 -0.15509592E-01 -0.18713011E-01 -0.23076596E-01 -0.29172679E-01 -0.37767664E-01 -0.49823154E-01 -0.66456868E-01 -0.88841374E-01 -0.11801783E+00
-0.79926006E-02 -0.80480705E-02 -0.80340704E-02 -0.79510719E-02 -0.78018431E-02 -0.75912376E-02 -0.73258405E-02 -0.70135190E-02 -0.66629375E-02 -0.62830947E-02 -0.58829302E-02 -0.54710322E-02 -0.50554575E-02 -0.46436581E-02 -0.42424967E-02 -0.38583295E-02 -0.34971273E-02 -0.31646235E-02 -0.28664726E-02 -0.26084174E-02 -0.23964634E-02 -0.22370603E-02 -0.21372722E-02 -0.21049522E-02 -0.21488428E-02 -0.22785988E-02 -0.25046606E-02 -0.28379320E-02 -0.32892369E-02 -0.38685912E-02 -0.45844391E-02 -0.54431862E-02 -0.64496097E-02 -0.76090243E-02 -0.89324426E-02 -0.10446199E-01 -0.12207654E-01 -0.14328345E-01 -0.17005285E-01 -0.20559648E-01 -0.25479831E-01 -0.32462589E-01 -0.42441817E-01 -0.56589958E-01 -0.76272637E-01 -0.10293428E+00 -0.13789392E+00
-0.74572034E-02 -0.75109700E-02 -0.74973986E-02 -0.74169575E-02 -0.72723943E-02 -0.70685333E-02 -0.68119327E-02 -0.65104465E-02 -0.61727483E-02 -0.58078700E-02 -0.54248031E-02 -0.50321939E-02 -0.46381466E-02 -0.42501338E-02 -0.38749986E-02 -0.35190354E-02 -0.31881155E-02 -0.28878570E-02 -0.26238150E-02 -0.24016921E-02 -0.22275620E-02 -0.21081022E-02 -0.20508234E-02 -0.20642534E-02 -0.21580861E-02 -0.23431648E-02 -0.26312972E-02 -0.30348131E-02 -0.35658417E-02 -0.42353617E-02 -0.50522193E-02 -0.60225371E-02 -0.71502550E-02 -0.84399052E-02 -0.99031626E-02 -0.11571016E-01 -0.13513478E-01 -0.15868533E-01 -0.18881044E-01 -0.22950517E-01 -0.28683789E-01 -0.36944449E-01 -0.48885807E-01 -0.65948664E-01 -0.89800651E-01 -0.12219223E+00 -0.16470928E+00
-0.71771252E-02 -0.72306829E-02 -0.72171639E-02 -0.71370383E-02 -0.69930689E-02 -0.67901157E-02 -0.65348052E-02 -0.62351048E-02 -0.58998542E-02 -0.55383047E-02 -0.51597121E-02 -0.47730140E-02 -0.43866115E-02 -0.40082533E-02 -0.36450188E-02 -0.33033860E-02 -0.29893584E-02 -0.27086506E-02 -0.24669099E-02 -0.22699729E-02 -0.21241457E-02 -0.20364991E-02 -0.20151564E-02 -0.20695406E-02 -0.22105301E-02 -0.24504382E-02 -0.28027744E-02 -0.32816563E-02 -0.39008910E-02 -0.46727749E-02 -0.56068762E-02 -0.67093456E-02 -0.79836853E-02 -0.94344103E-02 -0.11075486E-01 -0.12945835E-01 -0.15134291E-01 -0.17815950E-01 -0.21300640E-01 -0.26091881E-01 -0.32950888E-01 -0.42954926E-01 -0.57532735E-01 -0.78452925E-01 -0.10773586E+00 -0.14745900E+00 -0.19943598E+00
-0.71990732E-02 -0.72543557E-02 -0.72404017E-02 -0.71576930E-02 -0.70090631E-02 -0.67995097E-02 -0.65358742E-02 -0.62264276E-02 -0.58804052E-02 -0.55075425E-02 -0.51176528E-02 -0.47202799E-02 -0.43244457E-02 -0.39385015E-02 -0.35700787E-02 -0.32261370E-02 -0.29130851E-02 -0.26369793E-02 -0.24037785E-02 -0.22196534E-02 -0.20913353E-02 -0.20264900E-02 -0.20340873E-02 -0.21247191E-02 -0.23107998E-02 -0.26065605E-02 -0.30277196E-02 -0.35907860E-02 -0.43118906E-02 -0.52053020E-02 -0.62819351E-02 -0.75485583E-02 -0.90088794E-02 -0.10668319E-01 -0.12544849E-01 -0.14688681E-01 -0.17213746E-01 -0.20343194E-01 -0.24469496E-01 -0.30226714E-01 -0.38567402E-01 -0.50829903E-01 -0.68773223E-01 -0.94547789E-01 -0.13056371E+00 -0.17921973E+00 -0.24247790E+00
-0.75785329E-02 -0.76379449E-02 -0.76229498E-02 -0.75340533E-02 -0.73742342E-02 -0.71487633E-02 -0.68648921E-02 -0.65314426E-02 -0.61583489E-02 -0.57561727E-02 -0.53356618E-02 -0.49073655E-02 -0.44813362E-02 -0.40669326E-02 -0.36727297E-02 -0.33065300E-02 -0.29754772E-02 -0.26862633E-02 -0.24454217E-02 -0.22596989E-02 -0.21364904E-02 -0.20843170E-02 -0.21133043E-02 -0.22356036E-02 -0.24656685E-02 -0.28202734E-02 -0.33181458E-02 -0.39790978E-02 -0.48226052E-02 -0.58659822E-02 -0.71225371E-02 -0.86006138E-02 -0.10305022E-01 -0.12243106E-01 -0.14438376E-01 -0.16955229E-01 -0.19938193E-01 -0.23668293E-01 -0.28636893E-01 -0.35633210E-01 -0.45835362E-01 -0.60885812E-01 -0.82921023E-01 -0.11451336E+00 -0.15847530E+00 -0.21748362E+00 -0.29353037E+00
-0.83784875E-02 -0.84448874E-02 -0.84281307E-02 -0.83287616E-02 -0.81499900E-02 -0.78975163E-02 -0.75792272E-02 -0.72047903E-02 -0.67851877E-02 -0.63322159E-02 -0.58580083E-02 -0.53745996E-02 -0.48935687E-02 -0.44257758E-02 -0.39812131E-02 -0.35689749E-02 -0.31973441E-02 -0.28740123E-02 -0.26064151E-02 -0.24021809E-02 -0.22696769E-02 -0.22186205E-02 -0.22607071E-02 -0.24101781E-02 -0.26842183E-02 -0.31030388E-02 -0.36894817E-02 -0.44679965E-02 -0.54629259E-02 -0.66962327E-02 -0.81852147E-02 -0.99412311E-02 -0.11971398E-01 -0.14285959E-01 -0.16915033E-01 -0.19938984E-01 -0.23536572E-01 -0.28053767E-01 -0.34093176E-01 -0.42618550E-01 -0.55060657E-01 -0.73399154E-01 -0.10018064E+00 -0.13841761E+00 -0.19130512E+00 -0.26171585E+00 -0.35154145E+00
-0.96662861E-02 -0.97428959E-02 -0.97235658E-02 -0.96088924E-02 -0.94024000E-02 -0.91103725E-02 -0.87415576E-02 -0.83067664E-02 -0.78183975E-02 -0.72899197E-02 -0.67353468E-02 -0.61687420E-02 -0.56037824E-02 -0.50534128E-02 -0.45296194E-02 -0.40433306E-02 -0.36044777E-02 -0.32222130E-02 -0.29052977E-02 -0.26626395E-02 -0.25039804E-02 -0.24406822E-02 -0.24865546E-02 -0.26586273E-02 -0.29777301E-02 -0.34686967E-02 -0.41599832E-02 -0.50824989E-02 -0.62675493E-02 -0.77440387E-02 -0.95355046E-02 -0.11658364E-01 -0.14123563E-01 -0.16945113E-01 -0.20159975E-01 -0.23864476E-01 -0.28272211E-01 -0.33796586E-01 -0.41157354E-01 -0.51503378E-01 -0.66533417E-01 -0.88581820E-01 -0.12061718E+00 -0.16608248E+00 -0.22850092E+00 -0.31083165E+00 -0.41477719E+00
-0.11508050E-01 -0.11598273E-01 -0.11575512E-01 -0.11440427E-01 -0.11196918E-01 -0.10851970E-01 -0.10415372E-01 -0.98993258E-02 -0.93179743E-02 -0.86868635E-02 -0.80223753E-02 -0.73411626E-02 -0.66596221E-02 -0.59934443E-02 -0.53572823E-02 -0.47645672E-02 -0.42275134E-02 -0.37573290E-02 -0.33646496E-02 -0.30601894E-02 -0.28555948E-02 -0.27644526E-02 -0.28033817E-02 -0.29930813E-02 -0.33591764E-02 -0.39326226E-02 -0.47494024E-02 -0.58492379E-02 -0.72731561E-02 -0.90600133E-02 -0.11242652E-01 -0.13845199E-01 -0.16884280E-01 -0.20378240E-01 -0.24369892E-01 -0.28969040E-01 -0.34420582E-01 -0.41201711E-01 -0.50146529E-01 -0.62587716E-01 -0.80491632E-01 -0.10654452E+00 -0.14412343E+00 -0.19706188E+00 -0.26912679E+00 -0.36324847E+00 -0.48094783E+00
-0.13960608E-01 -0.14067759E-01 -0.14040734E-01 -0.13880258E-01 -0.13590633E-01 -0.13179594E-01 -0.12658052E-01 -0.12039739E-01 -0.11340743E-01 -0.10578979E-01 -0.97735939E-02 -0.89443329E-02 -0.81109235E-02 -0.72925015E-02 -0.65071497E-02 -0.57715935E-02 -0.51011198E-02 -0.45097548E-02 -0.40107342E-02 -0.36172722E-02 -0.33436115E-02 -0.32063038E-02 -0.32256319E-02 -0.34270293E-02 -0.38422913E-02 -0.45102864E-02 -0.54768252E-02 -0.67933090E-02 -0.85138769E-02 -0.10691108E-01 -0.13370901E-01 -0.16588307E-01 -0.20367525E-01 -0.24731064E-01 -0.29724760E-01 -0.35466180E-01 -0.42223161E-01 -0.50526099E-01 -0.61311021E-01 -0.76079893E-01 -0.97048505E-01 -0.12722939E+00 -0.17036724E+00 -0.23061758E+00 -0.31188614E+00 -0.41697222E+00 -0.54732876E+00
-0.17062519E-01 -0.17189538E-01 -0.17157509E-01 -0.16967221E-01 -0.16623364E-01 -0.16134402E-01 -0.15512348E-01 -0.14772441E-01 -0.13932734E-01 -0.13013594E-01 -0.12037118E-01 -0.11026478E-01 -0.10005223E-01 -0.89965895E-02 -0.80228845E-02 -0.71050256E-02 -0.62623246E-02 -0.55125891E-02 -0.48725973E-02 -0.43589730E-02 -0.39894482E-02 -0.37844604E-02 -0.37689806E-02 -0.39744020E-02 -0.44402385E-02 -0.52152820E-02 -0.63577697E-02 -0.79340348E-02 -0.10015227E-01 -0.12671912E-01 -0.15967191E-01 -0.19950191E-01 -0.24653751E-01 -0.30102492E-01 -0.36339431E-01 -0.43480198E-01 -0.51802380E-01 -0.61873122E-01 -0.74710139E-01 -0.91958984E-01 -0.11605079E+00 -0.15027746E+00 -0.19868546E+00 -0.26566050E+00 -0.35513207E+00 -0.46968208E+00 -0.61084305E+00
-0.20828865E-01 -0.20978268E-01 -0.20940601E-01 -0.20716726E-01 -0.20311748E-01 -0.19734885E-01 -0.18999228E-01 -0.18121437E-01 -0.17121378E-01 -0.16021695E-01 -0.14847308E-01 -0.13624810E-01 -0.12381769E-01 -0.11145965E-01 -0.99446281E-02 -0.88037849E-02 -0.77478530E-02 -0.67995900E-02 -0.59805087E-02 -0.53118122E-02 -0.48158578E-02 -0.45180960E-02 -0.44493693E-02 -0.46483739E-02 -0.51639836E-02 -0.60570110E-02 -0.74008138E-02 -0.92800609E-02 -0.11786905E-01 -0.15014109E-01 -0.19045515E-01 -0.23945883E-01 -0.29754816E-01 -0.36492680E-01 -0.44188892E-01 -0.52943039E-01 -0.63026227E-01 -0.75023965E-01 -0.90013042E-01 -0.10975204E+00 -0.13684439E+00 -0.17480096E+00 -0.22788758E+00 -0.30061488E+00 -0.39681907E+00 -0.51877695E+00 -0.66814102E+00
-0.25260117E-01 -0.25434730E-01 -0.25390709E-01 -0.25129042E-01 -0.24655560E-01 -0.23980682E-01 -0.23119002E-01 -0.22088849E-01 -0.20911872E-01 -0.19612680E-01 -0.18218521E-01 -0.16758888E-01 -0.15265000E-01 -0.13769115E-01 -0.12303705E-01 -0.10900634E-01 -0.95904894E-02 -0.84022871E-02 -0.73637048E-02 -0.65019788E-02 -0.58455027E-02 -0.54260927E-02 -0.52817950E-02 -0.54600114E-02 -0.60205828E-02 -0.70383264E-02 -0.86042441E-02 -0.10824420E-01 -0.13815413E-01 -0.17695111E-01 -0.22569057E-01 -0.28514644E-01 -0.35569677E-01 -0.43736276E-01 -0.53013328E-01 -0.63468262E-01 -0.75352155E-01 -0.89255191E-01 -0.10629335E+00 -0.12830695E+00 -0.15802705E+00 -0.19912425E+00 -0.25600636E+00 -0.33321194E+00 -0.43437693E+00 -0.56136251E+00 -0.71574279E+00
-0.30383943E-01 -0.30589564E-01 -0.30537709E-01 -0.30229704E-01 -0.29673291E-01 -0.28881928E-01 -0.27873729E-01 -0.26670374E-01 -0.25296271E-01 -0.23778107E-01 -0.22144778E-01 -0.20427486E-01 -0.18659777E-01 -0.16877290E-01 -0.15117164E-01 -0.13417159E-01 -0.11814735E-01 -0.10346381E-01 -0.90474916E-02 -0.79530319E-02 -0.70991203E-02 -0.65255240E-02 -0.62789557E-02 -0.64169095E-02 -0.70116361E-02 -0.81535861E-02 -0.99533352E-02 -0.12540508E-01 -0.16057734E-01 -0.20647719E-01 -0.26432949E-01 -0.33491759E-01 -0.41841216E-01 -0.51443226E-01 -0.62249544E-01 -0.74290768E-01 -0.87801384E-01 -0.10337117E+00 -0.12212402E+00 -0.14592423E+00 -0.17756837E+00 -0.22084420E+00 -0.28027826E+00 -0.36040923E+00 -0.46461782E+00 -0.59422290E+00 -0.75026106E+00
-0.36360615E-01 -0.36612592E-01 -0.36548983E-01 -0.36172042E-01 -0.35494753E-01 -0.34538915E-01 -0.33332249E-01 -0.31905390E-01 -0.30289574E-01 -0.28515534E-01 -0.26613645E-01 -0.24614963E-01 -0.22552538E-01 -0.20462426E-01 -0.18383975E-01 -0.16359341E-01 -0.14432443E-01 -0.12647826E-01 -0.11049929E-01 -0.96832032E-02 -0.85933754E-02 -0.78299504E-02 -0.74498696E-02 -0.75220361E-02 -0.81322219E-02 -0.93875226E-02 -0.11418967E-01 -0.14380034E-01 -0.18437861E-01 -0.23753911E-01 -0.30453736E-01 -0.38593514E-01 -0.48142587E-01 -0.59007089E-01 -0.71106754E-01 -0.84485043E-01 -0.99411351E-01 -0.11646348E+00 -0.13664935E+00 -0.16164969E+00 -0.19414875E+00 -0.23802173E+00 -0.29805014E+00 -0.37897334E+00 -0.48404586E+00 -0.61397831E+00 -0.76867681E+00
-0.43696183E-01 -0.44033159E-01 -0.43947935E-01 -0.43445088E-01 -0.42550770E-01 -0.41307904E-01 -0.39768846E-01 -0.37987635E-01 -0.36013732E-01 -0.33888800E-01 -0.31646713E-01 -0.29316204E-01 -0.26924836E-01 -0.24502857E-01 -0.22085846E-01 -0.19715628E-01 -0.17439638E-01 -0.15309338E-01 -0.13378557E-01 -0.11702581E-01 -0.10338579E-01 -0.93476690E-02 -0.87986248E-02 -0.87729240E-02 -0.93705375E-02 -0.10715350E-01 -0.12958201E-01 -0.16274067E-01 -0.20848294E-01 -0.26847282E-01 -0.34375530E-01 -0.43437133E-01 -0.53938913E-01 -0.65771107E-01 -0.78952387E-01 -0.93743233E-01 -0.11060606E+00 -0.13002617E+00 -0.15245270E+00 -0.17869327E+00 -0.21074973E+00 -0.25251068E+00 -0.30951226E+00 -0.38747135E+00 -0.49014119E+00 -0.61780627E+00 -0.76872702E+00
-0.53618802E-01 -0.54128411E-01 -0.53999228E-01 -0.53241125E-01 -0.51910308E-01 -0.50098264E-01 -0.47914739E-01 -0.45469321E-01 -0.42856251E-01 -0.40145702E-01 -0.37382629E-01 -0.34591972E-01 -0.31787755E-01 -0.28982827E-01 -0.26196735E-01 -0.23460240E-01 -0.20816313E-01 -0.18318471E-01 -0.16027867E-01 -0.14010622E-01 -0.12336570E-01 -0.11080114E-01 -0.10323375E-01 -0.10161363E-01 -0.10708404E-01 -0.12104295E-01 -0.14517200E-01 -0.18137990E-01 -0.23158518E-01 -0.29728798E-01 -0.37902915E-01 -0.47615097E-01 -0.58756739E-01 -0.71398020E-01 -0.86061015E-01 -0.10375930E+00 -0.12550663E+00 -0.15141317E+00 -0.18016851E+00 -0.20989921E+00 -0.24042574E+00 -0.27539851E+00 -0.32231333E+00 -0.38982306E+00 -0.48384965E+00 -0.60498991E+00 -0.74959021E+00
