Basic/Day4/qtaim/urea/crystal/urea_cry_pl2d.SURFGKIN
DSAA
 161 161
-0.75589045E+01  0.75589045E+01  0.94486307E-01
-0.75589045E+01  0.75589045E+01  0.94486307E-01
 0.00000000E+00  0.00000000E+00
[rows 132 to 153 of 161, columns 48 to 95 of 161]
0.21973853E-02 0.26788753E-02 0.32741559E-02 0.39991728E-02 0.48693038E-02 0.58984312E-02 0.70982854E-02 0.84784482E-02 0.10047485E-01 0.11815690E-01 0.13799806E-01 0.16029852E-01 0.18557851E-01 0.21467967E-01 0.24887405E-01 0.28997388E-01 0.34043254E-01 0.40341615E-01 0.48280039E-01 0.58301519E-01 0.70864119E-01 0.86369068E-01 0.10506045E+00 0.12691452E+00 0.15154954E+00 0.17818821E+00 0.20569057E+00 0.23265112E+00 0.25753434E+00 0.27881995E+00 0.29514030E+00 0.30540501E+00 0.30890816E+00 0.30540501E+00 0.29514030E+00 0.27881995E+00 0.25753434E+00 0.23265112E+00 0.20569057E+00 0.17818821E+00 0.15154954E+00 0.12691452E+00 0.10506045E+00 0.86369068E-01 0.70864119E-01 0.58301519E-01 0.48280039E-01 0.40341615E-01
0.22828977E-02 0.27419441E-02 0.33024325E-02 0.39781348E-02 0.47825109E-02 0.57278721E-02 0.68246843E-02 0.80813046E-02 0.95045143E-02 0.11101233E-01 0.12881719E-01 0.14864390E-01 0.17082093E-01 0.19589381E-01 0.22470124E-01 0.25844666E-01 0.29875717E-01 0.34771748E-01 0.40785662E-01 0.48204932E-01 0.57327980E-01 0.68422316E-01 0.81664148E-01 0.97067038E-01 0.11441557E+00 0.13322432E+00 0.15273865E+00 0.17198305E+00 0.18984924E+00 0.20520792E+00 0.21702612E+00 0.22447554E+00 0.22702046E+00 0.22447554E+00 0.21702612E+00 0.20520792E+00 0.18984924E+00 0.17198305E+00 0.15273865E+00 0.13322432E+00 0.11441557E+00 0.97067038E-01 0.81664148E-01 0.68422316E-01 0.57327980E-01 0.48204932E-01 0.40785662E-01 0.34771748E-01
0.24585811E-02 0.29081939E-02 0.34472396E-02 0.40869473E-02 0.48384463E-02 0.57120666E-02 0.67166898E-02 0.78593630E-02 0.91454490E-02 0.10579611E-01 0.12167882E-01 0.13920940E-01 0.15858495E-01 0.18014415E-01 0.20442026E-01 0.23218832E-01 0.26449905E-01 0.30269102E-01 0.34836969E-01 0.40333536E-01 0.46943572E-01 0.54831862E-01 0.64107791E-01 0.74782254E-01 0.86724695E-01 0.99631732E-01 0.11301889E+00 0.12624261E+00 0.13855240E+00 0.14916575E+00 0.15735382E+00 0.16252478E+00 0.16429305E+00 0.16252478E+00 0.15735382E+00 0.14916575E+00 0.13855240E+00 0.12624261E+00 0.11301889E+00 0.99631732E-01 0.86724695E-01 0.74782254E-01 0.64107791E-01 0.54831862E-01 0.46943572E-01 0.40333536E-01 0.34836969E-01 0.30269102E-01
0.27480897E-02 0.32046209E-02 0.37390163E-02 0.43595383E-02 0.50745079E-02 0.58917801E-02 0.68182127E-02 0.78592763E-02 0.90190045E-02 0.10300508E-01 0.11707244E-01 0.13245155E-01 0.14925622E-01 0.16768976E-01 0.18808120E-01 0.21091657E-01 0.23685856E-01 0.26674824E-01 0.30158216E-01 0.34245670E-01 0.39046972E-01 0.44656932E-01 0.51134653E-01 0.58478510E-01 0.66600616E-01 0.75306798E-01 0.84288968E-01 0.93135316E-01 0.10136011E+00 0.10845035E+00 0.11392244E+00 0.11737986E+00 0.11856252E+00 0.11737986E+00 0.11392244E+00 0.10845035E+00 0.10136011E+00 0.93135316E-01 0.84288968E-01 0.75306798E-01 0.66600616E-01 0.58478510E-01 0.51134653E-01 0.44656932E-01 0.39046972E-01 0.34245670E-01 0.30158216E-01 0.26674824E-01
0.31789672E-02 0.36624546E-02 0.42127301E-02 0.48346027E-02 0.55330421E-02 0.63128591E-02 0.71783445E-02 0.81329694E-02 0.91792838E-02 0.10319172E-01 0.11554606E-01 0.12888981E-01 0.14329009E-01 0.15887009E-01 0.17583278E-01 0.19448089E-01 0.21522816E-01 0.23859676E-01 0.26519672E-01 0.29568330E-01 0.33068904E-01 0.37072774E-01 0.41607112E-01 0.46660600E-01 0.52169093E-01 0.58004334E-01 0.63969433E-01 0.69804424E-01 0.75203500E-01 0.79843006E-01 0.83416585E-01 0.85671954E-01 0.86443057E-01 0.85671954E-01 0.83416585E-01 0.79843006E-01 0.75203500E-01 0.69804424E-01 0.63969433E-01 0.58004334E-01 0.52169093E-01 0.46660600E-01 0.41607112E-01 0.37072774E-01 0.33068904E-01 0.29568330E-01 0.26519672E-01 0.23859676E-01
0.37827229E-02 0.43172389E-02 0.49079612E-02 0.55556903E-02 0.62614374E-02 0.70263291E-02 0.78514567E-02 0.87377358E-02 0.96858709E-02 0.10696526E-01 0.11770793E-01 0.12910997E-01 0.14121841E-01 0.15411769E-01 0.16794363E-01 0.18289477E-01 0.19923762E-01 0.21730224E-01 0.23746530E-01 0.26011842E-01 0.28562099E-01 0.31423793E-01 0.34606483E-01 0.38094638E-01 0.41839877E-01 0.45755209E-01 0.49713161E-01 0.53549571E-01 0.57073986E-01 0.60086299E-01 0.62397738E-01 0.63853039E-01 0.64350023E-01 0.63853039E-01 0.62397738E-01 0.60086299E-01 0.57073986E-01 0.53549571E-01 0.49713161E-01 0.45755209E-01 0.41839877E-01 0.38094638E-01 0.34606483E-01 0.31423793E-01 0.28562099E-01 0.26011842E-01 0.23746530E-01 0.21730224E-01
0.45945090E-02 0.52084646E-02 0.58685015E-02 0.65707906E-02 0.73117184E-02 0.80880260E-02 0.88968870E-02 0.97359761E-02 0.10603595E-01 0.11498911E-01 0.12422333E-01 0.13376035E-01 0.14364566E-01 0.15395521E-01 0.16480139E-01 0.17633711E-01 0.18875585E-01 0.20228563E-01 0.21717502E-01 0.23366986E-01 0.25198080E-01 0.27224269E-01 0.29446870E-01 0.31850358E-01 0.34398277E-01 0.37030575E-01 0.39663336E-01 0.42191723E-01 0.44496583E-01 0.46454453E-01 0.47949935E-01 0.48888668E-01 0.49208766E-01 0.48888668E-01 0.47949935E-01 0.46454453E-01 0.44496583E-01 0.42191723E-01 0.39663336E-01 0.37030575E-01 0.34398277E-01 0.31850358E-01 0.29446870E-01 0.27224269E-01 0.25198080E-01 0.23366986E-01 0.21717502E-01 0.20228563E-01
0.56521910E-02 0.63785230E-02 0.71412320E-02 0.79312095E-02 0.87395334E-02 0.95578148E-02 0.10378484E-01 0.11195088E-01 0.12002683E-01 0.12798309E-01 0.13581526E-01 0.14354855E-01 0.15124054E-01 0.15898172E-01 0.16689425E-01 0.17512895E-01 0.18386036E-01 0.19327865E-01 0.20357723E-01 0.21493527E-01 0.22749499E-01 0.24133517E-01 0.25644288E-01 0.27268693E-01 0.28979712E-01 0.30735406E-01 0.32479428E-01 0.34143414E-01 0.35651393E-01 0.36925988E-01 0.37895793E-01 0.38502939E-01 0.38709691E-01 0.38502939E-01 0.37895793E-01 0.36925988E-01 0.35651393E-01 0.34143414E-01 0.32479428E-01 0.30735406E-01 0.28979712E-01 0.27268693E-01 0.25644288E-01 0.24133517E-01 0.22749499E-01 0.21493527E-01 0.20357723E-01 0.19327865E-01
0.69946095E-02 0.78707938E-02 0.87741865E-02 0.96898734E-02 0.10603068E-01 0.11499523E-01 0.12365883E-01 0.13190170E-01 0.13962603E-01 0.14676718E-01 0.15330506E-01 0.15927138E-01 0.16474968E-01 0.16986830E-01 0.17478923E-01 0.17969639E-01 0.18478522E-01 0.19025293E-01 0.19628767E-01 0.20305505E-01 0.21068185E-01 0.21923789E-01 0.22871825E-01 0.23902807E-01 0.24997300E-01 0.26125760E-01 0.27249395E-01 0.28322171E-01 0.29293942E-01 0.30114500E-01 0.30738142E-01 0.31128215E-01 0.31260979E-01 0.31128215E-01 0.30738142E-01 0.30114500E-01 0.29293942E-01 0.28322171E-01 0.27249395E-01 0.26125760E-01 0.24997300E-01 0.23902807E-01 0.22871825E-01 0.21923789E-01 0.21068185E-01 0.20305505E-01 0.19628767E-01 0.19025293E-01
0.86589715E-02 0.97269618E-02 0.10814270E-01 0.11900247E-01 0.12964248E-01 0.13985613E-01 0.14943546E-01 0.15817591E-01 0.16589339E-01 0.17245268E-01 0.17779801E-01 0.18197145E-01 0.18510947E-01 0.18741924E-01 0.18914614E-01 0.19054548E-01 0.19186515E-01 0.19333747E-01 0.19517415E-01 0.19755895E-01 0.20063639E-01 0.20449797E-01 0.20916898E-01 0.21459868E-01 0.22065609E-01 0.22713276E-01 0.23375319E-01 0.24019274E-01 0.24610197E-01 0.25113555E-01 0.25498291E-01 0.25739745E-01 0.25822054E-01 0.25739745E-01 0.25498291E-01 0.25113555E-01 0.24610197E-01 0.24019274E-01 0.23375319E-01 0.22713276E-01 0.22065609E-01 0.21459868E-01 0.20916898E-01 0.20449797E-01 0.20063639E-01 0.19755895E-01 0.19517415E-01 0.19333747E-01
0.10677660E-01 0.11984311E-01 0.13306310E-01 0.14619182E-01 0.15898109E-01 0.17115952E-01 0.18241076E-01 0.19237204E-01 0.20067241E-01 0.20701001E-01 0.21123911E-01 0.21342269E-01 0.21382104E-01 0.21282220E-01 0.21085178E-01 0.20830332E-01 0.20550924E-01 0.20274518E-01 0.20024653E-01 0.19821890E-01 0.19683557E-01 0.19622542E-01 0.19645835E-01 0.19753437E-01 0.19937969E-01 0.20185073E-01 0.20474542E-01 0.20782057E-01 0.21081342E-01 0.21346534E-01 0.21554535E-01 0.21687128E-01 0.21732661E-01 0.21687128E-01 0.21554535E-01 0.21346534E-01 0.21081342E-01 0.20782057E-01 0.20474542E-01 0.20185073E-01 0.19937969E-01 0.19753437E-01 0.19645835E-01 0.19622542E-01 0.19683557E-01 0.19821890E-01 0.20024653E-01 0.20274518E-01
0.13075312E-01 0.14674714E-01 0.16296734E-01 0.17919615E-01 0.19520161E-01 0.21065826E-01 0.22506318E-01 0.23771128E-01 0.24778705E-01 0.25457322E-01 0.25769355E-01 0.25726144E-01 0.25384683E-01 0.24828067E-01 0.24140826E-01 0.23391188E-01 0.22625749E-01 0.21874069E-01 0.21156811E-01 0.20491951E-01 0.19896948E-01 0.19387646E-01 0.18975840E-01 0.18667104E-01 0.18459680E-01 0.18344578E-01 0.18306674E-01 0.18326503E-01 0.18382431E-01 0.18452936E-01 0.18518755E-01 0.18564721E-01 0.18581151E-01 0.18564721E-01 0.18518755E-01 0.18452936E-01 0.18382431E-01 0.18326503E-01 0.18306674E-01 0.18344578E-01 0.18459680E-01 0.18667104E-01 0.18975840E-01 0.19387646E-01 0.19896948E-01 0.20491951E-01 0.21156811E-01 0.21874069E-01
0.15867548E-01 0.17827559E-01 0.19845526E-01 0.21918931E-01 0.24040783E-01 0.26176641E-01 0.28240264E-01 0.30084406E-01 0.31522412E-01 0.32381779E-01 0.32568244E-01 0.32105465E-01 0.31126132E-01 0.29819973E-01 0.28369412E-01 0.26905425E-01 0.25497269E-01 0.24168377E-01 0.22921089E-01 0.21756009E-01 0.20680473E-01 0.19707958E-01 0.18853220E-01 0.18127236E-01 0.17534008E-01 0.17069572E-01 0.16722756E-01 0.16477051E-01 0.16313009E-01 0.16210751E-01 0.16152256E-01 0.16123258E-01 0.16114636E-01 0.16123258E-01 0.16152256E-01 0.16210751E-01 0.16313009E-01 0.16477051E-01 0.16722756E-01 0.17069572E-01 0.17534008E-01 0.18127236E-01 0.18853220E-01 0.19707958E-01 0.20680473E-01 0.21756009E-01 0.22921089E-01 0.24168377E-01
0.19062411E-01 0.21477412E-01 0.24046243E-01 0.26820582E-01 0.29840876E-01 0.33079784E-01 0.36380989E-01 0.39432295E-01 0.41813295E-01 0.43123680E-01 0.43140161E-01 0.41914455E-01 0.39751414E-01 0.37081023E-01 0.34301770E-01 0.31676868E-01 0.29315250E-01 0.27215112E-01 0.25326503E-01 0.23599889E-01 0.22008753E-01 0.20550591E-01 0.19237092E-01 0.18082889E-01 0.17097673E-01 0.16282613E-01 0.15630129E-01 0.15125697E-01 0.14750610E-01 0.14484937E-01 0.14310237E-01 0.14211758E-01 0.14180019E-01 0.14211758E-01 0.14310237E-01 0.14484937E-01 0.14750610E-01 0.15125697E-01 0.15630129E-01 0.16282613E-01 0.17097673E-01 0.18082889E-01 0.19237092E-01 0.20550591E-01 0.22008753E-01 0.23599889E-01 0.25326503E-01 0.27215112E-01
0.22663643E-01 0.25672232E-01 0.29042929E-01 0.32945752E-01 0.37527299E-01 0.42786798E-01 0.48436679E-01 0.53835267E-01 0.58088443E-01 0.60334657E-01 0.60090498E-01 0.57463671E-01 0.53106326E-01 0.47936164E-01 0.42789438E-01 0.38190849E-01 0.34317863E-01 0.31105392E-01 0.28387429E-01 0.26003591E-01 0.23849003E-01 0.21878628E-01 0.20088333E-01 0.18491837E-01 0.17103685E-01 0.15930426E-01 0.14968193E-01 0.14204094E-01 0.13619358E-01 0.13192952E-01 0.12904923E-01 0.12739103E-01 0.12685033E-01 0.12739103E-01 0.12904923E-01 0.13192952E-01 0.13619358E-01 0.14204094E-01 0.14968193E-01 0.15930426E-01 0.17103685E-01 0.18491837E-01 0.20088333E-01 0.21878628E-01 0.23849003E-01 0.26003591E-01 0.28387429E-01 0.31105392E-01
0.26671784E-01 0.30470873E-01 0.35018607E-01 0.40704565E-01 0.47874885E-01 0.56581619E-01 0.66292518E-01 0.75758567E-01 0.83247069E-01 0.87123320E-01 0.86486575E-01 0.81530693E-01 0.73470030E-01 0.64057383E-01 0.54919619E-01 0.47069082E-01 0.40810069E-01 0.35955489E-01 0.32121380E-01 0.28940499E-01 0.26159293E-01 0.23647464E-01 0.21363621E-01 0.19312164E-01 0.17510391E-01 0.15970336E-01 0.14692234E-01 0.13664843E-01 0.12868934E-01 0.12281706E-01 0.11880955E-01 0.11648449E-01 0.11572317E-01 0.11648449E-01 0.11880955E-01 0.12281706E-01 0.12868934E-01 0.13664843E-01 0.14692234E-01 0.15970336E-01 0.17510391E-01 0.19312164E-01 0.21363621E-01 0.23647464E-01 0.26159293E-01 0.28940499E-01 0.32121380E-01 0.35955489E-01
0.31077239E-01 0.35915814E-01 0.42124795E-01 0.50443546E-01 0.61524820E-01 0.75454221E-01 0.91209007E-01 0.10651095E+00 0.11843532E+00 0.12447795E+00 0.12336585E+00 0.11535291E+00 0.10218368E+00 0.86640839E-01 0.71561224E-01 0.58831696E-01 0.49046023E-01 0.41854779E-01 0.36530200E-01 0.32373030E-01 0.28888771E-01 0.25805114E-01 0.23014143E-01 0.20498861E-01 0.18275876E-01 0.16362528E-01 0.14763628E-01 0.13469802E-01 0.12461175E-01 0.11712731E-01 0.11199478E-01 0.10900637E-01 0.10802598E-01 0.10900637E-01 0.11199478E-01 0.11712731E-01 0.12461175E-01 0.13469802E-01 0.14763628E-01 0.16362528E-01 0.18275876E-01 0.20498861E-01 0.23014143E-01 0.25805114E-01 0.28888771E-01 0.32373030E-01 0.36530200E-01 0.41854779E-01
0.35843094E-01 0.41977206E-01 0.50343770E-01 0.62146494E-01 0.78378028E-01 0.98938698E-01 0.12176700E+00 0.14300697E+00 0.15864000E+00 0.16618520E+00 0.16481022E+00 0.15460645E+00 0.13685270E+00 0.11470823E+00 0.92433910E-01 0.73421057E-01 0.58999015E-01 0.48763417E-01 0.41561210E-01 0.36242555E-01 0.31978462E-01 0.28295579E-01 0.24988210E-01 0.22004649E-01 0.19356826E-01 0.17067037E-01 0.15145131E-01 0.13583842E-01 0.12362520E-01 0.11453554E-01 0.10828708E-01 0.10464259E-01 0.10344586E-01 0.10464259E-01 0.10828708E-01 0.11453554E-01 0.12362520E-01 0.13583842E-01 0.15145131E-01 0.17067037E-01 0.19356826E-01 0.22004649E-01 0.24988210E-01 0.28295579E-01 0.31978462E-01 0.36242555E-01 0.41561210E-01 0.48763417E-01
0.40885630E-01 0.48489883E-01 0.59333315E-01 0.75096950E-01 0.96927504E-01 0.12392150E+00 0.15198011E+00 0.17513791E+00 0.18945862E+00 0.19529506E+00 0.19447359E+00 0.18635100E+00 0.16896219E+00 0.14346962E+00 0.11511825E+00 0.89668115E-01 0.70100781E-01 0.56397175E-01 0.47063794E-01 0.40458665E-01 0.35363450E-01 0.31064621E-01 0.27236769E-01 0.23783961E-01 0.20710744E-01 0.18044326E-01 0.15800000E-01 0.13972720E-01 0.12540820E-01 0.11473652E-01 0.10739270E-01 0.10310612E-01 0.10169801E-01 0.10310612E-01 0.10739270E-01 0.11473652E-01 0.12540820E-01 0.13972720E-01 0.15800000E-01 0.18044326E-01 0.20710744E-01 0.23783961E-01 0.27236769E-01 0.31064621E-01 0.35363450E-01 0.40458665E-01 0.47063794E-01 0.56397175E-01
0.46071468E-01 0.55132224E-01 0.68371068E-01 0.87780204E-01 0.11419053E+00 0.14491837E+00 0.17260910E+00 0.18898835E+00 0.19255832E+00 0.19098703E+00 0.19210409E+00 0.19368920E+00 0.18630172E+00 0.16514637E+00 0.13513940E+00 0.10518994E+00 0.81155858E-01 0.64186391E-01 0.52777064E-01 0.44900786E-01 0.38980001E-01 0.34068040E-01 0.29720865E-01 0.25798912E-01 0.22300371E-01 0.19258279E-01 0.16693750E-01 0.14603785E-01 0.12965178E-01 0.11743617E-01 0.10902863E-01 0.10412076E-01 0.10250850E-01 0.10412076E-01 0.10902863E-01 0.11743617E-01 0.12965178E-01 0.14603785E-01 0.16693750E-01 0.19258279E-01 0.22300371E-01 0.25798912E-01 0.29720865E-01 0.34068040E-01 0.38980001E-01 0.44900786E-01 0.52777064E-01 0.64186391E-01
0.51250557E-01 0.61495974E-01 0.76515753E-01 0.98287591E-01 0.12677048E+00 0.15673579E+00 0.17699350E+00 0.17746191E+00 0.16142289E+00 0.14738970E+00 0.15163482E+00 0.16976226E+00 0.18171745E+00 0.17345103E+00 0.14790291E+00 0.11714324E+00 0.90632896E-01 0.71396856E-01 0.58384577E-01 0.49445635E-01 0.42781645E-01 0.37282794E-01 0.32420178E-01 0.28026120E-01 0.24099132E-01 0.20680481E-01 0.17797429E-01 0.15448391E-01 0.13607662E-01 0.12236310E-01 0.11293021E-01 0.10742622E-01 0.10561854E-01 0.10742622E-01 0.11293021E-01 0.12236310E-01 0.13607662E-01 0.15448391E-01 0.17797429E-01 0.20680481E-01 0.24099132E-01 0.28026120E-01 0.32420178E-01 0.37282794E-01 0.42781645E-01 0.49445635E-01 0.58384577E-01 0.71396856E-01
0.56327158E-01 0.67249905E-01 0.82977061E-01 0.10512330E+00 0.13252438E+00 0.15765314E+00 0.16651167E+00 0.14853108E+00 0.11218272E+00 0.85842497E-01 0.93123427E-01 0.12775554E+00 0.16036072E+00 0.16816999E+00 0.15126452E+00 0.12353256E+00 0.97285955E-01 0.77411783E-01 0.63638786E-01 0.54021862E-01 0.46764370E-01 0.40720410E-01 0.35341798E-01 0.30463452E-01 0.26096716E-01 0.22294912E-01 0.19091538E-01 0.16485151E-01 0.14445985E-01 0.12929098E-01 0.11887027E-01 0.11279541E-01 0.11080118E-01 0.11279541E-01 0.11887027E-01 0.12929098E-01 0.14445985E-01 0.16485151E-01 0.19091538E-01 0.22294912E-01 0.26096716E-01 0.30463452E-01 0.35341798E-01 0.40720410E-01 0.46764370E-01 0.54021862E-01 0.63638786E-01 0.77411783E-01
