Basic/Day4/qtaim/urea/crystal/urea_cry_pl2d.SURFKKIN
DSAA
 161 161
-0.75589045E+01  0.75589045E+01  0.94486307E-01
-0.75589045E+01  0.75589045E+01  0.94486307E-01
 0.00000000E+00  0.00000000E+00
[rows 0 to 21 of 161, columns 96 to 143 of 161]
0.13095640E+00 0.11781588E+00 0.10892608E+00 0.10355093E+00 0.10068116E+00 0.99298784E-01 0.98571138E-01 0.97961855E-01 0.97270792E-01 0.96614943E-01 0.96353319E-01 0.96946522E-01 0.98733185E-01 0.10162602E+00 0.10482844E+00 0.10687155E+00 0.10645116E+00 0.10435930E+00 0.10592027E+00 0.12200015E+00 0.16594990E+00 0.24512202E+00 0.34973036E+00 0.44776983E+00 0.49621318E+00 0.46714521E+00 0.36886289E+00 0.24091445E+00 0.12699056E+00 0.50914328E-01 0.12741931E-01 -0.24272127E-03 -0.15543736E-02 0.18269796E-03 0.14038137E-02 0.15659829E-02 0.12205685E-02 0.96569255E-03 0.11286768E-02 0.17882749E-02 0.28635719E-02 0.41698008E-02 0.54424204E-02 0.63620491E-02 0.66129607E-02 0.60012344E-02 0.46531701E-02 0.33099243E-02
0.90560652E-01 0.75401829E-01 0.64573702E-01 0.57450045E-01 0.53137614E-01 0.50715458E-01 0.49414049E-01 0.48721835E-01 0.48427498E-01 0.48606887E-01 0.49557994E-01 0.51680527E-01 0.55291547E-01 0.60379116E-01 0.66351601E-01 0.71962175E-01 0.75715371E-01 0.76988915E-01 0.77591317E-01 0.82628169E-01 0.99076277E-01 0.13130669E+00 0.17528590E+00 0.21614678E+00 0.23389321E+00 0.21594224E+00 0.16679834E+00 0.10538152E+00 0.52196363E-01 0.18075983E-01 0.23913492E-02 -0.15911488E-02 -0.76176652E-03 0.70101117E-03 0.13375420E-02 0.12308031E-02 0.92300540E-03 0.85888184E-03 0.12494472E-02 0.21143025E-02 0.33431117E-02 0.47277860E-02 0.59792118E-02 0.67609469E-02 0.67724555E-02 0.59112047E-02 0.45407923E-02 0.38897951E-02
0.62168561E-01 0.46648038E-01 0.35326122E-01 0.27632258E-01 0.22769718E-01 0.19922349E-01 0.18405823E-01 0.17756014E-01 0.17763128E-01 0.18459908E-01 0.20068009E-01 0.22902636E-01 0.27232366E-01 0.33095230E-01 0.40100200E-01 0.47311105E-01 0.53392747E-01 0.57186249E-01 0.58624702E-01 0.59421980E-01 0.62655668E-01 0.70788601E-01 0.82978624E-01 0.93898059E-01 0.96075873E-01 0.84995361E-01 0.62866714E-01 0.37396117E-01 0.16591915E-01 0.43080879E-02 -0.34071970E-03 -0.61877837E-03 0.41864219E-03 0.11291250E-02 0.11704739E-02 0.85906703E-03 0.62351305E-03 0.75244227E-03 0.13566456E-02 0.24073047E-02 0.37690936E-02 0.52129959E-02 0.64296071E-02 0.70749330E-02 0.68823594E-02 0.58749179E-02 0.47140038E-02 0.52194795E-02
0.42901864E-01 0.28134806E-01 0.17323849E-01 0.99121886E-02 0.51721957E-02 0.23780059E-02 0.92606123E-03 0.40187440E-03 0.60298614E-03 0.15264118E-02 0.33251460E-02 0.62354503E-02 0.10474675E-01 0.16110658E-01 0.22916703E-01 0.30260772E-01 0.37126120E-01 0.42371225E-01 0.45227693E-01 0.45794210E-01 0.45089055E-01 0.44373291E-01 0.44044590E-01 0.43014915E-01 0.39384028E-01 0.32121043E-01 0.22286371E-01 0.12546838E-01 0.53974608E-02 0.17202879E-02 0.73637870E-03 0.98243759E-03 0.12980648E-02 0.12186053E-02 0.83000925E-03 0.43862016E-03 0.32498014E-03 0.64889987E-03 0.14486319E-02 0.26620427E-02 0.41353793E-02 0.56227259E-02 0.67999421E-02 0.73251222E-02 0.69816661E-02 0.59444009E-02 0.52152878E-02 0.72749241E-02
0.30164536E-01 0.16760830E-01 0.70196220E-02 0.37471124E-03 -0.38522530E-02 -0.63127758E-02 -0.75403860E-02 -0.79041298E-02 -0.75961953E-02 -0.66456892E-02 -0.49541083E-02 -0.23503088E-02 0.13360564E-02 0.61840684E-02 0.12081273E-01 0.18637226E-01 0.25160307E-01 0.30760620E-01 0.34602661E-01 0.36222580E-01 0.35712490E-01 0.33596657E-01 0.30446954E-01 0.26550325E-01 0.21947459E-01 0.16804682E-01 0.11694803E-01 0.74259648E-02 0.45522739E-02 0.30431093E-02 0.23918849E-02 0.20048813E-02 0.15263473E-02 0.91629920E-03 0.33606348E-03 -0.75694860E-05 0.39957671E-04 0.55188392E-03 0.15233693E-02 0.28736415E-02 0.44372945E-02 0.59563343E-02 0.70978595E-02 0.75302073E-02 0.70970751E-02 0.61370954E-02 0.60062244E-02 0.98596107E-02
0.21892151E-01 0.10081603E-01 0.16218169E-02 -0.40689168E-02 -0.76290817E-02 -0.96467916E-02 -0.10594943E-01 -0.10801952E-01 -0.10448054E-01 -0.95800305E-02 -0.81405031E-02 -0.60097319E-02 -0.30585428E-02 0.78931958E-03 0.54898584E-02 0.10818366E-01 0.16340176E-01 0.21446113E-01 0.25474417E-01 0.27895759E-01 0.28479704E-01 0.27345307E-01 0.24866340E-01 0.21510032E-01 0.17728290E-01 0.13938442E-01 0.10518660E-01 0.77420016E-02 0.56837742E-02 0.42073512E-02 0.30690001E-02 0.20677634E-02 0.11355528E-02 0.32964229E-03 -0.23296021E-03 -0.43982487E-03 -0.21661053E-03 0.46398482E-03 0.15779075E-02 0.30371635E-02 0.46706379E-02 0.62132704E-02 0.73290166E-02 0.77017665E-02 0.72374756E-02 0.64317658E-02 0.69701540E-02 0.12625706E-01
0.16576197E-01 0.63488289E-02 -0.84256904E-03 -0.55881153E-02 -0.84870182E-02 -0.10069597E-01 -0.10754639E-01 -0.10833867E-01 -0.10474625E-01 -0.97349454E-02 -0.85879066E-02 -0.69536731E-02 -0.47379755E-02 -0.18753886E-02 0.16257279E-02 0.56431336E-02 0.99175111E-02 0.14062941E-01 0.17624636E-01 0.20179784E-01 0.21449637E-01 0.21373666E-01 0.20111140E-01 0.17976269E-01 0.15346340E-01 0.12579878E-01 0.99571326E-02 0.76429412E-02 0.56804591E-02 0.40251523E-02 0.26069123E-02 0.13862940E-02 0.37646146E-03 -0.36989365E-03 -0.78781047E-03 -0.82138005E-03 -0.43399285E-03 0.38503760E-03 0.16079956E-02 0.31472118E-02 0.48307497E-02 0.63913736E-02 0.74946344E-02 0.78416972E-02 0.73933437E-02 0.67750323E-02 0.79371992E-02 0.15140688E-01
0.13176597E-01 0.44023027E-02 -0.16517210E-02 -0.55674961E-02 -0.78991053E-02 -0.91202276E-02 -0.95992989E-02 -0.95941012E-02 -0.92585517E-02 -0.86572679E-02 -0.77856953E-02 -0.65947015E-02 -0.50187106E-02 -0.30060455E-02 -0.54919688E-03 0.22889109E-02 0.53588963E-02 0.84273117E-02 0.11204513E-01 0.13397902E-01 0.14778167E-01 0.15235217E-01 0.14801087E-01 0.13631308E-01 0.11955103E-01 0.10015566E-01 0.80197445E-02 0.61108856E-02 0.43668959E-02 0.28199383E-02 0.14841613E-02 0.37693632E-03 -0.47369725E-03 -0.10323120E-02 -0.12622440E-02 -0.11299031E-02 -0.60878914E-03 0.31161829E-03 0.16080873E-02 0.31977555E-02 0.49119387E-02 0.64858658E-02 0.75903677E-02 0.79421108E-02 0.75408408E-02 0.70967443E-02 0.87258741E-02 0.16984631E-01
0.10999946E-01 0.35153825E-02 -0.15714771E-02 -0.48125532E-02 -0.67066253E-02 -0.76683420E-02 -0.80169351E-02 -0.79775834E-02 -0.76901506E-02 -0.72223265E-02 -0.65858223E-02 -0.57549932E-02 -0.46873334E-02 -0.33448496E-02 -0.17147293E-02 0.17323942E-03 0.22358695E-02 0.43365351E-02 0.62991210E-02 0.79361741E-02 0.90859472E-02 0.96475669E-02 0.96019962E-02 0.90111773E-02 0.79966716E-02 0.67071184E-02 0.52867999E-02 0.38546912E-02 0.24976038E-02 0.12746395E-02 0.22670790E-03 -0.61470477E-03 -0.12219345E-02 -0.15679266E-02 -0.16240515E-02 -0.13594487E-02 -0.74459292E-03 0.23764674E-03 0.15717721E-02 0.31823314E-02 0.49074671E-02 0.64892597E-02 0.76066346E-02 0.79875014E-02 0.76489961E-02 0.73293636E-02 0.91892248E-02 0.17850820E-01
0.95872163E-02 0.32491862E-02 -0.10290763E-02 -0.37462612E-02 -0.53334934E-02 -0.61413013E-02 -0.64383675E-02 -0.64168957E-02 -0.62014713E-02 -0.58598765E-02 -0.54153689E-02 -0.48602368E-02 -0.41703999E-02 -0.33203556E-02 -0.22973982E-02 -0.11134607E-02 0.18744279E-03 0.15282797E-02 0.28060837E-02 0.39069994E-02 0.47266989E-02 0.51910383E-02 0.52706736E-02 0.49849724E-02 0.43944001E-02 0.35848477E-02 0.26498750E-02 0.16762594E-02 0.73590521E-03 -0.11606259E-03 -0.83895270E-03 -0.14020791E-02 -0.17796233E-02 -0.19455638E-02 -0.18696846E-02 -0.15165270E-02 -0.84977213E-03 0.15560547E-03 0.14925365E-02 0.30946444E-02 0.48101704E-02 0.63922191E-02 0.75302073E-02 0.79581840E-02 0.76875233E-02 0.74251958E-02 0.92513208E-02 0.17619314E-01
0.86298730E-02 0.33393199E-02 -0.25029728E-03 -0.25649283E-02 -0.39560640E-02 -0.47034875E-02 -0.50218166E-02 -0.50680919E-02 -0.49494229E-02 -0.47307289E-02 -0.44429611E-02 -0.40921064E-02 -0.36689592E-02 -0.31592597E-02 -0.25534114E-02 -0.18546702E-02 -0.10845330E-02 -0.28412783E-03 0.48914181E-03 0.11695527E-02 0.16942282E-02 0.20149027E-02 0.21071176E-02 0.19741996E-02 0.16451061E-02 0.11672436E-02 0.59696103E-03 -0.94684825E-05 -0.60213979E-03 -0.11403490E-02 -0.15921808E-02 -0.19316436E-02 -0.21343326E-02 -0.21727954E-02 -0.20131077E-02 -0.16145936E-02 -0.93486380E-03 0.57908999E-04 0.13647315E-02 0.29295235E-02 0.46136304E-02 0.61851897E-02 0.73466579E-02 0.78341152E-02 0.76329571E-02 0.73663307E-02 0.89231782E-02 0.16381542E-01
0.79172752E-02 0.36198035E-02 0.64559813E-03 -0.13475296E-02 -0.26227581E-02 -0.33825722E-02 -0.37826465E-02 -0.39410608E-02 -0.39441509E-02 -0.38507134E-02 -0.36960012E-02 -0.34963848E-02 -0.32549390E-02 -0.29677341E-02 -0.26302275E-02 -0.22429339E-02 -0.18154825E-02 -0.13682833E-02 -0.93135286E-03 -0.54039847E-03 -0.23091717E-03 -0.31706748E-04 0.40570761E-04 -0.15717305E-04 -0.18746804E-03 -0.45003275E-03 -0.77207183E-03 -0.11206474E-02 -0.14650831E-02 -0.17788500E-02 -0.20392400E-02 -0.22251269E-02 -0.23135176E-02 -0.22759155E-02 -0.20758793E-02 -0.16694571E-02 -0.10103928E-02 -0.61838629E-04 0.11846069E-02 0.26840795E-02 0.43136993E-02 0.58604966E-02 0.70431573E-02 0.75983050E-02 0.74717864E-02 0.71650746E-02 0.82945393E-02 0.14410604E-01
0.73100233E-02 0.39793571E-02 0.15881101E-02 -0.12418466E-03 -0.13301120E-02 -0.21504087E-02 -0.26767407E-02 -0.29834200E-02 -0.31317653E-02 -0.31707473E-02 -0.31366730E-02 -0.30535548E-02 -0.29348121E-02 -0.27862454E-02 -0.26097680E-02 -0.24071930E-02 -0.21833356E-02 -0.19478156E-02 -0.17151997E-02 -0.15034736E-02 -0.13312357E-02 -0.12143639E-02 -0.11630032E-02 -0.11797592E-02 -0.12594654E-02 -0.13905089E-02 -0.15571235E-02 -0.17419478E-02 -0.19279383E-02 -0.20991337E-02 -0.22400038E-02 -0.23335241E-02 -0.23584339E-02 -0.22864723E-02 -0.20806889E-02 -0.16962377E-02 -0.10853087E-02 -0.20781236E-03 0.95125857E-03 0.23588496E-02 0.39100762E-02 0.54145220E-02 0.66111850E-02 0.72392845E-02 0.72005561E-02 0.68561727E-02 0.75062506E-02 0.12089854E-01
0.67302284E-02 0.43412093E-02 0.25258834E-02 0.10866193E-02 -0.65579207E-04 -0.96949652E-03 -0.16490050E-02 -0.21297027E-02 -0.24431038E-02 -0.26242548E-02 -0.27072284E-02 -0.27212026E-02 -0.26883627E-02 -0.26237752E-02 -0.25367915E-02 -0.24332733E-02 -0.23179113E-02 -0.21960389E-02 -0.20745550E-02 -0.19618371E-02 -0.18667950E-02 -0.17974326E-02 -0.17594105E-02 -0.17550298E-02 -0.17829590E-02 -0.18386906E-02 -0.19154657E-02 -0.20053374E-02 -0.20998304E-02 -0.21899056E-02 -0.22650451E-02 -0.23115200E-02 -0.23101551E-02 -0.22341597E-02 -0.20478796E-02 -0.17076229E-02 -0.11659999E-02 -0.38126839E-03 0.66730758E-03 0.19586837E-02 0.34076154E-02 0.48495750E-02 0.60487852E-02 0.67527711E-02 0.68239843E-02 0.64846985E-02 0.67137195E-02 0.98242442E-02
0.61596577E-02 0.46571142E-02 0.34157690E-02 0.22623776E-02 0.11729315E-02 0.18463805E-03 -0.65755419E-03 -0.13264473E-02 -0.18189811E-02 -0.21519971E-02 -0.23539526E-02 -0.24567792E-02 -0.24899546E-02 -0.24773095E-02 -0.24362037E-02 -0.23783146E-02 -0.23112260E-02 -0.22401412E-02 -0.21692488E-02 -0.21025079E-02 -0.20438354E-02 -0.19968428E-02 -0.19643865E-02 -0.19481353E-02 -0.19484049E-02 -0.19642443E-02 -0.19936762E-02 -0.20339580E-02 -0.20815424E-02 -0.21315994E-02 -0.21769713E-02 -0.22066046E-02 -0.22036685E-02 -0.21437637E-02 -0.19938777E-02 -0.17130282E-02 -0.12558156E-02 -0.58024047E-03 0.33917687E-03 0.14931597E-02 0.28170813E-02 0.41751210E-02 0.53621016E-02 0.61425459E-02 0.63525282E-02 0.60941645E-02 0.60531083E-02 0.79608182E-02
0.56378787E-02 0.49074574E-02 0.42222853E-02 0.33740894E-02 0.23722985E-02 0.13166298E-02 0.31790404E-03 -0.54161842E-03 -0.12201827E-02 -0.17122754E-02 -0.20373444E-02 -0.22276386E-02 -0.23184158E-02 -0.23416127E-02 -0.23227635E-02 -0.22803539E-02 -0.22266659E-02 -0.21692952E-02 -0.21127454E-02 -0.20597457E-02 -0.20121450E-02 -0.19713911E-02 -0.19387291E-02 -0.19151861E-02 -0.19015701E-02 -0.18984360E-02 -0.19060673E-02 -0.19242853E-02 -0.19521584E-02 -0.19872940E-02 -0.20247958E-02 -0.20558587E-02 -0.20661487E-02 -0.20342579E-02 -0.19307281E-02 -0.17183931E-02 -0.13550535E-02 -0.79967767E-03 -0.23130921E-04 0.97639752E-03 0.21551602E-02 0.34081323E-02 0.45660065E-02 0.54207187E-02 0.58004570E-02 0.57183974E-02 0.56188773E-02 0.67369842E-02
0.52543829E-02 0.51012062E-02 0.49210083E-02 0.43903775E-02 0.35076119E-02 0.24134712E-02 0.12770163E-02 0.23529566E-03 -0.62835561E-03 -0.12824250E-02 -0.17341126E-02 -0.20135493E-02 -0.21601728E-02 -0.22131694E-02 -0.22060451E-02 -0.21644855E-02 -0.21064048E-02 -0.20431886E-02 -0.19813815E-02 -0.19243348E-02 -0.18735604E-02 -0.18297061E-02 -0.17931721E-02 -0.17644588E-02 -0.17442918E-02 -0.17336349E-02 -0.17335780E-02 -0.17450247E-02 -0.17682847E-02 -0.18023416E-02 -0.18438835E-02 -0.18860688E-02 -0.19171252E-02 -0.19189811E-02 -0.18662944E-02 -0.17264524E-02 -0.14613570E-02 -0.10319971E-02 -0.40674304E-03 0.42625143E-03 0.14436703E-02 0.25724512E-02 0.36836931E-02 0.46074249E-02 0.51849748E-02 0.53784028E-02 0.54556131E-02 0.62628119E-02
0.51305553E-02 0.52715095E-02 0.55014209E-02 0.52834837E-02 0.45489678E-02 0.34509304E-02 0.22043672E-02 0.99794167E-03 -0.42209765E-04 -0.85580447E-03 -0.14349410E-02 -0.18053065E-02 -0.20088634E-02 -0.20910130E-02 -0.20927253E-02 -0.20468242E-02 -0.19771781E-02 -0.18996038E-02 -0.18235589E-02 -0.17540020E-02 -0.16930649E-02 -0.16413740E-02 -0.15989849E-02 -0.15659855E-02 -0.15427822E-02 -0.15302041E-02 -0.15294067E-02 -0.15415760E-02 -0.15675182E-02 -0.16069979E-02 -0.16578897E-02 -0.17151236E-02 -0.17694816E-02 -0.18063780E-02 -0.18048744E-02 -0.17373452E-02 -0.15704151E-02 -0.12679635E-02 -0.79701667E-03 -0.13702178E-03 0.70804819E-03 0.16972274E-02 0.27452757E-02 0.37298224E-02 0.45259530E-02 0.50835701E-02 0.55622181E-02 0.65320437E-02
0.53901163E-02 0.54652066E-02 0.59667212E-02 0.60341675E-02 0.54684381E-02 0.44009486E-02 0.30765058E-02 0.17294465E-02 0.52804001E-03 -0.43705184E-03 -0.11406019E-02 -0.16017950E-02 -0.18634998E-02 -0.19761827E-02 -0.19875409E-02 -0.19371475E-02 -0.18547270E-02 -0.17606696E-02 -0.16676713E-02 -0.15827365E-02 -0.15090847E-02 -0.14477353E-02 -0.13986877E-02 -0.13617335E-02 -0.13368933E-02 -0.13246313E-02 -0.13258347E-02 -0.13415848E-02 -0.13728142E-02 -0.14197563E-02 -0.14812428E-02 -0.15538312E-02 -0.16307900E-02 -0.17010175E-02 -0.17480478E-02 -0.17494188E-02 -0.16768410E-02 -0.14977395E-02 -0.11788632E-02 -0.69242328E-03 -0.24673308E-04 0.81462570E-03 0.17854795E-02 0.28203480E-02 0.38458646E-02 0.48353518E-02 0.59035406E-02 0.74502227E-02
0.61204518E-02 0.57267608E-02 0.63298842E-02 0.66340709E-02 0.62453778E-02 0.52380401E-02 0.38684576E-02 0.24085455E-02 0.10662007E-02 -0.37270196E-04 -0.85793581E-03 -0.14068633E-02 -0.17263647E-02 -0.18707923E-02 -0.18936862E-02 -0.18407534E-02 -0.17471936E-02 -0.16377893E-02 -0.15284563E-02 -0.14283441E-02 -0.13419280E-02 -0.12708036E-02 -0.12150680E-02 -0.11743082E-02 -0.11481699E-02 -0.11366925E-02 -0.11403663E-02 -0.11600350E-02 -0.11965747E-02 -0.12505409E-02 -0.13215843E-02 -0.14077634E-02 -0.15047111E-02 -0.16046873E-02 -0.16955913E-02 -0.17600822E-02 -0.17750704E-02 -0.17119498E-02 -0.15380870E-02 -0.12199679E-02 -0.72808958E-03 -0.42868257E-04 0.84074512E-03 0.19142963E-02 0.31692534E-02 0.46313447E-02 0.64242918E-02 0.88680332E-02
0.73322075E-02 0.60800163E-02 0.66071772E-02 0.70854071E-02 0.68693253E-02 0.59437056E-02 0.45586643E-02 0.30144893E-02 0.15546607E-02 0.33000760E-03 -0.59645867E-03 -0.12266720E-02 -0.16012060E-02 -0.17771816E-02 -0.18130282E-02 -0.17598251E-02 -0.16576795E-02 -0.15353777E-02 -0.14118226E-02 -0.12982017E-02 -0.12002308E-02 -0.11201236E-02 -0.10581389E-02 -0.10137214E-02 -0.98618429E-03 -0.97515544E-03 -0.98072477E-03 -0.10034343E-02 -0.10440758E-02 -0.11034449E-02 -0.11819160E-02 -0.12789212E-02 -0.13922871E-02 -0.15174181E-02 -0.16463300E-02 -0.17665742E-02 -0.18601445E-02 -0.19025873E-02 -0.18625771E-02 -0.17022588E-02 -0.13785573E-02 -0.84514463E-03 -0.53859480E-04 0.10469725E-02 0.25215586E-02 0.44685650E-02 0.70616182E-02 0.10611662E-01
0.89291477E-02 0.65132572E-02 0.68112944E-02 0.73987281E-02 0.73405550E-02 0.65086018E-02 0.51319851E-02 0.35303403E-02 0.19776245E-02 0.65176248E-03 -0.36585818E-03 -0.10677393E-02 -0.14919195E-02 -0.16973164E-02 -0.17462915E-02 -0.16944529E-02 -0.15861283E-02 -0.14535863E-02 -0.13183509E-02 -0.11934166E-02 -0.10856154E-02 -0.99773364E-03 -0.93020505E-03 -0.88234778E-03 -0.85320669E-03 -0.84203526E-03 -0.84855552E-03 -0.87302510E-03 -0.91614361E-03 -0.97891030E-03 -0.10623427E-02 -0.11671088E-02 -0.12930193E-02 -0.14383335E-02 -0.15988247E-02 -0.17665559E-02 -0.19282974E-02 -0.20636956E-02 -0.21431593E-02 -0.21257127E-02 -0.19569089E-02 -0.15667927E-02 -0.86747940E-03 0.25082037E-03 0.19274223E-02 0.43453088E-02 0.77546388E-02 0.12506773E-01
