Basic/Day4/qtaim/urea/crystal/urea_cry_pl2d.SURFELFB
DSAA
 161 161
-0.75589045E+01  0.75589045E+01  0.94486307E-01
-0.75589045E+01  0.75589045E+01  0.94486307E-01
 0.00000000E+00  0.00000000E+00
[rows 88 to 109 of 161, columns 48 to 95 of 161]
0.94320171E+00 0.91526202E+00 0.87460548E+00 0.81653006E+00 0.73798564E+00 0.64268595E+00 0.54431752E+00 0.46101692E+00 0.40566506E+00 0.38307880E+00 0.39375476E+00 0.43669523E+00 0.50785420E+00 0.59664131E+00 0.68700440E+00 0.76516347E+00 0.82554650E+00 0.86919525E+00 0.89938369E+00 0.91913395E+00 0.93051757E+00 0.93426647E+00 0.92870729E+00 0.90699394E+00 0.85129024E+00 0.72869177E+00 0.52226356E+00 0.30198871E+00 0.16001636E+00 0.96179179E-01 0.73519036E-01 0.68101917E-01 0.67720776E-01 0.68101917E-01 0.73519036E-01 0.96179179E-01 0.16001636E+00 0.30198871E+00 0.52226356E+00 0.72869177E+00 0.85129024E+00 0.90699394E+00 0.92870729E+00 0.93426647E+00 0.93051757E+00 0.91913395E+00 0.89938369E+00 0.86919525E+00
0.94648094E+00 0.92035740E+00 0.88367649E+00 0.83412019E+00 0.77122181E+00 0.69842446E+00 0.62411778E+00 0.55956012E+00 0.51461260E+00 0.49501024E+00 0.50246296E+00 0.53544826E+00 0.58903972E+00 0.65475897E+00 0.72244405E+00 0.78368926E+00 0.83397427E+00 0.87226296E+00 0.89948202E+00 0.91720718E+00 0.92667868E+00 0.92765611E+00 0.91620908E+00 0.87960136E+00 0.78704106E+00 0.59700794E+00 0.34476670E+00 0.16488622E+00 0.91178004E-01 0.77263639E-01 0.96596930E-01 0.13254637E+00 0.15197144E+00 0.13254637E+00 0.96596930E-01 0.77263639E-01 0.91178004E-01 0.16488622E+00 0.34476670E+00 0.59700794E+00 0.78704106E+00 0.87960136E+00 0.91620908E+00 0.92765611E+00 0.92667868E+00 0.91720718E+00 0.89948202E+00 0.87226296E+00
0.94708665E+00 0.92149616E+00 0.88614125E+00 0.83976677E+00 0.78327865E+00 0.72068335E+00 0.65888254E+00 0.60597144E+00 0.56891462E+00 0.55204289E+00 0.55680449E+00 0.58201671E+00 0.62397609E+00 0.67671145E+00 0.73302882E+00 0.78625311E+00 0.83171822E+00 0.86724791E+00 0.89266970E+00 0.90880155E+00 0.91615957E+00 0.91307091E+00 0.89190846E+00 0.83080772E+00 0.68490112E+00 0.43427407E+00 0.20297777E+00 0.98626744E-01 0.84515691E-01 0.14677651E+00 0.32483813E+00 0.53902974E+00 0.62300641E+00 0.53902974E+00 0.32483813E+00 0.14677651E+00 0.84515691E-01 0.98626744E-01 0.20297777E+00 0.43427407E+00 0.68490112E+00 0.83080772E+00 0.89190846E+00 0.91307091E+00 0.91615957E+00 0.90880155E+00 0.89266970E+00 0.86724791E+00
0.94536837E+00 0.91931940E+00 0.88357671E+00 0.83741471E+00 0.78250786E+00 0.72336908E+00 0.66652781E+00 0.61876833E+00 0.58546696E+00 0.56981357E+00 0.57283443E+00 0.59362847E+00 0.62943809E+00 0.67570524E+00 0.72656456E+00 0.77597880E+00 0.81911178E+00 0.85319172E+00 0.87742151E+00 0.89203001E+00 0.89663158E+00 0.88741999E+00 0.85145837E+00 0.75623476E+00 0.55496545E+00 0.29044645E+00 0.12483765E+00 0.82865425E-01 0.14497194E+00 0.43870016E+00 0.82389560E+00 0.95252313E+00 0.97269830E+00 0.95252313E+00 0.82389560E+00 0.43870016E+00 0.14497194E+00 0.82865425E-01 0.12483765E+00 0.29044645E+00 0.55496545E+00 0.75623476E+00 0.85145837E+00 0.88741999E+00 0.89663158E+00 0.89203001E+00 0.87742151E+00 0.85319172E+00
0.94142781E+00 0.91398846E+00 0.87645322E+00 0.82847204E+00 0.77233630E+00 0.71307346E+00 0.65721548E+00 0.61094870E+00 0.57877081E+00 0.56313473E+00 0.56472022E+00 0.58273404E+00 0.61493599E+00 0.65752995E+00 0.70535143E+00 0.75269361E+00 0.79458776E+00 0.82782651E+00 0.85107515E+00 0.86391043E+00 0.86475322E+00 0.84700980E+00 0.79181856E+00 0.66026937E+00 0.42698915E+00 0.19545508E+00 0.91057534E-01 0.97976223E-01 0.31045426E+00 0.81661524E+00 0.98340824E+00 0.99819431E+00 0.99928203E+00 0.99819431E+00 0.98340824E+00 0.81661524E+00 0.31045426E+00 0.97976223E-01 0.91057534E-01 0.19545508E+00 0.42698915E+00 0.66026937E+00 0.79181856E+00 0.84700980E+00 0.86475322E+00 0.86391043E+00 0.85107515E+00 0.82782651E+00
0.93511256E+00 0.90530130E+00 0.86462267E+00 0.81310934E+00 0.75372732E+00 0.69212961E+00 0.63503263E+00 0.58827218E+00 0.55570892E+00 0.53920625E+00 0.53911346E+00 0.55463771E+00 0.58385088E+00 0.62347322E+00 0.66885064E+00 0.71453559E+00 0.75544172E+00 0.78793936E+00 0.81011362E+00 0.82077561E+00 0.81696582E+00 0.78927638E+00 0.71482918E+00 0.55831461E+00 0.32748543E+00 0.14309536E+00 0.78483273E-01 0.12884308E+00 0.51607336E+00 0.94896243E+00 0.99812410E+00 0.99992596E+00 0.99998753E+00 0.99992596E+00 0.99812410E+00 0.94896243E+00 0.51607336E+00 0.12884308E+00 0.78483273E-01 0.14309536E+00 0.32748543E+00 0.55831461E+00 0.71482918E+00 0.78927638E+00 0.81696582E+00 0.82077561E+00 0.81011362E+00 0.78793936E+00
0.92594676E+00 0.89266784E+00 0.84746743E+00 0.79085783E+00 0.72662354E+00 0.66117255E+00 0.60148356E+00 0.55308052E+00 0.51920560E+00 0.50112783E+00 0.49882813E+00 0.51144313E+00 0.53726922E+00 0.57347418E+00 0.61590569E+00 0.65943609E+00 0.69894393E+00 0.73041881E+00 0.75135214E+00 0.75977935E+00 0.75154799E+00 0.71554363E+00 0.62908683E+00 0.46843567E+00 0.26332238E+00 0.11727622E+00 0.73035958E-01 0.14705008E+00 0.60763753E+00 0.97137396E+00 0.99926126E+00 0.99998728E+00 0.99999986E+00 0.99998728E+00 0.99926126E+00 0.97137396E+00 0.60763753E+00 0.14705008E+00 0.73035958E-01 0.11727622E+00 0.26332238E+00 0.46843567E+00 0.62908683E+00 0.71554363E+00 0.75154799E+00 0.75977935E+00 0.75135214E+00 0.73041881E+00
0.91302305E+00 0.87501032E+00 0.82386486E+00 0.76076597E+00 0.69050305E+00 0.62031891E+00 0.55740520E+00 0.50686700E+00 0.47123367E+00 0.45111368E+00 0.44606460E+00 0.45509653E+00 0.47668257E+00 0.50843273E+00 0.54677625E+00 0.58707914E+00 0.62439844E+00 0.65451732E+00 0.67445376E+00 0.68166070E+00 0.67143169E+00 0.63282495E+00 0.54701948E+00 0.40147582E+00 0.22921946E+00 0.10762653E+00 0.68597891E-01 0.13008741E+00 0.53807808E+00 0.95326483E+00 0.99822421E+00 0.99992479E+00 0.99998644E+00 0.99992479E+00 0.99822421E+00 0.95326483E+00 0.53807808E+00 0.13008741E+00 0.68597891E-01 0.10762653E+00 0.22921946E+00 0.40147582E+00 0.54701948E+00 0.63282495E+00 0.67143169E+00 0.68166070E+00 0.67445376E+00 0.65451732E+00
0.89487200E+00 0.85064034E+00 0.79210462E+00 0.72141123E+00 0.64455546E+00 0.56958233E+00 0.50367861E+00 0.45129191E+00 0.41408526E+00 0.39193606E+00 0.38394489E+00 0.38896524E+00 0.40562045E+00 0.43197499E+00 0.46514557E+00 0.50122343E+00 0.53576297E+00 0.56465348E+00 0.58469913E+00 0.59310029E+00 0.58534611E+00 0.55213760E+00 0.47932471E+00 0.35996182E+00 0.21894970E+00 0.11095320E+00 0.66622244E-01 0.93580675E-01 0.33319880E+00 0.83316705E+00 0.98403022E+00 0.99806405E+00 0.99918234E+00 0.99806405E+00 0.98403022E+00 0.83316705E+00 0.33319880E+00 0.93580675E-01 0.66622244E-01 0.11095320E+00 0.21894970E+00 0.35996182E+00 0.47932471E+00 0.55213760E+00 0.58534611E+00 0.59310029E+00 0.58469913E+00 0.56465348E+00
0.86932356E+00 0.81716743E+00 0.74988683E+00 0.67101107E+00 0.58789436E+00 0.50915815E+00 0.44156672E+00 0.38856972E+00 0.35080605E+00 0.32739790E+00 0.31701289E+00 0.31836554E+00 0.33022745E+00 0.35112043E+00 0.37891131E+00 0.41059445E+00 0.44251592E+00 0.47100561E+00 0.49294582E+00 0.50556717E+00 0.50497925E+00 0.48393257E+00 0.43179773E+00 0.34244323E+00 0.22956621E+00 0.12950935E+00 0.73738642E-01 0.68466062E-01 0.14772667E+00 0.45351028E+00 0.82041536E+00 0.94596711E+00 0.96720948E+00 0.94596711E+00 0.82041536E+00 0.45351028E+00 0.14772667E+00 0.68466062E-01 0.73738642E-01 0.12950935E+00 0.22956621E+00 0.34244323E+00 0.43179773E+00 0.48393257E+00 0.50497925E+00 0.50556717E+00 0.49294582E+00 0.47100561E+00
0.83340275E+00 0.77153855E+00 0.69456626E+00 0.60786158E+00 0.52009845E+00 0.43995235E+00 0.37315205E+00 0.32177565E+00 0.28534332E+00 0.26228351E+00 0.25092934E+00 0.24992685E+00 0.25821612E+00 0.27475423E+00 0.29813276E+00 0.32628351E+00 0.35648483E+00 0.38573220E+00 0.41121239E+00 0.43034709E+00 0.43992409E+00 0.43448614E+00 0.40577132E+00 0.34676175E+00 0.26115470E+00 0.16948708E+00 0.10015749E+00 0.68488247E-01 0.76296577E-01 0.14428291E+00 0.30848078E+00 0.49649971E+00 0.57158401E+00 0.49649971E+00 0.30848078E+00 0.14428291E+00 0.76296577E-01 0.68488247E-01 0.10015749E+00 0.16948708E+00 0.26115470E+00 0.34676175E+00 0.40577132E+00 0.43448614E+00 0.43992409E+00 0.43034709E+00 0.41121239E+00 0.38573220E+00
0.78338667E+00 0.71040731E+00 0.62387059E+00 0.53128981E+00 0.44218270E+00 0.36438052E+00 0.30185607E+00 0.25503358E+00 0.22235793E+00 0.20173275E+00 0.19132370E+00 0.18982050E+00 0.19637110E+00 0.21033241E+00 0.23093003E+00 0.25694086E+00 0.28655386E+00 0.31751514E+00 0.34746131E+00 0.37409751E+00 0.39479746E+00 0.40552172E+00 0.39990313E+00 0.37060740E+00 0.31446053E+00 0.23852172E+00 0.16126662E+00 0.10421564E+00 0.76776754E-01 0.75619569E-01 0.95461500E-01 0.12489761E+00 0.13970667E+00 0.12489761E+00 0.95461500E-01 0.75619569E-01 0.76776754E-01 0.10421564E+00 0.16126662E+00 0.23852172E+00 0.31446053E+00 0.37060740E+00 0.39990313E+00 0.40552172E+00 0.39479746E+00 0.37409751E+00 0.34746131E+00 0.31751514E+00
0.71531786E+00 0.63115404E+00 0.53729144E+00 0.44306844E+00 0.35768970E+00 0.28696428E+00 0.23252696E+00 0.19313964E+00 0.16642675E+00 0.15005194E+00 0.14223578E+00 0.14185343E+00 0.14832120E+00 0.16137278E+00 0.18076761E+00 0.20598589E+00 0.23601341E+00 0.26932592E+00 0.30407799E+00 0.33831290E+00 0.36987517E+00 0.39580050E+00 0.41145053E+00 0.41047684E+00 0.38688710E+00 0.33884102E+00 0.27203426E+00 0.20085095E+00 0.14306702E+00 0.10770165E+00 0.91566682E-01 0.86674410E-01 0.85999864E-01 0.86674410E-01 0.91566682E-01 0.10770165E+00 0.14306702E+00 0.20085095E+00 0.27203426E+00 0.33884102E+00 0.38688710E+00 0.41047684E+00 0.41145053E+00 0.39580050E+00 0.36987517E+00 0.33831290E+00 0.30407799E+00 0.26932592E+00
0.62645422E+00 0.53382396E+00 0.43796174E+00 0.34864129E+00 0.27302074E+00 0.21389788E+00 0.17051341E+00 0.14038920E+00 0.12080763E+00 0.10955766E+00 0.10515366E+00 0.10679695E+00 0.11423445E+00 0.12756406E+00 0.14699122E+00 0.17255365E+00 0.20387941E+00 0.24007455E+00 0.27979223E+00 0.32140937E+00 0.36310636E+00 0.40262942E+00 0.43673623E+00 0.46079550E+00 0.46932370E+00 0.45767944E+00 0.42410111E+00 0.37157788E+00 0.30946736E+00 0.25161760E+00 0.20891883E+00 0.18447558E+00 0.17672072E+00 0.18447558E+00 0.20891883E+00 0.25161760E+00 0.30946736E+00 0.37157788E+00 0.42410111E+00 0.45767944E+00 0.46932370E+00 0.46079550E+00 0.43673623E+00 0.40262942E+00 0.36310636E+00 0.32140937E+00 0.27979223E+00 0.24007455E+00
0.51796815E+00 0.42354828E+00 0.33387147E+00 0.25682109E+00 0.19603646E+00 0.15121989E+00 0.11992178E+00 0.99207295E-01 0.86577119E-01 0.80275013E-01 0.79285093E-01 0.83221696E-01 0.92191300E-01 0.10663156E+00 0.12710820E+00 0.15406919E+00 0.18760158E+00 0.22727259E+00 0.27211835E+00 0.32076304E+00 0.37155324E+00 0.42255073E+00 0.47131352E+00 0.51463819E+00 0.54867028E+00 0.56963732E+00 0.57488183E+00 0.56368676E+00 0.53803671E+00 0.50351153E+00 0.46900105E+00 0.44392346E+00 0.43482517E+00 0.44392346E+00 0.46900105E+00 0.50351153E+00 0.53803671E+00 0.56368676E+00 0.57488183E+00 0.56963732E+00 0.54867028E+00 0.51463819E+00 0.47131352E+00 0.42255073E+00 0.37155324E+00 0.32076304E+00 0.27211835E+00 0.22727259E+00
0.39787577E+00 0.31145112E+00 0.23647059E+00 0.17702129E+00 0.13315834E+00 0.10255826E+00 0.82246785E-01 0.69616759E-01 0.62790690E-01 0.60636015E-01 0.62663658E-01 0.68912255E-01 0.79834696E-01 0.96163170E-01 0.11872520E+00 0.14821157E+00 0.18494252E+00 0.22870516E+00 0.27871385E+00 0.33368491E+00 0.39196030E+00 0.45159510E+00 0.51036169E+00 0.56572610E+00 0.61496479E+00 0.65555833E+00 0.68575294E+00 0.70498134E+00 0.71399887E+00 0.71488923E+00 0.71098013E+00 0.70629642E+00 0.70427883E+00 0.70629642E+00 0.71098013E+00 0.71488923E+00 0.71399887E+00 0.70498134E+00 0.68575294E+00 0.65555833E+00 0.61496479E+00 0.56572610E+00 0.51036169E+00 0.45159510E+00 0.39196030E+00 0.33368491E+00 0.27871385E+00 0.22870516E+00
0.28086936E+00 0.21143084E+00 0.15613720E+00 0.11533457E+00 0.86942597E-01 0.68138610E-01 0.56395387E-01 0.49868752E-01 0.47426211E-01 0.48553661E-01 0.53252899E-01 0.61954214E-01 0.75421775E-01 0.94615277E-01 0.12048891E+00 0.15375368E+00 0.19467148E+00 0.24294618E+00 0.29772383E+00 0.35766028E+00 0.42100781E+00 0.48570279E+00 0.54946697E+00 0.60995019E+00 0.66494271E+00 0.71265403E+00 0.75198401E+00 0.78266208E+00 0.80518287E+00 0.82058795E+00 0.83019288E+00 0.83529863E+00 0.83687909E+00 0.83529863E+00 0.83019288E+00 0.82058795E+00 0.80518287E+00 0.78266208E+00 0.75198401E+00 0.71265403E+00 0.66494271E+00 0.60995019E+00 0.54946697E+00 0.48570279E+00 0.42100781E+00 0.35766028E+00 0.29772383E+00 0.24294618E+00
0.18235564E+00 0.13366855E+00 0.97615810E-01 0.72539061E-01 0.55968384E-01 0.45631051E-01 0.39849306E-01 0.37587984E-01 0.38379573E-01 0.42240783E-01 0.49608493E-01 0.61273001E-01 0.78264230E-01 0.10165703E+00 0.13231324E+00 0.17064543E+00 0.21650313E+00 0.26920727E+00 0.32765687E+00 0.39040813E+00 0.45569883E+00 0.52147656E+00 0.58551002E+00 0.64560985E+00 0.69990765E+00 0.74709527E+00 0.78653864E+00 0.81823656E+00 0.84265741E+00 0.86052289E+00 0.87260320E+00 0.87955749E+00 0.88182443E+00 0.87955749E+00 0.87260320E+00 0.86052289E+00 0.84265741E+00 0.81823656E+00 0.78653864E+00 0.74709527E+00 0.69990765E+00 0.64560985E+00 0.58551002E+00 0.52147656E+00 0.45569883E+00 0.39040813E+00 0.32765687E+00 0.26920727E+00
0.11056847E+00 0.80406176E-01 0.59309898E-01 0.45353565E-01 0.36659817E-01 0.31813561E-01 0.29941603E-01 0.30669169E-01 0.34065424E-01 0.40609055E-01 0.51152236E-01 0.66828304E-01 0.88846435E-01 0.11817375E+00 0.15521512E+00 0.19966777E+00 0.25063825E+00 0.30691171E+00 0.36716214E+00 0.42998592E+00 0.49381447E+00 0.55685546E+00 0.61717860E+00 0.67295133E+00 0.72272230E+00 0.76561796E+00 0.80137335E+00 0.83021152E+00 0.85264765E+00 0.86929763E+00 0.88073617E+00 0.88741195E+00 0.88960554E+00 0.88741195E+00 0.88073617E+00 0.86929763E+00 0.85264765E+00 0.83021152E+00 0.80137335E+00 0.76561796E+00 0.72272230E+00 0.67295133E+00 0.61717860E+00 0.55685546E+00 0.49381447E+00 0.42998592E+00 0.36716214E+00 0.30691171E+00
0.64317188E-01 0.47431368E-01 0.36172412E-01 0.29149046E-01 0.25261970E-01 0.23830577E-01 0.24591709E-01 0.27681636E-01 0.33638157E-01 0.43404917E-01 0.58273809E-01 0.79676196E-01 0.10878142E+00 0.14601955E+00 0.19081309E+00 0.24174575E+00 0.29706950E+00 0.35518335E+00 0.41480031E+00 0.47481240E+00 0.53405965E+00 0.59120748E+00 0.64481912E+00 0.69357617E+00 0.73651928E+00 0.77318533E+00 0.80359119E+00 0.82809813E+00 0.84723231E+00 0.86152864E+00 0.87143158E+00 0.87725414E+00 0.87917577E+00 0.87725414E+00 0.87143158E+00 0.86152864E+00 0.84723231E+00 0.82809813E+00 0.80359119E+00 0.77318533E+00 0.73651928E+00 0.69357617E+00 0.64481912E+00 0.59120748E+00 0.53405965E+00 0.47481240E+00 0.41480031E+00 0.35518335E+00
0.37085557E-01 0.28381264E-01 0.22911897E-01 0.19907207E-01 0.18881818E-01 0.19681743E-01 0.22505330E-01 0.27944655E-01 0.37038656E-01 0.51270831E-01 0.72387205E-01 0.10192254E+00 0.14050986E+00 0.18736192E+00 0.24038794E+00 0.29696108E+00 0.35479228E+00 0.41235530E+00 0.46877378E+00 0.52344817E+00 0.57573033E+00 0.62480177E+00 0.66975758E+00 0.70980219E+00 0.74443558E+00 0.77354123E+00 0.79735348E+00 0.81633905E+00 0.83105014E+00 0.84199803E+00 0.84957585E+00 0.85403635E+00 0.85551022E+00 0.85403635E+00 0.84957585E+00 0.84199803E+00 0.83105014E+00 0.81633905E+00 0.79735348E+00 0.77354123E+00 0.74443558E+00 0.70980219E+00 0.66975758E+00 0.62480177E+00 0.57573033E+00 0.52344817E+00 0.46877378E+00 0.41235530E+00
0.21914968E-01 0.17804820E-01 0.15556549E-01 0.14864467E-01 0.15668635E-01 0.18212379E-01 0.23120333E-01 0.31502708E-01 0.45025890E-01 0.65799336E-01 0.95879158E-01 0.13635544E+00 0.18645661E+00 0.24344198E+00 0.30358168E+00 0.36354040E+00 0.42120378E+00 0.47565681E+00 0.52668275E+00 0.57424172E+00 0.61816133E+00 0.65806583E+00 0.69347517E+00 0.72397733E+00 0.74938261E+00 0.76980000E+00 0.78562210E+00 0.79744189E+00 0.80593963E+00 0.81177597E+00 0.81551519E+00 0.81758236E+00 0.81824150E+00 0.81758236E+00 0.81551519E+00 0.81177597E+00 0.80593963E+00 0.79744189E+00 0.78562210E+00 0.76980000E+00 0.74938261E+00 0.72397733E+00 0.69347517E+00 0.65806583E+00 0.61816133E+00 0.57424172E+00 0.52668275E+00 0.47565681E+00
