Basic/Day4/qtaim/urea/crystal/urea_cry_pl2d.SURFKKIN
DSAA
 161 161
-0.75589045E+01  0.75589045E+01  0.94486307E-01
-0.75589045E+01  0.75589045E+01  0.94486307E-01
 0.00000000E+00  0.00000000E+00
[rows 22 to 43 of 161, columns 48 to 95 of 161]
-0.15306627E-02 -0.16433932E-02 -0.16932486E-02 -0.16324404E-02 -0.14017097E-02 -0.93567056E-03 -0.17437270E-03 0.91734339E-03 0.23230214E-02 0.39446723E-02 0.55808297E-02 0.69326825E-02 0.76688329E-02 0.75901024E-02 0.69470267E-02 0.69737624E-02 0.10701875E-01 0.24066671E-01 0.57125345E-01 0.12472819E+00 0.24514095E+00 0.43438444E+00 0.69558907E+00 0.10102876E+01 0.13509084E+01 0.17317779E+01 0.22657457E+01 0.30625343E+01 0.37487418E+01 0.33000297E+01 0.17784508E+01 0.70162132E+00 0.41729665E+00 0.70162132E+00 0.17784508E+01 0.33000297E+01 0.37487418E+01 0.30625343E+01 0.22657457E+01 0.17317779E+01 0.13509084E+01 0.10102876E+01 0.69558907E+00 0.43438444E+00 0.24514095E+00 0.12472819E+00 0.57125345E-01 0.24066671E-01
-0.14884961E-02 -0.16046174E-02 -0.16529129E-02 -0.15829304E-02 -0.13326389E-02 -0.83445011E-03 -0.27907480E-04 0.11193989E-02 0.25832855E-02 0.42519230E-02 0.59047591E-02 0.72237973E-02 0.78711037E-02 0.76787988E-02 0.70115419E-02 0.73762403E-02 0.12355056E-01 0.28875565E-01 0.68587947E-01 0.14850942E+00 0.28903018E+00 0.50659299E+00 0.80104216E+00 0.11489831E+01 0.15310126E+01 0.20126690E+01 0.28004434E+01 0.39070621E+01 0.42185273E+01 0.29012363E+01 0.26843047E+01 0.92621988E+01 0.21471578E+02 0.92621988E+01 0.26843047E+01 0.29012363E+01 0.42185273E+01 0.39070621E+01 0.28004434E+01 0.20126690E+01 0.15310126E+01 0.11489831E+01 0.80104216E+00 0.50659299E+00 0.28903018E+00 0.14850942E+00 0.68587947E-01 0.28875565E-01
-0.14565243E-02 -0.15756983E-02 -0.16237224E-02 -0.15482912E-02 -0.12854577E-02 -0.76615462E-03 0.70291703E-04 0.12541084E-02 0.27552908E-02 0.44517637E-02 0.61090237E-02 0.73953217E-02 0.79687330E-02 0.76860957E-02 0.69996492E-02 0.76251066E-02 0.13567759E-01 0.32521836E-01 0.77372511E-01 0.16681005E+00 0.32281823E+00 0.56202544E+00 0.88175443E+00 0.12564504E+01 0.16804129E+01 0.22773612E+01 0.33317210E+01 0.46198520E+01 0.44294218E+01 0.41529791E+01 0.25688222E+02 0.32786769E+03 0.72303550E+03 0.32786769E+03 0.25688222E+02 0.41529791E+01 0.44294218E+01 0.46198520E+01 0.33317210E+01 0.22773612E+01 0.16804129E+01 0.12564504E+01 0.88175443E+00 0.56202544E+00 0.32281823E+00 0.16681005E+00 0.77372511E-01 0.32521836E-01
-0.14316913E-02 -0.15540761E-02 -0.16037108E-02 -0.15272422E-02 -0.12596295E-02 -0.73095468E-03 0.11958316E-03 0.13209486E-02 0.28397476E-02 0.45478882E-02 0.62025364E-02 0.74633483E-02 0.79846921E-02 0.76349388E-02 0.69120739E-02 0.76448998E-02 0.14073398E-01 0.34326027E-01 0.82002422E-01 0.17678592E+00 0.34165676E+00 0.59352093E+00 0.92866726E+00 0.13215377E+01 0.17780266E+01 0.24638107E+01 0.37077574E+01 0.50794429E+01 0.47747276E+01 0.64300629E+01 0.15504486E+03 0.23047942E+04 0.15776444E+05 0.23047942E+04 0.15504486E+03 0.64300629E+01 0.47747276E+01 0.50794429E+01 0.37077574E+01 0.24638107E+01 0.17780266E+01 0.13215377E+01 0.92866726E+00 0.59352093E+00 0.34165676E+00 0.17678592E+00 0.82002422E-01 0.34326027E-01
-0.14112049E-02 -0.15372426E-02 -0.15906672E-02 -0.15178626E-02 -0.12534789E-02 -0.72730273E-03 0.12164033E-03 0.13221972E-02 0.28403441E-02 0.45465965E-02 0.61957347E-02 0.74438896E-02 0.79408028E-02 0.75494940E-02 0.67630118E-02 0.74086058E-02 0.13735216E-01 0.33906136E-01 0.81610586E-01 0.17672172E+00 0.34256463E+00 0.59658344E+00 0.93580114E+00 0.13356977E+01 0.18043982E+01 0.25139748E+01 0.38067192E+01 0.52552261E+01 0.50068168E+01 0.66142977E+01 0.16566823E+03 0.26270224E+04 0.23982002E+05 0.26270224E+04 0.16566823E+03 0.66142977E+01 0.50068168E+01 0.52552261E+01 0.38067192E+01 0.25139748E+01 0.18043982E+01 0.13356977E+01 0.93580114E+00 0.59658344E+00 0.34256463E+00 0.17672172E+00 0.81610586E-01 0.33906136E-01
-0.13926626E-02 -0.15228785E-02 -0.15822907E-02 -0.15177746E-02 -0.12644197E-02 -0.75222923E-03 0.80042639E-04 0.12623401E-02 0.27628638E-02 0.44554886E-02 0.60987203E-02 0.73504434E-02 0.78550724E-02 0.74535213E-02 0.65829451E-02 0.69529168E-02 0.12591089E-01 0.31285030E-01 0.76164687E-01 0.16644453E+00 0.32506902E+00 0.57017877E+00 0.90116765E+00 0.12953272E+01 0.17526418E+01 0.24126182E+01 0.35942129E+01 0.50917022E+01 0.50823848E+01 0.47044039E+01 0.30786581E+02 0.39704128E+03 0.89195332E+03 0.39704128E+03 0.30786581E+02 0.47044039E+01 0.50823848E+01 0.50917022E+01 0.35942129E+01 0.24126182E+01 0.17526418E+01 0.12953272E+01 0.90116765E+00 0.57017877E+00 0.32506902E+00 0.16644453E+00 0.76164687E-01 0.31285030E-01
-0.13741284E-02 -0.15089653E-02 -0.15763477E-02 -0.15243539E-02 -0.12892293E-02 -0.80169808E-03 -0.17863778E-06 0.11474909E-02 0.26144362E-02 0.42824807E-02 0.59199459E-02 0.71922048E-02 0.77392385E-02 0.73670380E-02 0.64143276E-02 0.63733661E-02 0.10850061E-01 0.26893961E-01 0.66490740E-01 0.14739373E+00 0.29136744E+00 0.51705717E+00 0.82735782E+00 0.12028991E+01 0.16312718E+01 0.21958294E+01 0.31439480E+01 0.45282503E+01 0.51452434E+01 0.39305939E+01 0.33471742E+01 0.12173408E+02 0.29753012E+02 0.12173408E+02 0.33471742E+01 0.39305939E+01 0.51452434E+01 0.45282503E+01 0.31439480E+01 0.21958294E+01 0.16312718E+01 0.12028991E+01 0.82735782E+00 0.51705717E+00 0.29136744E+00 0.14739373E+00 0.66490740E-01 0.26893961E-01
-0.13541887E-02 -0.14938882E-02 -0.15708306E-02 -0.15349559E-02 -0.13243507E-02 -0.87098444E-03 -0.11298883E-03 0.98488996E-03 0.24030111E-02 0.40352734E-02 0.56656268E-02 0.69731826E-02 0.75968915E-02 0.73017709E-02 0.63007085E-02 0.57996622E-02 0.88396903E-02 0.21467523E-01 0.54081143E-01 0.12231435E+00 0.24594328E+00 0.44348024E+00 0.72158662E+00 0.10663200E+01 0.14567151E+01 0.19211939E+01 0.26050154E+01 0.36634733E+01 0.47042038E+01 0.45293751E+01 0.30496175E+01 0.17996606E+01 0.13802503E+01 0.17996606E+01 0.30496175E+01 0.45293751E+01 0.47042038E+01 0.36634733E+01 0.26050154E+01 0.19211939E+01 0.14567151E+01 0.10663200E+01 0.72158662E+00 0.44348024E+00 0.24594328E+00 0.12231435E+00 0.54081143E-01 0.21467523E-01
-0.13320011E-02 -0.14765362E-02 -0.15641218E-02 -0.15471529E-02 -0.13662070E-02 -0.95506156E-03 -0.25178038E-03 0.78249015E-03 0.21370560E-02 0.37212627E-02 0.53399025E-02 0.66923692E-02 0.74226905E-02 0.72568157E-02 0.62727713E-02 0.53591136E-02 0.69209612E-02 0.15862838E-01 0.40743630E-01 0.94649105E-01 0.19467912E+00 0.35825453E+00 0.59504113E+00 0.89788193E+00 0.12451337E+01 0.16297065E+01 0.21063897E+01 0.27874202E+01 0.36625916E+01 0.43320727E+01 0.42823508E+01 0.37141550E+01 0.33976745E+01 0.37141550E+01 0.42823508E+01 0.43320727E+01 0.36625916E+01 0.27874202E+01 0.21063897E+01 0.16297065E+01 0.12451337E+01 0.89788193E+00 0.59504113E+00 0.35825453E+00 0.19467912E+00 0.94649105E-01 0.40743630E-01 0.15862838E-01
-0.13073406E-02 -0.14563988E-02 -0.15551523E-02 -0.15589666E-02 -0.14115139E-02 -0.10489809E-02 -0.40977837E-03 0.54861526E-03 0.18254236E-02 0.33478125E-02 0.49456607E-02 0.63450006E-02 0.72031788E-02 0.72163261E-02 0.63363283E-02 0.51404877E-02 0.53985224E-02 0.10860549E-01 0.28198793E-01 0.67799542E-01 0.14366065E+00 0.27113074E+00 0.46134167E+00 0.71351113E+00 0.10116209E+01 0.13354944E+01 0.16869034E+01 0.21057350E+01 0.26310881E+01 0.32049907E+01 0.36532300E+01 0.38625482E+01 0.39060218E+01 0.38625482E+01 0.36532300E+01 0.32049907E+01 0.26310881E+01 0.21057350E+01 0.16869034E+01 0.13354944E+01 0.10116209E+01 0.71351113E+00 0.46134167E+00 0.27113074E+00 0.14366065E+00 0.67799542E-01 0.28198793E-01 0.10860549E-01
-0.12806436E-02 -0.14336549E-02 -0.15435499E-02 -0.15690868E-02 -0.14575753E-02 -0.11482347E-02 -0.58042624E-03 0.29165323E-03 0.14773061E-02 0.29227222E-02 0.44857962E-02 0.59247216E-02 0.69193823E-02 0.71505969E-02 0.64667582E-02 0.51700444E-02 0.44538044E-02 0.70072124E-02 0.17744959E-01 0.44469753E-01 0.97995778E-01 0.19091248E+00 0.33410340E+00 0.53116884E+00 0.77369620E+00 0.10431237E+01 0.13222992E+01 0.16088707E+01 0.19129742E+01 0.22313854E+01 0.25232456E+01 0.27262887E+01 0.27978764E+01 0.27262887E+01 0.25232456E+01 0.22313854E+01 0.19129742E+01 0.16088707E+01 0.13222992E+01 0.10431237E+01 0.77369620E+00 0.53116884E+00 0.33410340E+00 0.19091248E+00 0.97995778E-01 0.44469753E-01 0.17744959E-01 0.70072124E-02
-0.12530370E-02 -0.14092377E-02 -0.15297528E-02 -0.15770509E-02 -0.15025392E-02 -0.12490838E-02 -0.75774693E-03 0.19756736E-04 0.11021767E-02 0.24547017E-02 0.39646023E-02 0.54262683E-02 0.65508947E-02 0.70208873E-02 0.66119639E-02 0.54063741E-02 0.41179973E-02 0.45383191E-02 0.10075561E-01 0.26269011E-01 0.60993981E-01 0.12385905E+00 0.22420522E+00 0.36753300E+00 0.55150631E+00 0.76441996E+00 0.98889385E+00 0.12094276E+01 0.14171422E+01 0.16060204E+01 0.17643487E+01 0.18724434E+01 0.19110960E+01 0.18724434E+01 0.17643487E+01 0.16060204E+01 0.14171422E+01 0.12094276E+01 0.98889385E+00 0.76441996E+00 0.55150631E+00 0.36753300E+00 0.22420522E+00 0.12385905E+00 0.60993981E-01 0.26269011E-01 0.10075561E-01 0.45383191E-02
-0.12263497E-02 -0.13848694E-02 -0.15150813E-02 -0.15833679E-02 -0.15455890E-02 -0.13488235E-02 -0.93666662E-03 -0.25947030E-03 0.70964360E-03 0.19536695E-02 0.33889447E-02 0.48481042E-02 0.60806553E-02 0.67869245E-02 0.67030446E-02 0.57538947E-02 0.42867845E-02 0.33895143E-02 0.52726760E-02 0.13644273E-01 0.33910426E-01 0.72914182E-01 0.13785564E+00 0.23419664E+00 0.36294036E+00 0.51858860E+00 0.68949288E+00 0.86109541E+00 0.10200614E+01 0.11562311E+01 0.12616093E+01 0.13288933E+01 0.13521183E+01 0.13288933E+01 0.12616093E+01 0.11562311E+01 0.10200614E+01 0.86109541E+00 0.68949288E+00 0.51858860E+00 0.36294036E+00 0.23419664E+00 0.13785564E+00 0.72914182E-01 0.33910426E-01 0.13644273E-01 0.52726760E-02 0.33895143E-02
-0.12030834E-02 -0.13630401E-02 -0.15017360E-02 -0.15895523E-02 -0.15870346E-02 -0.14459487E-02 -0.11132581E-02 -0.53926369E-03 0.30920850E-03 0.14307801E-02 0.27689636E-02 0.41944730E-02 0.54994026E-02 0.64154047E-02 0.66693751E-02 0.60889091E-02 0.47654187E-02 0.32748378E-02 0.29403816E-02 0.60923332E-02 0.16229004E-01 0.37917801E-01 0.76234152E-01 0.13559859E+00 0.21812853E+00 0.32205714E+00 0.44110881E+00 0.56547378E+00 0.68405878E+00 0.78676535E+00 0.86569735E+00 0.91530278E+00 0.93221936E+00 0.91530278E+00 0.86569735E+00 0.78676535E+00 0.68405878E+00 0.56547378E+00 0.44110881E+00 0.32205714E+00 0.21812853E+00 0.13559859E+00 0.76234152E-01 0.37917801E-01 0.16229004E-01 0.60923332E-02 0.29403816E-02 0.32748378E-02
-0.11863369E-02 -0.13469178E-02 -0.14927047E-02 -0.15980449E-02 -0.16282690E-02 -0.15401776E-02 -0.12848599E-02 -0.81392893E-03 -0.90045829E-04 0.89815074E-03 0.21181402E-02 0.34764162E-02 0.48087918E-02 0.58872599E-02 0.64536972E-02 0.62895033E-02 0.53263278E-02 0.37960601E-02 0.24079629E-02 0.25234005E-02 0.62725412E-02 0.16524398E-01 0.36600186E-01 0.69646188E-01 0.11769607E+00 0.18065394E+00 0.25562199E+00 0.33699136E+00 0.41739037E+00 0.48910820E+00 0.54538440E+00 0.58117820E+00 0.59344650E+00 0.58117820E+00 0.54538440E+00 0.48910820E+00 0.41739037E+00 0.33699136E+00 0.25562199E+00 0.18065394E+00 0.11769607E+00 0.69646188E-01 0.36600186E-01 0.16524398E-01 0.62725412E-02 0.25234005E-02 0.24079629E-02 0.37960601E-02
-0.11796403E-02 -0.13401468E-02 -0.14915293E-02 -0.16119615E-02 -0.16715260E-02 -0.16322536E-02 -0.14499739E-02 -0.10788918E-02 -0.47970680E-03 0.36841340E-03 0.14527887E-02 0.27116292E-02 0.40225755E-02 0.52021170E-02 0.60236629E-02 0.62611941E-02 0.57622145E-02 0.45481257E-02 0.29325650E-02 0.16378548E-02 0.18762615E-02 0.53472404E-02 0.14092313E-01 0.30161628E-01 0.55098286E-01 0.89339562E-01 0.13173245E+00 0.17939116E+00 0.22802429E+00 0.27265575E+00 0.30848896E+00 0.33164637E+00 0.33964827E+00 0.33164637E+00 0.30848896E+00 0.27265575E+00 0.22802429E+00 0.17939116E+00 0.13173245E+00 0.89339562E-01 0.55098286E-01 0.30161628E-01 0.14092313E-01 0.53472404E-02 0.18762615E-02 0.16378548E-02 0.29325650E-02 0.45481257E-02
-0.11867035E-02 -0.13465334E-02 -0.15019324E-02 -0.16346727E-02 -0.17194338E-02 -0.17235161E-02 -0.16079157E-02 -0.13305177E-02 -0.85213045E-03 -0.14577161E-03 0.79113972E-03 0.19232647E-02 0.31657160E-02 0.43791532E-02 0.53773981E-02 0.59529321E-02 0.59233070E-02 0.51972776E-02 0.38537287E-02 0.22200020E-02 0.92881934E-03 0.92632865E-03 0.34004774E-02 0.96059525E-02 0.20586659E-01 0.36840160E-01 0.58016732E-01 0.82769422E-01 0.10884244E+00 0.13340343E+00 0.15353190E+00 0.16672746E+00 0.17132081E+00 0.16672746E+00 0.15353190E+00 0.13340343E+00 0.10884244E+00 0.82769422E-01 0.58016732E-01 0.36840160E-01 0.20586659E-01 0.96059525E-02 0.34004774E-02 0.92632865E-03 0.92881934E-03 0.22200020E-02 0.38537287E-02 0.51972776E-02
-0.12110071E-02 -0.13695402E-02 -0.15272128E-02 -0.16691078E-02 -0.17742517E-02 -0.18151088E-02 -0.17580653E-02 -0.15655131E-02 -0.12001489E-02 -0.63192552E-03 0.15241844E-03 0.11381707E-02 0.22719174E-02 0.34546386E-02 0.45428619E-02 0.53620177E-02 0.57346285E-02 0.55229635E-02 0.46816724E-02 0.33112936E-02 0.16995434E-02 0.33400826E-03 -0.13032570E-03 0.10392284E-02 0.45066045E-02 0.10684846E-01 0.19562583E-01 0.30597307E-01 0.42725651E-01 0.54508015E-01 0.64379731E-01 0.70945957E-01 0.73248269E-01 0.70945957E-01 0.64379731E-01 0.54508015E-01 0.42725651E-01 0.30597307E-01 0.19562583E-01 0.10684846E-01 0.45066045E-02 0.10392284E-02 -0.13032570E-03 0.33400826E-03 0.16995434E-02 0.33112936E-02 0.46816724E-02 0.55229635E-02
-0.12552004E-02 -0.14115457E-02 -0.15693633E-02 -0.17167363E-02 -0.18367320E-02 -0.19067627E-02 -0.18986384E-02 -0.17797964E-02 -0.15162147E-02 -0.10774195E-02 -0.44366920E-03 0.38517539E-03 0.13804243E-02 0.24772435E-02 0.35722568E-02 0.45292113E-02 0.51949888E-02 0.54262769E-02 0.51243134E-02 0.42719506E-02 0.29644528E-02 0.14241323E-02 -0.10935929E-04 -0.93040749E-03 -0.92700286E-03 0.30687525E-03 0.28829001E-02 0.66498191E-02 0.11182426E-01 0.15839651E-01 0.19883751E-01 0.22632570E-01 0.23606354E-01 0.22632570E-01 0.19883751E-01 0.15839651E-01 0.11182426E-01 0.66498191E-02 0.28829001E-02 0.30687525E-03 -0.92700286E-03 -0.93040749E-03 -0.10935929E-04 0.14241323E-02 0.29644528E-02 0.42719506E-02 0.51243134E-02 0.54262769E-02
-0.13202180E-02 -0.14727657E-02 -0.16277880E-02 -0.17760830E-02 -0.19044506E-02 -0.19949761E-02 -0.20247802E-02 -0.19666140E-02 -0.17907088E-02 -0.14682364E-02 -0.97652865E-03 -0.30583380E-03 0.53319169E-03 0.15027246E-02 0.25338167E-02 0.35275446E-02 0.43631790E-02 0.49140801E-02 0.50701157E-02 0.47631720E-02 0.39904107E-02 0.28288146E-02 0.14351586E-02 0.27410435E-04 -0.11523050E-02 -0.18878709E-02 -0.20416584E-02 -0.15949643E-02 -0.66263133E-03 0.52606913E-03 0.16784186E-02 0.25089401E-02 0.28108965E-02 0.25089401E-02 0.16784186E-02 0.52606913E-03 -0.66263133E-03 -0.15949643E-02 -0.20416584E-02 -0.18878709E-02 -0.11523050E-02 0.27410435E-04 0.14351586E-02 0.28288146E-02 0.39904107E-02 0.47631720E-02 0.50701157E-02 0.49140801E-02
-0.14040023E-02 -0.15496930E-02 -0.16974457E-02 -0.18405757E-02 -0.19693737E-02 -0.20703379E-02 -0.21257071E-02 -0.21135990E-02 -0.20090748E-02 -0.17864237E-02 -0.14228213E-02 -0.90328207E-03 -0.22644577E-03 0.58971630E-03 0.15036388E-02 0.24489653E-02 0.33379181E-02 0.40700873E-02 0.45462952E-02 0.46857163E-02 0.44430257E-02 0.38215353E-02 0.28783331E-02 0.17188116E-02 0.48007334E-03 -0.69422160E-03 -0.16822126E-02 -0.24081805E-02 -0.28557901E-02 -0.30657222E-02 -0.31176839E-02 -0.31017668E-02 -0.30877453E-02 -0.31017668E-02 -0.31176839E-02 -0.30657222E-02 -0.28557901E-02 -0.24081805E-02 -0.16822126E-02 -0.69422160E-03 0.48007334E-03 0.17188116E-02 0.28783331E-02 0.38215353E-02 0.44430257E-02 0.46857163E-02 0.45462952E-02 0.40700873E-02
-0.14996806E-02 -0.16328636E-02 -0.17661830E-02 -0.18954449E-02 -0.20143512E-02 -0.21136643E-02 -0.21805627E-02 -0.21984462E-02 -0.21474500E-02 -0.20058839E-02 -0.17527253E-02 -0.13711261E-02 -0.85267743E-03 -0.20189041E-03 0.55995797E-03 0.13926741E-02 0.22378011E-02 0.30228640E-02 0.36693559E-02 0.41036545E-02 0.42690935E-02 0.41367078E-02 0.37120427E-02 0.30360224E-02 0.21790503E-02 0.12293776E-02 0.27811723E-03 -0.59538143E-03 -0.13341283E-02 -0.19074281E-02 -0.23075595E-02 -0.25409361E-02 -0.26172807E-02 -0.25409361E-02 -0.23075595E-02 -0.19074281E-02 -0.13341283E-02 -0.59538143E-03 0.27811723E-03 0.12293776E-02 0.21790503E-02 0.30360224E-02 0.37120427E-02 0.41367078E-02 0.42690935E-02 0.41036545E-02 0.36693559E-02 0.30228640E-02
