Basic/Day4/qtaim/urea/crystal/urea_cry_pl2d.SURFELFB
DSAA
 161 161
-0.75589045E+01  0.75589045E+01  0.94486307E-01
-0.75589045E+01  0.75589045E+01  0.94486307E-01
 0.00000000E+00  0.00000000E+00
[rows 0 to 21 of 161, columns 0 to 47 of 161]
0.72209869E+00 0.70968394E+00 0.71292217E+00 0.73069451E+00 0.75721890E+00 0.78524586E+00 0.80947655E+00 0.82784644E+00 0.84057131E+00 0.84862079E+00 0.85285453E+00 0.85384519E+00 0.85189924E+00 0.84695749E+00 0.83835639E+00 0.82457800E+00 0.80307072E+00 0.77005598E+00 0.72021546E+00 0.64677796E+00 0.54421859E+00 0.41650804E+00 0.28526870E+00 0.17935000E+00 0.11145555E+00 0.75408851E-01 0.60557967E-01 0.60890716E-01 0.77273495E-01 0.11891184E+00 0.20450844E+00 0.35278713E+00 0.55092534E+00 0.74084136E+00 0.87238200E+00 0.94298508E+00 0.97490080E+00 0.98800391E+00 0.99316227E+00 0.99504824E+00 0.99538417E+00 0.99465799E+00 0.99282227E+00 0.98958945E+00 0.98458025E+00 0.97728844E+00 0.96681542E+00 0.95157128E+00
0.57425327E+00 0.54699244E+00 0.55406207E+00 0.59334982E+00 0.65298020E+00 0.71590592E+00 0.76844667E+00 0.80567184E+00 0.82950026E+00 0.84389598E+00 0.85196003E+00 0.85546377E+00 0.85532333E+00 0.85192036E+00 0.84503865E+00 0.83361112E+00 0.81549940E+00 0.78733677E+00 0.74428794E+00 0.67987820E+00 0.58740820E+00 0.46622461E+00 0.33181377E+00 0.21354451E+00 0.13179431E+00 0.85555454E-01 0.64061094E-01 0.59092522E-01 0.68803155E-01 0.98841625E-01 0.16401625E+00 0.28497490E+00 0.46544662E+00 0.66325309E+00 0.81861832E+00 0.91134858E+00 0.95747329E+00 0.97821420E+00 0.98709981E+00 0.99067252E+00 0.99164848E+00 0.99099244E+00 0.98890722E+00 0.98526474E+00 0.97974877E+00 0.97175805E+00 0.96014474E+00 0.94298902E+00
0.33268512E+00 0.29389645E+00 0.30362242E+00 0.36189674E+00 0.46321409E+00 0.58378922E+00 0.69039431E+00 0.76498507E+00 0.80971059E+00 0.83463207E+00 0.84811329E+00 0.85474313E+00 0.85663646E+00 0.85474639E+00 0.84930877E+00 0.83971955E+00 0.82429167E+00 0.80010096E+00 0.76282542E+00 0.70650460E+00 0.62410546E+00 0.51176568E+00 0.37858288E+00 0.25109080E+00 0.15559723E+00 0.97973516E-01 0.68927198E-01 0.58478668E-01 0.62250579E-01 0.82700312E-01 0.13052042E+00 0.22473562E+00 0.37982509E+00 0.57423289E+00 0.74939931E+00 0.86666541E+00 0.93074029E+00 0.96208598E+00 0.97663689E+00 0.98305285E+00 0.98533977E+00 0.98516211E+00 0.98309815E+00 0.97920047E+00 0.97315574E+00 0.96419140E+00 0.95086474E+00 0.93090939E+00
0.13076053E+00 0.11059814E+00 0.11520872E+00 0.14912810E+00 0.23559799E+00 0.38748798E+00 0.56167710E+00 0.69705203E+00 0.77784207E+00 0.81999399E+00 0.84125958E+00 0.85177720E+00 0.85595638E+00 0.85560940E+00 0.85144761E+00 0.84331196E+00 0.82996928E+00 0.80894861E+00 0.77644472E+00 0.72710962E+00 0.65413070E+00 0.55177963E+00 0.42356901E+00 0.29080520E+00 0.18277002E+00 0.11293209E+00 0.75361540E-01 0.59093575E-01 0.57439541E-01 0.70017292E-01 0.10365258E+00 0.17373717E+00 0.29914361E+00 0.47787457E+00 0.66464255E+00 0.80704509E+00 0.89285916E+00 0.93814447E+00 0.96063020E+00 0.97133264E+00 0.97583950E+00 0.97671430E+00 0.97500039E+00 0.97092854E+00 0.96414403E+00 0.95366588E+00 0.93773727E+00 0.91374367E+00
0.94939056E-01 0.11189250E+00 0.10615616E+00 0.90214080E-01 0.10790842E+00 0.20388958E+00 0.39718018E+00 0.59958940E+00 0.73185246E+00 0.79948302E+00 0.83148154E+00 0.84672745E+00 0.85340739E+00 0.85462456E+00 0.85162102E+00 0.84465087E+00 0.83290758E+00 0.81435993E+00 0.78570258E+00 0.74222361E+00 0.67764960E+00 0.58545599E+00 0.46492705E+00 0.33109732E+00 0.21285075E+00 0.13059036E+00 0.83570409E-01 0.61000960E-01 0.54213994E-01 0.60301215E-01 0.82699634E-01 0.13249820E+00 0.22785203E+00 0.38017916E+00 0.56558358E+00 0.72989185E+00 0.84100872E+00 0.90444641E+00 0.93782948E+00 0.95465890E+00 0.96249098E+00 0.96503623E+00 0.96390987E+00 0.95954303E+00 0.95152900E+00 0.93866027E+00 0.91884913E+00 0.88915283E+00
0.38284320E+00 0.60950150E+00 0.54699728E+00 0.26535630E+00 0.10905448E+00 0.11409705E+00 0.25220158E+00 0.48722973E+00 0.67479706E+00 0.77402630E+00 0.81924089E+00 0.83986274E+00 0.84914033E+00 0.85188274E+00 0.84992188E+00 0.84388677E+00 0.83335010E+00 0.81668528E+00 0.79105400E+00 0.75236070E+00 0.69502215E+00 0.61246178E+00 0.50118696E+00 0.37015557E+00 0.24495297E+00 0.15091297E+00 0.93731229E-01 0.64282465E-01 0.52450707E-01 0.53090485E-01 0.66778174E-01 0.10053520E+00 0.16890990E+00 0.28873205E+00 0.45712846E+00 0.63328754E+00 0.77066152E+00 0.85716044E+00 0.90560279E+00 0.93119576E+00 0.94383995E+00 0.94876996E+00 0.94837940E+00 0.94338546E+00 0.93334960E+00 0.91682663E+00 0.89139739E+00 0.85388730E+00
0.94227752E+00 0.99155158E+00 0.98537358E+00 0.83872717E+00 0.27451735E+00 0.10107373E+00 0.16743678E+00 0.38865998E+00 0.61683835E+00 0.74686866E+00 0.80560770E+00 0.83159312E+00 0.84333617E+00 0.84746460E+00 0.84639719E+00 0.84108850E+00 0.83143090E+00 0.81615175E+00 0.79283542E+00 0.75796052E+00 0.70667757E+00 0.63281321E+00 0.53135086E+00 0.40618620E+00 0.27778694E+00 0.17357970E+00 0.10594328E+00 0.69025632E-01 0.52061881E-01 0.47980182E-01 0.54970493E-01 0.76646479E-01 0.12313516E+00 0.21043574E+00 0.34892262E+00 0.51989307E+00 0.67749531E+00 0.79037817E+00 0.85902358E+00 0.89719422E+00 0.91688858E+00 0.92526394E+00 0.92581777E+00 0.91972396E+00 0.90657728E+00 0.88472175E+00 0.85149223E+00 0.80377239E+00
0.99745684E+00 0.99994354E+00 0.99979621E+00 0.98510110E+00 0.56166092E+00 0.12250462E+00 0.13230785E+00 0.32591324E+00 0.57169467E+00 0.72305643E+00 0.79217633E+00 0.82244926E+00 0.83619994E+00 0.84144602E+00 0.84106557E+00 0.83626839E+00 0.82719932E+00 0.81287981E+00 0.79126658E+00 0.75936092E+00 0.71302866E+00 0.64673577E+00 0.55487574E+00 0.43763268E+00 0.30977411E+00 0.19791551E+00 0.12015965E+00 0.75298813E-01 0.52989979E-01 0.44634711E-01 0.46427220E-01 0.59298521E-01 0.89395501E-01 0.14891237E+00 0.25225750E+00 0.39986176E+00 0.56209396E+00 0.69837649E+00 0.79126090E+00 0.84669641E+00 0.87666491E+00 0.89016753E+00 0.89212503E+00 0.88441712E+00 0.86682132E+00 0.83761917E+00 0.79421076E+00 0.73419970E+00
0.99882227E+00 0.99999212E+00 0.99994581E+00 0.99175098E+00 0.63316209E+00 0.13001735E+00 0.12337590E+00 0.30390108E+00 0.54969856E+00 0.70729197E+00 0.78053833E+00 0.81298000E+00 0.82794769E+00 0.83390436E+00 0.83393324E+00 0.82940555E+00 0.82064589E+00 0.80690662E+00 0.78646614E+00 0.75679583E+00 0.71442599E+00 0.65454910E+00 0.57158292E+00 0.46331538E+00 0.33923413E+00 0.22287412E+00 0.13610934E+00 0.83110558E-01 0.55194118E-01 0.42788848E-01 0.40428420E-01 0.46971390E-01 0.65467033E-01 0.10389266E+00 0.17482066E+00 0.28809496E+00 0.43435909E+00 0.58069104E+00 0.69615190E+00 0.77237538E+00 0.81633015E+00 0.83728770E+00 0.84148951E+00 0.83175237E+00 0.80832010E+00 0.76982549E+00 0.71447509E+00 0.64176744E+00
0.98772445E+00 0.99902688E+00 0.99796023E+00 0.95067055E+00 0.42151884E+00 0.10571491E+00 0.13244993E+00 0.32007325E+00 0.55370749E+00 0.70161633E+00 0.77162551E+00 0.80362589E+00 0.81879826E+00 0.82493298E+00 0.82501607E+00 0.82047305E+00 0.81173264E+00 0.79821681E+00 0.77847971E+00 0.75041373E+00 0.71114730E+00 0.65659287E+00 0.58154491E+00 0.48247323E+00 0.36459271E+00 0.24709990E+00 0.15322936E+00 0.92353874E-01 0.58625938E-01 0.42237989E-01 0.36403100E-01 0.38364709E-01 0.48919977E-01 0.72601723E-01 0.11819978E+00 0.19667178E+00 0.31171640E+00 0.44746153E+00 0.57373635E+00 0.66879366E+00 0.72880928E+00 0.75945735E+00 0.76701297E+00 0.75515015E+00 0.72500570E+00 0.67640083E+00 0.60963899E+00 0.52755596E+00
0.72722700E+00 0.90967701E+00 0.87447892E+00 0.54545969E+00 0.15756250E+00 0.89265896E-01 0.16888654E+00 0.37141537E+00 0.57929126E+00 0.70467038E+00 0.76545749E+00 0.79467814E+00 0.80898673E+00 0.81466940E+00 0.81437321E+00 0.80947459E+00 0.80043208E+00 0.78678347E+00 0.76732143E+00 0.74031494E+00 0.70341629E+00 0.65319580E+00 0.58498886E+00 0.49472857E+00 0.38455318E+00 0.26906941E+00 0.17063623E+00 0.10274262E+00 0.63193620E-01 0.42818555E-01 0.33917964E-01 0.32465219E-01 0.37647053E-01 0.51541424E-01 0.79442069E-01 0.12968925E+00 0.20996654E+00 0.31812357E+00 0.43591103E+00 0.53868662E+00 0.61146030E+00 0.65191513E+00 0.66353481E+00 0.65003130E+00 0.61386020E+00 0.55721355E+00 0.48390983E+00 0.40075721E+00
0.15290008E+00 0.23708472E+00 0.21043788E+00 0.11814438E+00 0.79841076E-01 0.11550602E+00 0.24858895E+00 0.45005524E+00 0.61698494E+00 0.71296765E+00 0.76150810E+00 0.78636567E+00 0.79880534E+00 0.80333867E+00 0.80215479E+00 0.79649416E+00 0.78677932E+00 0.77262366E+00 0.75303177E+00 0.72660712E+00 0.69144534E+00 0.64468195E+00 0.58223573E+00 0.50001568E+00 0.39819719E+00 0.28728267E+00 0.18716581E+00 0.11375768E+00 0.68716090E-01 0.44379682E-01 0.32648953E-01 0.28527857E-01 0.30035721E-01 0.37599873E-01 0.53975037E-01 0.84393778E-01 0.13550858E+00 0.21090872E+00 0.30416208E+00 0.39773816E+00 0.47274512E+00 0.51862470E+00 0.53343254E+00 0.51944962E+00 0.48051697E+00 0.42199168E+00 0.35146680E+00 0.27826627E+00
0.72462074E-01 0.69995179E-01 0.70155387E-01 0.77270854E-01 0.11336506E+00 0.20984369E+00 0.37146836E+00 0.53869413E+00 0.65628281E+00 0.72318474E+00 0.75934921E+00 0.77899312E+00 0.78865730E+00 0.79130668E+00 0.78865995E+00 0.78175728E+00 0.77093807E+00 0.75586994E+00 0.73575166E+00 0.70947615E+00 0.67549560E+00 0.63140408E+00 0.57367815E+00 0.49851011E+00 0.40501386E+00 0.30045664E+00 0.20149457E+00 0.12463070E+00 0.74876482E-01 0.46748501E-01 0.32345653E-01 0.26020838E-01 0.24937562E-01 0.28423909E-01 0.37577911E-01 0.55250459E-01 0.85794312E-01 0.13328790E+00 0.19733699E+00 0.26911619E+00 0.33344119E+00 0.37656078E+00 0.39165045E+00 0.37868368E+00 0.34231257E+00 0.29035501E+00 0.23231300E+00 0.17706194E+00
0.14965297E+00 0.12683290E+00 0.13229989E+00 0.16866272E+00 0.24751514E+00 0.36998851E+00 0.50640510E+00 0.61765796E+00 0.69053132E+00 0.73381481E+00 0.75902583E+00 0.77301697E+00 0.77909880E+00 0.77912816E+00 0.77439172E+00 0.76569415E+00 0.75327386E+00 0.73685150E+00 0.71580486E+00 0.68926278E+00 0.65594217E+00 0.61379037E+00 0.55978755E+00 0.49057970E+00 0.40488159E+00 0.30767819E+00 0.21232700E+00 0.13439404E+00 0.81193287E-01 0.49694555E-01 0.32794680E-01 0.24564902E-01 0.21565721E-01 0.22383187E-01 0.27077625E-01 0.36955217E-01 0.54431942E-01 0.82343590E-01 0.12189062E+00 0.16955639E+00 0.21594232E+00 0.24931617E+00 0.26142340E+00 0.25065172E+00 0.22151911E+00 0.18218439E+00 0.14126755E+00 0.10511695E+00
0.34694073E+00 0.31636542E+00 0.32411867E+00 0.36945354E+00 0.44554768E+00 0.53510734E+00 0.61662645E+00 0.67786444E+00 0.71893953E+00 0.74512909E+00 0.76095669E+00 0.76902084E+00 0.77084248E+00 0.76756037E+00 0.76008290E+00 0.74898290E+00 0.73441437E+00 0.71616366E+00 0.69376606E+00 0.66652246E+00 0.63332526E+00 0.59238556E+00 0.54113419E+00 0.47676053E+00 0.39803169E+00 0.30849653E+00 0.21860849E+00 0.14201105E+00 0.87034541E-01 0.52904663E-01 0.33786847E-01 0.23879934E-01 0.19388636E-01 0.18399766E-01 0.20325624E-01 0.25540706E-01 0.35190408E-01 0.50852875E-01 0.73565298E-01 0.10202762E+00 0.13110480E+00 0.15287584E+00 0.16060058E+00 0.15248151E+00 0.13219144E+00 0.10631954E+00 0.81005719E-01 0.59921641E-01
0.55690220E+00 0.53839555E+00 0.54319971E+00 0.56985150E+00 0.61044503E+00 0.65425882E+00 0.69286381E+00 0.72275086E+00 0.74404419E+00 0.75798294E+00 0.76559654E+00 0.76761086E+00 0.76468720E+00 0.75750290E+00 0.74665741E+00 0.73253862E+00 0.71525953E+00 0.69468556E+00 0.67047558E+00 0.64203503E+00 0.60835933E+00 0.56786472E+00 0.51840051E+00 0.45774797E+00 0.38501240E+00 0.30295764E+00 0.21971279E+00 0.14657026E+00 0.91696004E-01 0.55984998E-01 0.35094634E-01 0.23743620E-01 0.18044403E-01 0.15776005E-01 0.15944564E-01 0.18375720E-01 0.23465318E-01 0.31940355E-01 0.44359672E-01 0.60155788E-01 0.76604778E-01 0.89012523E-01 0.92998873E-01 0.87352135E-01 0.74683497E-01 0.59403557E-01 0.45193019E-01 0.33891916E-01
0.69230373E+00 0.68509647E+00 0.68697088E+00 0.69733221E+00 0.71312421E+00 0.73049616E+00 0.74641727E+00 0.75919746E+00 0.76809104E+00 0.77277575E+00 0.77313172E+00 0.76923135E+00 0.76133729E+00 0.74983044E+00 0.73509372E+00 0.71740737E+00 0.69689300E+00 0.67349606E+00 0.64695664E+00 0.61672984E+00 0.58187599E+00 0.54100061E+00 0.49236991E+00 0.43438734E+00 0.36665624E+00 0.29159230E+00 0.21556186E+00 0.14749332E+00 0.94541852E-01 0.58505811E-01 0.36468790E-01 0.23964418E-01 0.17279733E-01 0.14062256E-01 0.13074266E-01 0.13818958E-01 0.16268916E-01 0.20655947E-01 0.27177507E-01 0.35489480E-01 0.44123050E-01 0.50490677E-01 0.52129799E-01 0.48449419E-01 0.41129865E-01 0.32763077E-01 0.25315758E-01 0.19636882E-01
0.77118341E+00 0.76894462E+00 0.76952531E+00 0.77275471E+00 0.77772898E+00 0.78319868E+00 0.78795270E+00 0.79099516E+00 0.79155873E+00 0.78908644E+00 0.78323655E+00 0.77388723E+00 0.76111153E+00 0.74511882E+00 0.72617721E+00 0.70453601E+00 0.68035806E+00 0.65365476E+00 0.62421197E+00 0.59151307E+00 0.55469330E+00 0.51257916E+00 0.46388312E+00 0.40764952E+00 0.34404193E+00 0.27536408E+00 0.20665311E+00 0.14468913E+00 0.95171100E-01 0.60089406E-01 0.37661426E-01 0.24371111E-01 0.16910909E-01 0.12966771E-01 0.11182423E-01 0.10875790E-01 0.11783579E-01 0.13868340E-01 0.17120040E-01 0.21278130E-01 0.25528841E-01 0.28507374E-01 0.28960964E-01 0.26684753E-01 0.22679772E-01 0.18341465E-01 0.14649537E-01 0.11989820E-01
0.82240632E+00 0.82214495E+00 0.82221610E+00 0.82256637E+00 0.82289584E+00 0.82272686E+00 0.82148840E+00 0.81858822E+00 0.81347140E+00 0.80567173E+00 0.79485424E+00 0.78084177E+00 0.76362015E+00 0.74331904E+00 0.72016783E+00 0.69442825E+00 0.66630826E+00 0.63586655E+00 0.60292622E+00 0.56702553E+00 0.52743691E+00 0.48328206E+00 0.43377043E+00 0.37858864E+00 0.31843703E+00 0.25557626E+00 0.19398619E+00 0.13859618E+00 0.93544455E-01 0.60515480E-01 0.38473353E-01 0.24819522E-01 0.16802972E-01 0.12298931E-01 0.99398972E-02 0.89497581E-02 0.89355208E-02 0.97172576E-02 0.11179883E-01 0.13110646E-01 0.15046821E-01 0.16290671E-01 0.16253074E-01 0.14905614E-01 0.12808799E-01 0.10671731E-01 0.89688086E-02 0.78934010E-02
0.85744037E+00 0.85806960E+00 0.85791363E+00 0.85694942E+00 0.85504131E+00 0.85194973E+00 0.84734878E+00 0.84085396E+00 0.83205998E+00 0.82058529E+00 0.80611838E+00 0.78845963E+00 0.76755083E+00 0.74348171E+00 0.71646334E+00 0.68676410E+00 0.65461655E+00 0.62011797E+00 0.58315782E+00 0.54340436E+00 0.50037258E+00 0.45358032E+00 0.40278632E+00 0.34828707E+00 0.29121710E+00 0.23373414E+00 0.17890050E+00 0.13009146E+00 0.90011054E-01 0.59796476E-01 0.38807862E-01 0.25211666E-01 0.16862761E-01 0.11935899E-01 0.91436556E-02 0.76836761E-02 0.70963480E-02 0.71271120E-02 0.76110226E-02 0.83691838E-02 0.91299569E-02 0.95442685E-02 0.93540481E-02 0.85885036E-02 0.75461288E-02 0.65762381E-02 0.59159298E-02 0.56925421E-02
0.87954403E+00 0.88058539E+00 0.88032503E+00 0.87874707E+00 0.87575686E+00 0.87118242E+00 0.86478032E+00 0.85624926E+00 0.84525324E+00 0.83145414E+00 0.81455196E+00 0.79432794E+00 0.77068161E+00 0.74364861E+00 0.71338677E+00 0.68012572E+00 0.64409035E+00 0.60542354E+00 0.56414135E+00 0.52014876E+00 0.47332868E+00 0.42369515E+00 0.37158027E+00 0.31780391E+00 0.26376273E+00 0.21137639E+00 0.16285406E+00 0.12029543E+00 0.85217792E-01 0.58181794E-01 0.38703160E-01 0.25515859E-01 0.17039836E-01 0.11804280E-01 0.86708037E-02 0.68637912E-02 0.58978677E-02 0.54802239E-02 0.54223444E-02 0.55684107E-02 0.57495234E-02 0.57911214E-02 0.55869937E-02 0.51729053E-02 0.47025391E-02 0.43501079E-02 0.42524353E-02 0.45306797E-02
0.88861428E+00 0.88972908E+00 0.88945099E+00 0.88775689E+00 0.88451393E+00 0.87949989E+00 0.87243268E+00 0.86300013E+00 0.85088462E+00 0.83578231E+00 0.81742099E+00 0.79558083E+00 0.77011789E+00 0.74098338E+00 0.70822877E+00 0.67198991E+00 0.63245429E+00 0.58982759E+00 0.54432218E+00 0.49618654E+00 0.44577938E+00 0.39367004E+00 0.34072589E+00 0.28813814E+00 0.23735167E+00 0.18990165E+00 0.14720107E+00 0.11034020E+00 0.79941550E-01 0.56086504E-01 0.38323745E-01 0.25774312E-01 0.17328141E-01 0.11869972E-01 0.84514468E-02 0.63634052E-02 0.51232492E-02 0.44201825E-02 0.40532227E-02 0.38794463E-02 0.37821413E-02 0.36685679E-02 0.34952650E-02 0.32887337E-02 0.31285403E-02 0.31116717E-02 0.33436198E-02 0.39735376E-02
