Basic/Day4/qtaim/urea/crystal/urea_cry_pl2d.SURFVIRI
DSAA
 161 161
-0.75589045E+01  0.75589045E+01  0.94486307E-01
-0.75589045E+01  0.75589045E+01  0.94486307E-01
 0.00000000E+00  0.00000000E+00
[rows 126 to 146 of 161, columns 94 to 140 of 161]
-0.15142220E+00 -0.10850065E+00 -0.81868409E-01 -0.64967299E-01 -0.53471905E-01 -0.44811433E-01 -0.37631236E-01 -0.31325124E-01 -0.25688579E-01 -0.20693123E-01 -0.16358457E-01 -0.12692430E-01 -0.96719611E-02 -0.72448603E-02 -0.53397136E-02 -0.38767512E-02 -0.27765980E-02 -0.19660809E-02 -0.13813771E-02 -0.96916748E-03 -0.68648114E-03 -0.49978288E-03 -0.38370703E-03 -0.31969645E-03 -0.29470727E-03 -0.30003965E-03 -0.33039026E-03 -0.38303584E-03 -0.45722216E-03 -0.55370233E-03 -0.67444841E-03 -0.82251830E-03 -0.10021763E-02 -0.12193316E-02 -0.14824731E-02 -0.18043300E-02 -0.22045693E-02 -0.27139796E-02 -0.33804919E-02 -0.42776152E-02 -0.55155636E-02 -0.72551736E-02 -0.97241653E-02 -0.13234433E-01 -0.18197743E-01 -0.25135393E-01 -0.34675256E-01
-0.12513354E+00 -0.92895529E-01 -0.72425253E-01 -0.58910922E-01 -0.49227549E-01 -0.41557549E-01 -0.34977095E-01 -0.29101480E-01 -0.23824843E-01 -0.19153212E-01 -0.15112311E-01 -0.11706774E-01 -0.89099034E-02 -0.66685025E-02 -0.49129600E-02 -0.35672826E-02 -0.25568558E-02 -0.18134646E-02 -0.12779342E-02 -0.90102040E-03 -0.64315805E-03 -0.47356200E-03 -0.36902842E-03 -0.31266579E-03 -0.29269478E-03 -0.30137016E-03 -0.33410430E-03 -0.38871597E-03 -0.46486447E-03 -0.56361991E-03 -0.68719776E-03 -0.83883513E-03 -0.10229106E-02 -0.12453797E-02 -0.15146965E-02 -0.18434606E-02 -0.22511081E-02 -0.27680395E-02 -0.34416973E-02 -0.43449308E-02 -0.55871437E-02 -0.73282006E-02 -0.97946817E-02 -0.13297160E-01 -0.18245878E-01 -0.25160381E-01 -0.34666511E-01
-0.10311733E+00 -0.79548452E-01 -0.64056309E-01 -0.53281936E-01 -0.45087268E-01 -0.38266178E-01 -0.32238300E-01 -0.26790226E-01 -0.21887951E-01 -0.17558903E-01 -0.13829185E-01 -0.10698312E-01 -0.81357572E-02 -0.60877529E-02 -0.44870892E-02 -0.32621194E-02 -0.23434713E-02 -0.16682724E-02 -0.11822953E-02 -0.84059618E-03 -0.60718249E-03 -0.45413776E-03 -0.36050125E-03 -0.31110026E-03 -0.29545380E-03 -0.30679281E-03 -0.34126170E-03 -0.39723750E-03 -0.47481416E-03 -0.57540605E-03 -0.70151386E-03 -0.85660133E-03 -0.10452196E-02 -0.12734275E-02 -0.15496873E-02 -0.18864712E-02 -0.23028967E-02 -0.28287914E-02 -0.35106311E-02 -0.44198636E-02 -0.56638508E-02 -0.73996505E-02 -0.98501113E-02 -0.13321031E-01 -0.18216809E-01 -0.25050254E-01 -0.34440078E-01
-0.85414100E-01 -0.68466004E-01 -0.56768323E-01 -0.48099410E-01 -0.41083818E-01 -0.34980289E-01 -0.29463164E-01 -0.24440486E-01 -0.19924436E-01 -0.15952026E-01 -0.12545207E-01 -0.96972939E-02 -0.73742416E-02 -0.55224175E-02 -0.40777168E-02 -0.29734024E-02 -0.21457649E-02 -0.15375736E-02 -0.10997560E-02 -0.79180932E-03 -0.58140532E-03 -0.44355047E-03 -0.35955433E-03 -0.31597129E-03 -0.30361495E-03 -0.31668272E-03 -0.35204081E-03 -0.40861847E-03 -0.48693980E-03 -0.58878735E-03 -0.71695634E-03 -0.87517326E-03 -0.10682006E-02 -0.13022379E-02 -0.15857757E-02 -0.19311356E-02 -0.23570095E-02 -0.28923883E-02 -0.35823336E-02 -0.44960262E-02 -0.57375057E-02 -0.74590703E-02 -0.98770804E-02 -0.13288853E-01 -0.18088247E-01 -0.24775782E-01 -0.33957095E-01
-0.71561153E-01 -0.59390219E-01 -0.50439355E-01 -0.43326281E-01 -0.37229588E-01 -0.31738354E-01 -0.26701426E-01 -0.22104342E-01 -0.17983710E-01 -0.14376840E-01 -0.11298563E-01 -0.87358188E-02 -0.66518288E-02 -0.49940145E-02 -0.37021263E-02 -0.27148768E-02 -0.19745651E-02 -0.14298178E-02 -0.10368436E-02 -0.75964807E-03 -0.56959503E-03 -0.44460897E-03 -0.36825091E-03 -0.32877277E-03 -0.31823078E-03 -0.33175876E-03 -0.36690247E-03 -0.42311123E-03 -0.50132195E-03 -0.60366575E-03 -0.73324350E-03 -0.89405562E-03 -0.10910968E-02 -0.13307264E-02 -0.16214660E-02 -0.19754467E-02 -0.24108115E-02 -0.29554502E-02 -0.36525068E-02 -0.45680971E-02 -0.58015822E-02 -0.74985544E-02 -0.98660693E-02 -0.13189140E-01 -0.17846135E-01 -0.24319258E-01 -0.33194284E-01
-0.60828165E-01 -0.51931659E-01 -0.44890299E-01 -0.38905699E-01 -0.33533840E-01 -0.28581754E-01 -0.24006992E-01 -0.19837576E-01 -0.16118119E-01 -0.12879975E-01 -0.10129539E-01 -0.78480280E-02 -0.59970806E-02 -0.45262114E-02 -0.33797785E-02 -0.25024201E-02 -0.18427225E-02 -0.13553138E-02 -0.10017464E-02 -0.75054469E-03 -0.57673965E-03 -0.46113641E-03 -0.38948313E-03 -0.35165407E-03 -0.34088939E-03 -0.35316695E-03 -0.38665015E-03 -0.44124759E-03 -0.51826240E-03 -0.62013991E-03 -0.75026776E-03 -0.91291390E-03 -0.11133075E-02 -0.13579712E-02 -0.16554463E-02 -0.20176253E-02 -0.24619786E-02 -0.30150405E-02 -0.37175717E-02 -0.46318293E-02 -0.58512805E-02 -0.75128941E-02 -0.98117306E-02 -0.13016748E-01 -0.17485871E-01 -0.23676758E-01 -0.32147950E-01
-0.52426794E-01 -0.45685419E-01 -0.39945693E-01 -0.34790816E-01 -0.30016153E-01 -0.25560193E-01 -0.21439772E-01 -0.17700177E-01 -0.14383126E-01 -0.11510705E-01 -0.90809916E-02 -0.70707570E-02 -0.54414266E-02 -0.41456709E-02 -0.31331593E-02 -0.23548677E-02 -0.17658841E-02 -0.13269321E-02 -0.10049308E-02 -0.77290397E-03 -0.60950300E-03 -0.49833953E-03 -0.42726346E-03 -0.38767134E-03 -0.37387696E-03 -0.38260079E-03 -0.41251722E-03 -0.46390050E-03 -0.53834110E-03 -0.63853767E-03 -0.76811940E-03 -0.93159247E-03 -0.11344033E-02 -0.13832249E-02 -0.16865978E-02 -0.20561258E-02 -0.25084963E-02 -0.30686661E-02 -0.37746114E-02 -0.46840458E-02 -0.58834429E-02 -0.74995083E-02 -0.97128392E-02 -0.12772927E-01 -0.17012620E-01 -0.22859010E-01 -0.30835956E-01
-0.45659547E-01 -0.40311288E-01 -0.35474063E-01 -0.30963532E-01 -0.26714170E-01 -0.22734433E-01 -0.19066507E-01 -0.15756698E-01 -0.12837793E-01 -0.10321699E-01 -0.81993502E-02 -0.64447202E-02 -0.50204450E-02 -0.38833589E-02 -0.29890660E-02 -0.22952267E-02 -0.17636050E-02 -0.13610952E-02 -0.10600019E-02 -0.83783167E-03 -0.67680999E-03 -0.56328155E-03 -0.48710210E-03 -0.44105640E-03 -0.42040885E-03 -0.42247031E-03 -0.44628596E-03 -0.49236426E-03 -0.56247430E-03 -0.65946079E-03 -0.78711940E-03 -0.95013966E-03 -0.11541454E-02 -0.14059307E-02 -0.17140060E-02 -0.20896412E-02 -0.25486520E-02 -0.31142490E-02 -0.38213136E-02 -0.47224868E-02 -0.58963867E-02 -0.74581118E-02 -0.95718269E-02 -0.12464680E-01 -0.16440491E-01 -0.21890472E-01 -0.29296914E-01
-0.39999026E-01 -0.35573918E-01 -0.31406381E-01 -0.27441738E-01 -0.23685810E-01 -0.20176722E-01 -0.16960941E-01 -0.14076787E-01 -0.11545783E-01 -0.93704328E-02 -0.75363097E-02 -0.60163517E-02 -0.47757517E-02 -0.37764001E-02 -0.29803700E-02 -0.23523072E-02 -0.18608200E-02 -0.14790729E-02 -0.11848168E-02 -0.96006919E-03 -0.79062197E-03 -0.66550318E-03 -0.57647577E-03 -0.51759640E-03 -0.48489680E-03 -0.47610465E-03 -0.49044649E-03 -0.52848525E-03 -0.59199728E-03 -0.68383945E-03 -0.80786007E-03 -0.96883992E-03 -0.11725115E-02 -0.14257426E-02 -0.17369762E-02 -0.21171084E-02 -0.25810257E-02 -0.31500860E-02 -0.38558829E-02 -0.47456432E-02 -0.58895586E-02 -0.73902080E-02 -0.93939192E-02 -0.12103443E-01 -0.15790595E-01 -0.20806564E-01 -0.27586423E-01
-0.35107563E-01 -0.31349386E-01 -0.27736551E-01 -0.24277731E-01 -0.21007644E-01 -0.17970005E-01 -0.15204081E-01 -0.12736361E-01 -0.10577231E-01 -0.87215121E-02 -0.71514057E-02 -0.58404736E-02 -0.47576428E-02 -0.38706112E-02 -0.31483793E-02 -0.25628701E-02 -0.20897511E-02 -0.17086391E-02 -0.14028908E-02 -0.11591606E-02 -0.96688191E-03 -0.81777987E-03 -0.70544204E-03 -0.62507721E-03 -0.57329200E-03 -0.54799945E-03 -0.54836460E-03 -0.57476265E-03 -0.62875261E-03 -0.71300725E-03 -0.83126008E-03 -0.98825125E-03 -0.11897272E-02 -0.14425521E-02 -0.17550535E-02 -0.21377207E-02 -0.26044830E-02 -0.31748093E-02 -0.38769374E-02 -0.47525468E-02 -0.58631570E-02 -0.72983927E-02 -0.91860300E-02 -0.11703284E-01 -0.15088231E-01 -0.19649431E-01 -0.25770863E-01
-0.30816594E-01 -0.27609910E-01 -0.24510929E-01 -0.21551827E-01 -0.18771778E-01 -0.16207285E-01 -0.13885335E-01 -0.11819956E-01 -0.10011850E-01 -0.84502039E-02 -0.71157238E-02 -0.59840155E-02 -0.50286972E-02 -0.42238918E-02 -0.35459493E-02 -0.29744144E-02 -0.24923464E-02 -0.20861554E-02 -0.17451366E-02 -0.14608723E-02 -0.12266482E-02 -0.10369810E-02 -0.88729389E-03 -0.77379757E-03 -0.69345879E-03 -0.64409378E-03 -0.62448889E-03 -0.63451057E-03 -0.67519772E-03 -0.74876961E-03 -0.85861702E-03 -0.10092562E-02 -0.12063014E-02 -0.14565181E-02 -0.17680495E-02 -0.21509450E-02 -0.26181770E-02 -0.31873550E-02 -0.38834166E-02 -0.47425690E-02 -0.58177363E-02 -0.71856503E-02 -0.89555275E-02 -0.11278902E-01 -0.14359695E-01 -0.18462942E-01 -0.23919804E-01
-0.27086377E-01 -0.24398805E-01 -0.21813887E-01 -0.19365116E-01 -0.17083417E-01 -0.14992317E-01 -0.13105178E-01 -0.11424584E-01 -0.99434561E-02 -0.86472887E-02 -0.75168555E-02 -0.65309050E-02 -0.56684738E-02 -0.49106205E-02 -0.42414905E-02 -0.36487312E-02 -0.31233468E-02 -0.26591476E-02 -0.22519746E-02 -0.18988783E-02 -0.15974074E-02 -0.13451177E-02 -0.11393226E-02 -0.97711990E-03 -0.85557912E-03 -0.77205977E-03 -0.72455687E-03 -0.71200292E-03 -0.73451204E-03 -0.79348802E-03 -0.89167095E-03 -0.10331029E-02 -0.12230738E-02 -0.14681069E-02 -0.17760734E-02 -0.21565488E-02 -0.26215627E-02 -0.31869516E-02 -0.38745162E-02 -0.47152529E-02 -0.57538693E-02 -0.70547191E-02 -0.87091208E-02 -0.10843722E-01 -0.13629169E-01 -0.17287789E-01 -0.22098387E-01
-0.23962390E-01 -0.21805273E-01 -0.19754732E-01 -0.17834174E-01 -0.16060401E-01 -0.14442008E-01 -0.12979164E-01 -0.11664571E-01 -0.10485216E-01 -0.94244955E-02 -0.84644094E-02 -0.75875803E-02 -0.67789227E-02 -0.60268320E-02 -0.53237656E-02 -0.46661935E-02 -0.40539833E-02 -0.34893800E-02 -0.29758038E-02 -0.25166848E-02 -0.21145428E-02 -0.17703926E-02 -0.14835972E-02 -0.12520308E-02 -0.10725453E-02 -0.94157852E-03 -0.85578874E-03 -0.81261107E-03 -0.81069697E-03 -0.85015373E-03 -0.93266190E-03 -0.10614574E-02 -0.12412475E-02 -0.14781265E-02 -0.17795722E-02 -0.21546312E-02 -0.26144231E-02 -0.31731302E-02 -0.38496631E-02 -0.46702201E-02 -0.56719180E-02 -0.69076318E-02 -0.84520095E-02 -0.10408423E-01 -0.12916245E-01 -0.16157435E-01 -0.20360912E-01
-0.21538642E-01 -0.19944632E-01 -0.18458693E-01 -0.17088498E-01 -0.15834156E-01 -0.14688958E-01 -0.13640879E-01 -0.12674388E-01 -0.11772241E-01 -0.10917077E-01 -0.10092883E-01 -0.92863889E-02 -0.84883711E-02 -0.76946476E-02 -0.69064755E-02 -0.61301689E-02 -0.53759417E-02 -0.46562035E-02 -0.39836784E-02 -0.33696842E-02 -0.28228153E-02 -0.23482694E-02 -0.19476981E-02 -0.16196339E-02 -0.13602897E-02 -0.11645589E-02 -0.10270361E-02 -0.94290780E-03 -0.90865193E-03 -0.92244656E-03 -0.98437798E-03 -0.10964433E-02 -0.12624322E-02 -0.14877638E-02 -0.17793619E-02 -0.21456686E-02 -0.25969110E-02 -0.31457589E-02 -0.38085361E-02 -0.46071550E-02 -0.55719475E-02 -0.67454880E-02 -0.81874130E-02 -0.99800478E-02 -0.12234370E-01 -0.15095508E-01 -0.18746575E-01
-0.19931918E-01 -0.18945408E-01 -0.18061438E-01 -0.17268469E-01 -0.16548230E-01 -0.15878663E-01 -0.15236862E-01 -0.14601238E-01 -0.13952601E-01 -0.13274475E-01 -0.12553335E-01 -0.11779386E-01 -0.10948016E-01 -0.10061402E-01 -0.91294645E-02 -0.81694996E-02 -0.72043216E-02 -0.62594031E-02 -0.53597105E-02 -0.45269587E-02 -0.37776824E-02 -0.31223301E-02 -0.25652505E-02 -0.21054661E-02 -0.17379639E-02 -0.14552391E-02 -0.12488402E-02 -0.11107064E-02 -0.10342053E-02 -0.10147634E-02 -0.10501836E-02 -0.11406711E-02 -0.12886723E-02 -0.14986175E-02 -0.17766657E-02 -0.21305449E-02 -0.25695905E-02 -0.31050988E-02 -0.37511245E-02 -0.45258670E-02 -0.54537744E-02 -0.65684724E-02 -0.79165109E-02 -0.95617956E-02 -0.11590361E-01 -0.14114844E-01 -0.17277748E-01
-0.19265915E-01 -0.18940838E-01 -0.18703038E-01 -0.18517748E-01 -0.18346046E-01 -0.18150742E-01 -0.17900879E-01 -0.17573407E-01 -0.17151970E-01 -0.16624186E-01 -0.15979527E-01 -0.15209366E-01 -0.14309549E-01 -0.13284357E-01 -0.12149820E-01 -0.10934445E-01 -0.96766574E-02 -0.84197433E-02 -0.72060811E-02 -0.60722402E-02 -0.50459013E-02 -0.41445958E-02 -0.33760248E-02 -0.27394671E-02 -0.22278490E-02 -0.18300844E-02 -0.15333446E-02 -0.13249958E-02 -0.11940756E-02 -0.11322003E-02 -0.11340169E-02 -0.11972469E-02 -0.13224625E-02 -0.15127170E-02 -0.17731385E-02 -0.21105895E-02 -0.25334843E-02 -0.30518621E-02 -0.36778189E-02 -0.44264111E-02 -0.53171392E-02 -0.63760880E-02 -0.76387507E-02 -0.91534207E-02 -0.10984910E-01 -0.13218107E-01 -0.15960680E-01
-0.19660723E-01 -0.20059224E-01 -0.20514243E-01 -0.20961285E-01 -0.21337937E-01 -0.21594454E-01 -0.21699529E-01 -0.21638938E-01 -0.21408552E-01 -0.21005827E-01 -0.20423953E-01 -0.19651037E-01 -0.18674786E-01 -0.17491247E-01 -0.16113993E-01 -0.14579122E-01 -0.12943071E-01 -0.11274023E-01 -0.96406827E-02 -0.81026709E-02 -0.67047118E-02 -0.54748058E-02 -0.44252592E-02 -0.35553659E-02 -0.28548367E-02 -0.23073760E-02 -0.18939901E-02 -0.15957298E-02 -0.13957322E-02 -0.12804690E-02 -0.12403455E-02 -0.12697515E-02 -0.13667438E-02 -0.15325294E-02 -0.17708811E-02 -0.20875990E-02 -0.24901085E-02 -0.29872724E-02 -0.35895014E-02 -0.43092449E-02 -0.51619462E-02 -0.61675277E-02 -0.73524211E-02 -0.87520920E-02 -0.10413849E-01 -0.12399617E-01 -0.14788113E-01
-0.21221435E-01 -0.22406836E-01 -0.23589375E-01 -0.24666406E-01 -0.25552908E-01 -0.26198126E-01 -0.26588059E-01 -0.26733232E-01 -0.26650639E-01 -0.26350149E-01 -0.25828582E-01 -0.25068889E-01 -0.24043775E-01 -0.22726891E-01 -0.21111271E-01 -0.19226412E-01 -0.17142883E-01 -0.14960817E-01 -0.12788815E-01 -0.10723782E-01 -0.88385000E-02 -0.71779702E-02 -0.57617607E-02 -0.45891979E-02 -0.36452945E-02 -0.29063733E-02 -0.23449186E-02 -0.19334192E-02 -0.16471312E-02 -0.14657308E-02 -0.13740675E-02 -0.13621860E-02 -0.14248742E-02 -0.15609454E-02 -0.17724361E-02 -0.20638431E-02 -0.24414924E-02 -0.29131067E-02 -0.34876309E-02 -0.41753747E-02 -0.49885302E-02 -0.59421150E-02 -0.70553606E-02 -0.83535031E-02 -0.98698593E-02 -0.11647915E-01 -0.13743064E-01
-0.24021476E-01 -0.26042302E-01 -0.27953303E-01 -0.29613050E-01 -0.30935139E-01 -0.31903851E-01 -0.32551439E-01 -0.32912962E-01 -0.32996387E-01 -0.32789863E-01 -0.32286805E-01 -0.31491295E-01 -0.30395812E-01 -0.28963426E-01 -0.27145828E-01 -0.24929226E-01 -0.22370460E-01 -0.19595779E-01 -0.16766905E-01 -0.14039024E-01 -0.11531818E-01 -0.93194599E-02 -0.74343179E-02 -0.58766563E-02 -0.46251346E-02 -0.36459379E-02 -0.29000212E-02 -0.23484939E-02 -0.19562996E-02 -0.16943368E-02 -0.15403507E-02 -0.14788750E-02 -0.15005700E-02 -0.16012421E-02 -0.17807637E-02 -0.20420482E-02 -0.23901737E-02 -0.28317112E-02 -0.33742963E-02 -0.40264785E-02 -0.47978840E-02 -0.56997232E-02 -0.67456611E-02 -0.79530274E-02 -0.93442801E-02 -0.10948556E-01 -0.12803010E-01
-0.28082748E-01 -0.30955616E-01 -0.33559159E-01 -0.35754974E-01 -0.37542507E-01 -0.39033251E-01 -0.40327433E-01 -0.41379350E-01 -0.41983958E-01 -0.41925055E-01 -0.41158205E-01 -0.39847283E-01 -0.38216759E-01 -0.36368685E-01 -0.34234054E-01 -0.31679386E-01 -0.28651505E-01 -0.25243557E-01 -0.21659855E-01 -0.18133606E-01 -0.14858179E-01 -0.11957139E-01 -0.94860903E-02 -0.74490803E-02 -0.58169743E-02 -0.45425611E-02 -0.35716007E-02 -0.28504179E-02 -0.23307639E-02 -0.19724651E-02 -0.17444098E-02 -0.16243262E-02 -0.15978170E-02 -0.16570226E-02 -0.17991944E-02 -0.20253588E-02 -0.23391670E-02 -0.27459834E-02 -0.32522262E-02 -0.38649706E-02 -0.45918254E-02 -0.54411001E-02 -0.64222693E-02 -0.75467252E-02 -0.88287621E-02 -0.10286679E-01 -0.11943804E-01
-0.33364573E-01 -0.37082000E-01 -0.40381500E-01 -0.43296109E-01 -0.46164588E-01 -0.49431849E-01 -0.53215448E-01 -0.56946443E-01 -0.59490997E-01 -0.59819949E-01 -0.57738346E-01 -0.54029185E-01 -0.49876869E-01 -0.46095019E-01 -0.42782425E-01 -0.39548383E-01 -0.35971658E-01 -0.31905240E-01 -0.27499641E-01 -0.23055378E-01 -0.18865449E-01 -0.15130760E-01 -0.11947035E-01 -0.93281126E-02 -0.72364254E-02 -0.56078374E-02 -0.43686842E-02 -0.34465841E-02 -0.27768409E-02 -0.23056723E-02 -0.19912215E-02 -0.18030513E-02 -0.17207491E-02 -0.17321264E-02 -0.18313582E-02 -0.20172732E-02 -0.22919026E-02 -0.26593168E-02 -0.31247510E-02 -0.36939991E-02 -0.43730653E-02 -0.51680677E-02 -0.60853941E-02 -0.71321028E-02 -0.83165351E-02 -0.96490667E-02 -0.11142868E-01
