Basic/Day4/qtaim/urea/crystal/urea_cry_pl2d.SURFGKIN
DSAA
 161 161
-0.75589045E+01  0.75589045E+01  0.94486307E-01
-0.75589045E+01  0.75589045E+01  0.94486307E-01
 0.00000000E+00  0.00000000E+00
[rows 110 to 131 of 161, columns 0 to 47 of 161]
0.87884907E+00 0.90345094E+00 0.89710903E+00 0.86130658E+00 0.80364480E+00 0.73374324E+00 0.65940990E+00 0.58523782E+00 0.51317806E+00 0.44380530E+00 0.37749305E+00 0.31510129E+00 0.25799625E+00 0.20758217E+00 0.16477082E+00 0.12971552E+00 0.10186807E+00 0.80229523E-01 0.63632561E-01 0.50953678E-01 0.41228347E-01 0.33688249E-01 0.27752645E-01 0.22999750E-01 0.19133072E-01 0.15949581E-01 0.13312344E-01 0.11128505E-01 0.93327085E-02 0.78755348E-02 0.67161135E-02 0.58179142E-02 0.51467041E-02 0.46698331E-02 0.43562338E-02 0.41767413E-02 0.41045201E-02 0.41155061E-02 0.41888414E-02 0.43073077E-02 0.44577765E-02 0.46316449E-02 0.48252682E-02 0.50403157E-02 0.52840029E-02 0.55691543E-02 0.59140297E-02 0.63418923E-02
0.64350557E+00 0.65580878E+00 0.65266731E+00 0.63453677E+00 0.60384553E+00 0.56398104E+00 0.51817498E+00 0.46887148E+00 0.41770788E+00 0.36590251E+00 0.31470343E+00 0.26558752E+00 0.22011644E+00 0.17960390E+00 0.14483208E+00 0.11595971E+00 0.92617951E-01 0.74105293E-01 0.59586618E-01 0.48241223E-01 0.39347060E-01 0.32313730E-01 0.26683412E-01 0.22115502E-01 0.18364857E-01 0.15259157E-01 0.12678314E-01 0.10537442E-01 0.87739185E-02 0.73383940E-02 0.61891189E-02 0.52887575E-02 0.46028703E-02 0.40993897E-02 0.37486115E-02 0.35234014E-02 0.33994618E-02 0.33555980E-02 0.33739766E-02 0.34403888E-02 0.35445385E-02 0.36803385E-02 0.38462264E-02 0.40454394E-02 0.42862055E-02 0.45818095E-02 0.49504528E-02 0.54148770E-02
0.48654583E+00 0.49345354E+00 0.49170081E+00 0.48143650E+00 0.46347492E+00 0.43902657E+00 0.40938133E+00 0.37572163E+00 0.33913680E+00 0.30076593E+00 0.26191245E+00 0.22400926E+00 0.18843629E+00 0.15629424E+00 0.12824975E+00 0.10450597E+00 0.84881203E-01 0.68941196E-01 0.56132130E-01 0.45883408E-01 0.37672164E-01 0.31054953E-01 0.25676438E-01 0.21264113E-01 0.17615749E-01 0.14584189E-01 0.12062532E-01 0.99715024E-02 0.82497697E-02 0.68472481E-02 0.57208882E-02 0.48323358E-02 0.41468067E-02 0.36326648E-02 0.32613539E-02 0.30074661E-02 0.28488458E-02 0.27666934E-02 0.27456731E-02 0.27740423E-02 0.28438213E-02 0.29509936E-02 0.30957447E-02 0.32826901E-02 0.35210434E-02 0.38246884E-02 0.42120599E-02 0.47057933E-02
0.37541192E+00 0.37940364E+00 0.37839669E+00 0.37241952E+00 0.36163492E+00 0.34631812E+00 0.32684482E+00 0.30371439E+00 0.27760289E+00 0.24940428E+00 0.22020795E+00 0.19119353E+00 0.16347324E+00 0.13794146E+00 0.11518225E+00 0.95453431E-01 0.78733520E-01 0.64802146E-01 0.53325324E-01 0.43927324E-01 0.36241787E-01 0.29942241E-01 0.24755782E-01 0.20464733E-01 0.16900902E-01 0.13936308E-01 0.11473252E-01 0.94355199E-02 0.77615477E-02 0.63996671E-02 0.53051133E-02 0.44383161E-02 0.37640329E-02 0.32509428E-02 0.28714691E-02 0.26016888E-02 0.24212715E-02 0.23134321E-02 0.22649092E-02 0.22659955E-02 0.23106077E-02 0.23964403E-02 0.25251501E-02 0.27025633E-02 0.29388336E-02 0.32485222E-02 0.36504885E-02 0.41675448E-02
0.29869159E+00 0.30100364E+00 0.30042462E+00 0.29692976E+00 0.29039119E+00 0.28065561E+00 0.26765764E+00 0.25152825E+00 0.23265998E+00 0.21170539E+00 0.18950844E+00 0.16699119E+00 0.14503011E+00 0.12435397E+00 0.10548286E+00 0.88712199E-01 0.74133787E-01 0.61679859E-01 0.51175791E-01 0.42390128E-01 0.35074978E-01 0.28994005E-01 0.23938284E-01 0.19732293E-01 0.16233118E-01 0.13325946E-01 0.10918275E-01 0.89344144E-02 0.73110764E-02 0.59942136E-02 0.49369592E-02 0.40983659E-02 0.34426456E-02 0.29387054E-02 0.25598158E-02 0.22833455E-02 0.20905346E-02 0.19663078E-02 0.18991421E-02 0.18810127E-02 0.19074065E-02 0.19774337E-02 0.20939922E-02 0.22639596E-02 0.24983664E-02 0.28124691E-02 0.32256504E-02 0.37610646E-02
0.25294626E+00 0.25460141E+00 0.25418777E+00 0.25167895E+00 0.24693324E+00 0.23975837E+00 0.23001289E+00 0.21771007E+00 0.20308404E+00 0.18659277E+00 0.16886076E+00 0.15058743E+00 0.13245338E+00 0.11504716E+00 0.98821300E-01 0.84075863E-01 0.70964039E-01 0.59513418E-01 0.49656448E-01 0.41263592E-01 0.34173633E-01 0.28217415E-01 0.23233638E-01 0.19077289E-01 0.15622507E-01 0.12761964E-01 0.10404584E-01 0.84728613E-02 0.69004365E-02 0.56301935E-02 0.46128538E-02 0.38059658E-02 0.31731444E-02 0.26834601E-02 0.23109261E-02 0.20340448E-02 0.18354185E-02 0.17014332E-02 0.16220313E-02 0.15905901E-02 0.16038967E-02 0.16622341E-02 0.17695394E-02 0.19335960E-02 0.21662161E-02 0.24833188E-02 0.29048305E-02 0.34543151E-02
0.24206079E+00 0.24464606E+00 0.24398835E+00 0.24015951E+00 0.23353273E+00 0.22459608E+00 0.21377167E+00 0.20135493E+00 0.18757027E+00 0.17266570E+00 0.15697324E+00 0.14090720E+00 0.12491663E+00 0.10942674E+00 0.94794244E-01 0.81284030E-01 0.69063152E-01 0.58206838E-01 0.48712537E-01 0.40518690E-01 0.33524773E-01 0.27609439E-01 0.22644731E-01 0.18505745E-01 0.15076257E-01 0.12251328E-01 0.99380035E-02 0.80549548E-02 0.65316480E-02 0.53073591E-02 0.43301846E-02 0.35561040E-02 0.29481022E-02 0.24753761E-02 0.21125953E-02 0.18392629E-02 0.16391672E-02 0.14999464E-02 0.14127855E-02 0.13722274E-02 0.13761347E-02 0.14257551E-02 0.15258827E-02 0.16850580E-02 0.19157601E-02 0.22344935E-02 0.26616849E-02 0.32212979E-02
0.28326022E+00 0.29027037E+00 0.28846058E+00 0.27828074E+00 0.26205901E+00 0.24279713E+00 0.22295291E+00 0.20388796E+00 0.18597919E+00 0.16904506E+00 0.15277089E+00 0.13696711E+00 0.12163562E+00 0.10691526E+00 0.92997188E-01 0.80062264E-01 0.68248994E-01 0.57641603E-01 0.48268966E-01 0.40109962E-01 0.33103095E-01 0.27158226E-01 0.22168289E-01 0.18019394E-01 0.14598544E-01 0.11798899E-01 0.95229265E-02 0.76839183E-02 0.62063667E-02 0.50255982E-02 0.40869793E-02 0.33449115E-02 0.27617623E-02 0.23068250E-02 0.19553558E-02 0.16877419E-02 0.14888040E-02 0.13472540E-02 0.12553187E-02 0.12085128E-02 0.12055759E-02 0.12485351E-02 0.13428708E-02 0.14977274E-02 0.17261179E-02 0.20450182E-02 0.24752628E-02 0.30411463E-02
0.42504747E+00 0.44589817E+00 0.44046540E+00 0.41055814E+00 0.36529878E+00 0.31571507E+00 0.26989302E+00 0.23148855E+00 0.20075163E+00 0.17618041E+00 0.15583278E+00 0.13809883E+00 0.12197723E+00 0.10700486E+00 0.93051366E-01 0.80137639E-01 0.68328866E-01 0.57684398E-01 0.48236113E-01 0.39979704E-01 0.32873781E-01 0.26844818E-01 0.21795792E-01 0.17616073E-01 0.14190624E-01 0.11407342E-01 0.91621361E-02 0.73618797E-02 0.59256356E-02 0.47846520E-02 0.38815842E-02 0.31693151E-02 0.26096290E-02 0.21719034E-02 0.18319264E-02 0.15708599E-02 0.13744165E-02 0.12322252E-02 0.11373768E-02 0.10861810E-02 0.10780788E-02 0.11157050E-02 0.12050618E-02 0.13557405E-02 0.15811383E-02 0.18985612E-02 0.23291228E-02 0.28973356E-02
0.80816118E+00 0.87353089E+00 0.85633688E+00 0.76374827E+00 0.63075081E+00 0.49600129E+00 0.38302479E+00 0.29821641E+00 0.23816831E+00 0.19638948E+00 0.16661953E+00 0.14402728E+00 0.12547269E+00 0.10925042E+00 0.94596628E-01 0.81236697E-01 0.69101841E-01 0.58191603E-01 0.48514643E-01 0.40062057E-01 0.32795504E-01 0.26645132E-01 0.21514641E-01 0.17290325E-01 0.13851076E-01 0.11077167E-01 0.88567347E-02 0.70897342E-02 0.56897022E-02 0.45838968E-02 0.37124054E-02 0.30267134E-02 0.24880873E-02 0.20659973E-02 0.17366989E-02 0.14820411E-02 0.12884972E-02 0.11464582E-02 0.10497275E-02 0.99524553E-03 0.98299177E-03 0.10160474E-02 0.11007758E-02 0.12470539E-02 0.14685025E-02 0.17825970E-02 0.22105735E-02 0.27770187E-02
0.18624141E+01 0.20787841E+01 0.20213812E+01 0.17184668E+01 0.13046019E+01 0.91765327E+00 0.62586521E+00 0.43150698E+00 0.30941158E+00 0.23388128E+00 0.18636729E+00 0.15478505E+00 0.13175675E+00 0.11322934E+00 0.97268971E-01 0.83076484E-01 0.70358169E-01 0.59012694E-01 0.48999983E-01 0.40287066E-01 0.32823522E-01 0.26532051E-01 0.21309457E-01 0.17034143E-01 0.13576181E-01 0.10806888E-01 0.86061704E-02 0.68670926E-02 0.54979098E-02 0.44221876E-02 0.35777036E-02 0.29147260E-02 0.23940978E-02 0.19853954E-02 0.16652990E-02 0.14162451E-02 0.12253545E-02 0.10836376E-02 0.98546332E-03 0.92825277E-03 0.91237224E-03 0.94119560E-03 0.10212899E-02 0.11626565E-02 0.13789705E-02 0.16877043E-02 0.21100422E-02 0.26704791E-02
0.47749796E+01 0.54776798E+01 0.52899443E+01 0.43152546E+01 0.30340196E+01 0.19097543E+01 0.11378889E+01 0.68253878E+00 0.43162194E+00 0.29406278E+00 0.21650861E+00 0.17042061E+00 0.14044089E+00 0.11848813E+00 0.10067927E+00 0.85358509E-01 0.71880542E-01 0.59994416E-01 0.49586988E-01 0.40584680E-01 0.32912666E-01 0.26477465E-01 0.21163374E-01 0.16837735E-01 0.13360358E-01 0.10593252E-01 0.84083392E-02 0.66923003E-02 0.53486594E-02 0.42977689E-02 0.34754567E-02 0.28310052E-02 0.23249515E-02 0.19270039E-02 0.16142293E-02 0.13695618E-02 0.11806542E-02 0.10390111E-02 0.93943027E-03 0.87967320E-03 0.86034969E-03 0.88498078E-03 0.96018544E-03 0.10959284E-02 0.13057692E-02 0.16069974E-02 0.20205620E-02 0.25706864E-02
0.12341839E+02 0.14581615E+02 0.13973007E+02 0.10930275E+02 0.71937197E+01 0.41338389E+01 0.21806612E+01 0.11357618E+01 0.62735584E+00 0.38180925E+00 0.25757572E+00 0.19050015E+00 0.15093047E+00 0.12448821E+00 0.10440310E+00 0.87771704E-01 0.73450214E-01 0.60986907E-01 0.50175039E-01 0.40888596E-01 0.33020036E-01 0.26454064E-01 0.21059184E-01 0.16690241E-01 0.13196597E-01 0.10431493E-01 0.82597300E-02 0.65625095E-02 0.52394255E-02 0.42082439E-02 0.34032828E-02 0.27731115E-02 0.22780981E-02 0.18881197E-02 0.15805922E-02 0.13388788E-02 0.11510464E-02 0.10089822E-02 0.90778420E-03 0.84542462E-03 0.82262665E-03 0.84292077E-03 0.91283379E-03 0.10421377E-02 0.12441089E-02 0.15356746E-02 0.19373616E-02 0.24729350E-02
0.32315198E+02 0.40638578E+02 0.38296245E+02 0.27493933E+02 0.16277896E+02 0.85302329E+01 0.40870947E+01 0.18869762E+01 0.91553110E+00 0.49777148E+00 0.30770663E+00 0.21353565E+00 0.16224083E+00 0.13056849E+00 0.10798715E+00 0.90006254E-01 0.74858593E-01 0.61851844E-01 0.50673437E-01 0.41139739E-01 0.33107210E-01 0.26436723E-01 0.20980212E-01 0.16580287E-01 0.13076821E-01 0.10315581E-01 0.81555916E-02 0.64737877E-02 0.51668171E-02 0.41505911E-02 0.33584143E-02 0.27384451E-02 0.22510352E-02 0.18662743E-02 0.15619096E-02 0.13216509E-02 0.11338957E-02 0.99080056E-03 0.88765070E-03 0.82251287E-03 0.79610233E-03 0.81183363E-03 0.87600564E-03 0.99805352E-03 0.11908100E-02 0.14706650E-02 0.18575387E-02 0.23745519E-02
0.87556511E+02 0.11900021E+03 0.10990521E+03 0.70464484E+02 0.35118801E+02 0.15948780E+02 0.69826147E+01 0.29471513E+01 0.12853982E+01 0.63207993E+00 0.36117467E+00 0.23663072E+00 0.17292736E+00 0.13595635E+00 0.11097664E+00 0.91776886E-01 0.75922689E-01 0.62471616E-01 0.51006565E-01 0.41289094E-01 0.33141806E-01 0.26403401E-01 0.20910869E-01 0.16496364E-01 0.12992169E-01 0.10238438E-01 0.80901052E-02 0.64212508E-02 0.51266728E-02 0.41212207E-02 0.33377155E-02 0.27242249E-02 0.22412483E-02 0.18591465E-02 0.15559749E-02 0.13157401E-02 0.11270871E-02 0.98234231E-03 0.87688332E-03 0.80876643E-03 0.77859241E-03 0.78954762E-03 0.84758238E-03 0.96166054E-03 0.11440224E-02 0.14103589E-02 0.17798068E-02 0.22746604E-02
0.21351100E+03 0.35236491E+03 0.30576638E+03 0.15938776E+03 0.67968718E+02 0.26126612E+02 0.10365940E+02 0.41068189E+01 0.16643016E+01 0.75887754E+00 0.40803965E+00 0.25571599E+00 0.18125171E+00 0.13985742E+00 0.11296544E+00 0.92851593E-01 0.76501106E-01 0.62757703E-01 0.51117966E-01 0.41299560E-01 0.33098297E-01 0.26335528E-01 0.20836891E-01 0.16427034E-01 0.12933194E-01 0.10192134E-01 0.80565669E-02 0.63992201E-02 0.51141846E-02 0.41160627E-02 0.33377337E-02 0.27275028E-02 0.22461895E-02 0.18644956E-02 0.15607796E-02 0.13193021E-02 0.11288871E-02 0.98195626E-03 0.87389181E-03 0.80265329E-03 0.76863616E-03 0.77470215E-03 0.82634657E-03 0.93194930E-03 0.11030223E-02 0.13544098E-02 0.17043030E-02 0.21739968E-02
0.44250682E+03 0.10680305E+04 0.75873705E+03 0.28521644E+03 0.10138223E+03 0.35084431E+02 0.12918106E+02 0.49302645E+01 0.19226508E+01 0.84067701E+00 0.43649837E+00 0.26660532E+00 0.18560932E+00 0.14161961E+00 0.11366033E+00 0.93078985E-01 0.76506406E-01 0.62656096E-01 0.50972407E-01 0.41146512E-01 0.32958031E-01 0.26217931E-01 0.20745347E-01 0.16361028E-01 0.12890039E-01 0.10168094E-01 0.80475910E-02 0.64014060E-02 0.51240507E-02 0.41306836E-02 0.33547785E-02 0.27452069E-02 0.22632954E-02 0.18801554E-02 0.15744691E-02 0.13307225E-02 0.11378688E-02 0.98836605E-03 0.87752998E-03 0.80315808E-03 0.76536583E-03 0.76661217E-03 0.81185288E-03 0.90878103E-03 0.10680733E-02 0.13035970E-02 0.16324515E-02 0.20747734E-02
0.47803215E+03 0.12677104E+04 0.87490342E+03 0.30399836E+03 0.10520384E+03 0.36054824E+02 0.13174524E+02 0.50094099E+01 0.19461905E+01 0.84721062E+00 0.43805703E+00 0.26659886E+00 0.18506658E+00 0.14091090E+00 0.11293704E+00 0.92405318E-01 0.75909943E-01 0.62148088E-01 0.50555308E-01 0.40816948E-01 0.32708540E-01 0.26038441E-01 0.20624508E-01 0.16287322E-01 0.12852619E-01 0.10157330E-01 0.80553493E-02 0.64211233E-02 0.51506547E-02 0.41604254E-02 0.33850205E-02 0.27742126E-02 0.22900110E-02 0.19040386E-02 0.15953289E-02 0.13485851E-02 0.11528606E-02 0.10006068E-02 0.88702931E-03 0.80970948E-03 0.76843023E-03 0.76518964E-03 0.80433888E-03 0.89280876E-03 0.10403513E-02 0.12597502E-02 0.15668886E-02 0.19806013E-02
0.25117812E+03 0.43964773E+03 0.37617580E+03 0.18218312E+03 0.75228012E+02 0.28146014E+02 0.10966689E+02 0.43019773E+01 0.17240674E+01 0.77613763E+00 0.41234806E+00 0.25572913E+00 0.17971877E+00 0.13781806E+00 0.11085997E+00 0.90873272E-01 0.74736895E-01 0.61245798E-01 0.49869487E-01 0.40307370E-01 0.32342334E-01 0.25787344E-01 0.20463736E-01 0.16195270E-01 0.12810884E-01 0.10150739E-01 0.80718565E-02 0.64515410E-02 0.51882696E-02 0.42005612E-02 0.34246145E-02 0.28114107E-02 0.23238477E-02 0.19341634E-02 0.16217917E-02 0.13716656E-02 0.11729297E-02 0.10180080E-02 0.90196876E-03 0.82214776E-03 0.77796209E-03 0.77091282E-03 0.80470440E-03 0.88545407E-03 0.10219245E-02 0.12257342E-02 0.15114476E-02 0.18964736E-02
0.10501395E+03 0.14517850E+03 0.13337668E+03 0.83715285E+02 0.40380353E+02 0.17739313E+02 0.76219800E+01 0.31708522E+01 0.13582689E+01 0.65491896E+00 0.36737951E+00 0.23673346E+00 0.17063534E+00 0.13280201E+00 0.10765031E+00 0.88600318E-01 0.73052172E-01 0.59983360E-01 0.48929924E-01 0.39620905E-01 0.31855512E-01 0.25456887E-01 0.20253494E-01 0.16074867E-01 0.12755168E-01 0.10139465E-01 0.80892970E-02 0.64859558E-02 0.52312731E-02 0.42464697E-02 0.34698078E-02 0.28538031E-02 0.23624394E-02 0.19686910E-02 0.16524598E-02 0.13989420E-02 0.11973857E-02 0.10401879E-02 0.92227565E-03 0.84072510E-03 0.79458269E-03 0.78483734E-03 0.81452911E-03 0.88893586E-03 0.10157923E-02 0.12054958E-02 0.14712129E-02 0.18288216E-02
0.39164615E+02 0.50032923E+02 0.46957154E+02 0.32964359E+02 0.18948807E+02 0.97115965E+01 0.45782759E+01 0.20739675E+01 0.98303580E+00 0.52160409E+00 0.31488623E+00 0.21373869E+00 0.15941193E+00 0.12652559E+00 0.10361250E+00 0.85742884E-01 0.70940942E-01 0.58405973E-01 0.47757820E-01 0.38764374E-01 0.31246568E-01 0.25041029E-01 0.19985554E-01 0.15917141E-01 0.12676636E-01 0.10115312E-01 0.81003757E-02 0.65180729E-02 0.52743761E-02 0.42937854E-02 0.35170727E-02 0.28985875E-02 0.24036049E-02 0.20059696E-02 0.16861369E-02 0.14296190E-02 0.12258011E-02 0.10670748E-02 0.94824101E-03 0.86613422E-03 0.81943886E-03 0.80864486E-03 0.83613552E-03 0.90634837E-03 0.10259817E-02 0.12041767E-02 0.14526476E-02 0.17856544E-02
0.14832486E+02 0.17668690E+02 0.16893450E+02 0.13068716E+02 0.84839024E+01 0.48075748E+01 0.24922483E+01 0.12688168E+01 0.68268645E+00 0.40404130E+00 0.26483931E+00 0.19059091E+00 0.14759339E+00 0.11964086E+00 0.99049961E-01 0.82458331E-01 0.68489237E-01 0.56559650E-01 0.46375473E-01 0.37746065E-01 0.30515726E-01 0.24535538E-01 0.19653418E-01 0.15714670E-01 0.12567764E-01 0.10071159E-01 0.80986550E-02 0.65422805E-02 0.53128086E-02 0.43385612E-02 0.35632140E-02 0.29432395E-02 0.24454090E-02 0.20445815E-02 0.17218656E-02 0.14631611E-02 0.12580431E-02 0.10989417E-02 0.98057001E-03 0.89955863E-03 0.85426769E-03 0.84472548E-03 0.87269238E-03 0.94179482E-03 0.10577012E-02 0.12282944E-02 0.14637978E-02 0.17767778E-02
