Basic/Day4/qtaim/urea/crystal/urea_cry_pl2d.SURFVIRI
DSAA
 161 161
-0.75589045E+01  0.75589045E+01  0.94486307E-01
-0.75589045E+01  0.75589045E+01  0.94486307E-01
 0.00000000E+00  0.00000000E+00
[rows 84 to 104 of 161, columns 0 to 46 of 161]
-0.68674205E-01 -0.69536915E-01 -0.69317795E-01 -0.68037800E-01 -0.65816229E-01 -0.62847114E-01 -0.59362575E-01 -0.55592632E-01 -0.51731175E-01 -0.47915156E-01 -0.44219702E-01 -0.40667369E-01 -0.37246519E-01 -0.33932412E-01 -0.30705734E-01 -0.27564908E-01 -0.24531345E-01 -0.21648702E-01 -0.18978482E-01 -0.16594599E-01 -0.14579121E-01 -0.13020625E-01 -0.12015728E-01 -0.11673624E-01 -0.12122615E-01 -0.13516500E-01 -0.16036441E-01 -0.19880539E-01 -0.25231108E-01 -0.32197188E-01 -0.40760945E-01 -0.50814921E-01 -0.62417811E-01 -0.76307041E-01 -0.94389382E-01 -0.11952550E+00 -0.15395775E+00 -0.19675696E+00 -0.24230055E+00 -0.28223986E+00 -0.31105997E+00 -0.33157376E+00 -0.35560620E+00 -0.39866018E+00 -0.47221254E+00 -0.57880202E+00 -0.71286429E+00
-0.93570157E-01 -0.95127814E-01 -0.94731711E-01 -0.92424391E-01 -0.88448259E-01 -0.83198387E-01 -0.77148768E-01 -0.70770501E-01 -0.64461055E-01 -0.58498984E-01 -0.53030171E-01 -0.48082904E-01 -0.43602478E-01 -0.39493258E-01 -0.35657259E-01 -0.32021931E-01 -0.28554626E-01 -0.25264976E-01 -0.22199026E-01 -0.19429653E-01 -0.17047312E-01 -0.15153834E-01 -0.13860610E-01 -0.13291175E-01 -0.13586915E-01 -0.14912891E-01 -0.17457576E-01 -0.21415788E-01 -0.26943141E-01 -0.34087631E-01 -0.42762743E-01 -0.52925880E-01 -0.65177120E-01 -0.81787179E-01 -0.10752887E+00 -0.14890396E+00 -0.21046681E+00 -0.28909566E+00 -0.37053747E+00 -0.43355946E+00 -0.46199233E+00 -0.45679419E+00 -0.43802046E+00 -0.43439436E+00 -0.46839035E+00 -0.54710361E+00 -0.66319443E+00
-0.13622344E+00 -0.13907616E+00 -0.13835034E+00 -0.13412781E+00 -0.12687544E+00 -0.11735657E+00 -0.10649161E+00 -0.95201606E-01 -0.84270425E-01 -0.74253161E-01 -0.65443619E-01 -0.57897182E-01 -0.51492662E-01 -0.46010952E-01 -0.41209689E-01 -0.36879738E-01 -0.32877501E-01 -0.29134682E-01 -0.25651479E-01 -0.22481047E-01 -0.19712275E-01 -0.17455915E-01 -0.15836678E-01 -0.14991768E-01 -0.15074278E-01 -0.16257339E-01 -0.18730619E-01 -0.22675486E-01 -0.28207063E-01 -0.35304494E-01 -0.43849139E-01 -0.54046211E-01 -0.67565118E-01 -0.89350481E-01 -0.12894495E+00 -0.19879236E+00 -0.30716700E+00 -0.44726913E+00 -0.59055409E+00 -0.69445583E+00 -0.72517646E+00 -0.68058739E+00 -0.59414764E+00 -0.51596787E+00 -0.48626787E+00 -0.51979028E+00 -0.60746709E+00
-0.20880249E+00 -0.21392746E+00 -0.21262336E+00 -0.20503872E+00 -0.19202256E+00 -0.17496878E+00 -0.15556904E+00 -0.13553121E+00 -0.11632597E+00 -0.99012319E-01 -0.84167892E-01 -0.71920540E-01 -0.62053641E-01 -0.54145899E-01 -0.47707878E-01 -0.42288624E-01 -0.37540562E-01 -0.33243839E-01 -0.29300153E-01 -0.25708858E-01 -0.22537540E-01 -0.19895823E-01 -0.17917280E-01 -0.16750718E-01 -0.16559038E-01 -0.17520235E-01 -0.19819824E-01 -0.23618284E-01 -0.28983727E-01 -0.35833394E-01 -0.44074122E-01 -0.54354263E-01 -0.69906665E-01 -0.99361014E-01 -0.15869480E+00 -0.26833065E+00 -0.44156223E+00 -0.66664043E+00 -0.89562129E+00 -0.10568957E+01 -0.10927356E+01 -0.99699709E+00 -0.82138913E+00 -0.64463569E+00 -0.53031745E+00 -0.50314893E+00 -0.55219445E+00
-0.32827233E+00 -0.33713363E+00 -0.33487916E+00 -0.32176211E+00 -0.29923318E+00 -0.26968827E+00 -0.23606126E+00 -0.20134891E+00 -0.16816996E+00 -0.13844824E+00 -0.11327159E+00 -0.92927993E-01 -0.77075864E-01 -0.64981344E-01 -0.55756318E-01 -0.48548993E-01 -0.42664531E-01 -0.37616326E-01 -0.33123290E-01 -0.29074758E-01 -0.25482889E-01 -0.22437519E-01 -0.20071921E-01 -0.18542223E-01 -0.18018497E-01 -0.18680744E-01 -0.20706728E-01 -0.24233053E-01 -0.29282983E-01 -0.35728502E-01 -0.43548098E-01 -0.53928121E-01 -0.71830201E-01 -0.10983347E+00 -0.19074821E+00 -0.34348692E+00 -0.58675173E+00 -0.90357657E+00 -0.12252171E+01 -0.14488082E+01 -0.14909690E+01 -0.13415171E+01 -0.10719209E+01 -0.79122254E+00 -0.58720656E+00 -0.49459024E+00 -0.50047483E+00
-0.51552095E+00 -0.53009431E+00 -0.52638814E+00 -0.50480390E+00 -0.46765073E+00 -0.41877615E+00 -0.36295475E+00 -0.30514682E+00 -0.24977512E+00 -0.20017114E+00 -0.15829650E+00 -0.12476289E+00 -0.99090011E-01 -0.80090842E-01 -0.66269688E-01 -0.56147875E-01 -0.48476068E-01 -0.42331577E-01 -0.37124882E-01 -0.32549671E-01 -0.28509180E-01 -0.25042931E-01 -0.22268090E-01 -0.20340543E-01 -0.19433764E-01 -0.19727314E-01 -0.21389754E-01 -0.24535637E-01 -0.29152807E-01 -0.35085473E-01 -0.42385980E-01 -0.52679155E-01 -0.72263288E-01 -0.11671019E+00 -0.21397923E+00 -0.39939978E+00 -0.69580805E+00 -0.10823249E+01 -0.14743769E+01 -0.17452562E+01 -0.17921064E+01 -0.16018680E+01 -0.12610825E+01 -0.90137737E+00 -0.62806227E+00 -0.48275211E+00 -0.45101380E+00
-0.79188154E+00 -0.81449220E+00 -0.80874552E+00 -0.77523036E+00 -0.71734653E+00 -0.64081645E+00 -0.55286516E+00 -0.46118143E+00 -0.37282511E+00 -0.29330171E+00 -0.22601668E+00 -0.17220927E+00 -0.13130534E+00 -0.10151378E+00 -0.80468266E-01 -0.65764131E-01 -0.55316615E-01 -0.47533997E-01 -0.41342933E-01 -0.36120283E-01 -0.31583060E-01 -0.27675128E-01 -0.24473197E-01 -0.22120961E-01 -0.20789812E-01 -0.20656551E-01 -0.21880893E-01 -0.24560851E-01 -0.28662591E-01 -0.34015290E-01 -0.40697740E-01 -0.50484660E-01 -0.70100612E-01 -0.11602944E+00 -0.21776374E+00 -0.41252810E+00 -0.72437279E+00 -0.11312238E+01 -0.15437282E+01 -0.18280143E+01 -0.18754416E+01 -0.16721095E+01 -0.13087452E+01 -0.92285107E+00 -0.62382713E+00 -0.45459919E+00 -0.40041113E+00
-0.11734649E+01 -0.12065873E+01 -0.11981717E+01 -0.11490521E+01 -0.10640127E+01 -0.95104303E+00 -0.82026161E+00 -0.68267360E+00 -0.54878430E+00 -0.42720977E+00 -0.32364210E+00 -0.24050081E+00 -0.17731423E+00 -0.13158374E+00 -0.99783389E-01 -0.78220479E-01 -0.63621372E-01 -0.53426214E-01 -0.45849637E-01 -0.39791834E-01 -0.34680186E-01 -0.30300965E-01 -0.26656276E-01 -0.23860418E-01 -0.22074895E-01 -0.21471006E-01 -0.22200824E-01 -0.24352973E-01 -0.27886935E-01 -0.32626347E-01 -0.38608996E-01 -0.47404481E-01 -0.65082778E-01 -0.10659892E+00 -0.19874356E+00 -0.37531780E+00 -0.65811409E+00 -0.10270361E+01 -0.14010195E+01 -0.16587759E+01 -0.17019768E+01 -0.15180233E+01 -0.11887609E+01 -0.83800472E+00 -0.56393062E+00 -0.40473543E+00 -0.34696689E+00
-0.16718247E+01 -0.17193076E+01 -0.17072202E+01 -0.16369710E+01 -0.15162885E+01 -0.13569644E+01 -0.11726297E+01 -0.97752596E+00 -0.78562661E+00 -0.60924544E+00 -0.45733152E+00 -0.33437524E+00 -0.24050325E+00 -0.17257059E+00 -0.12564750E+00 -0.94366163E-01 -0.73857857E-01 -0.60239884E-01 -0.50739451E-01 -0.43584764E-01 -0.37785495E-01 -0.32892393E-01 -0.28789078E-01 -0.25537773E-01 -0.23279594E-01 -0.22176582E-01 -0.22374056E-01 -0.23957746E-01 -0.26894070E-01 -0.31012367E-01 -0.36265326E-01 -0.43760479E-01 -0.58115962E-01 -0.90950602E-01 -0.16322342E+00 -0.30140442E+00 -0.52251581E+00 -0.81082868E+00 -0.11031828E+01 -0.13052998E+01 -0.13408405E+01 -0.11999793E+01 -0.94611643E+00 -0.67519350E+00 -0.46317046E+00 -0.33929387E+00 -0.29269407E+00
-0.23292304E+01 -0.24040588E+01 -0.23848571E+01 -0.22752902E+01 -0.20941700E+01 -0.18655863E+01 -0.16104783E+01 -0.13451782E+01 -0.10842106E+01 -0.84178516E+00 -0.63011322E+00 -0.45670677E+00 -0.32318301E+00 -0.22614052E+00 -0.15916904E+00 -0.11488877E+00 -0.86422225E-01 -0.68181966E-01 -0.56103525E-01 -0.47523949E-01 -0.40889587E-01 -0.35425829E-01 -0.30846228E-01 -0.27133631E-01 -0.24395721E-01 -0.22780161E-01 -0.22425156E-01 -0.23417561E-01 -0.25740577E-01 -0.29243926E-01 -0.33798648E-01 -0.39987611E-01 -0.50731785E-01 -0.73724939E-01 -0.12307526E+00 -0.21669140E+00 -0.36610697E+00 -0.56080235E+00 -0.75851027E+00 -0.89627559E+00 -0.92316995E+00 -0.83256992E+00 -0.66665768E+00 -0.48937204E+00 -0.35125406E+00 -0.27140713E+00 -0.24197753E+00
-0.33397088E+01 -0.34895228E+01 -0.34505761E+01 -0.32349854E+01 -0.29030690E+01 -0.25244981E+01 -0.21448525E+01 -0.17810219E+01 -0.14372516E+01 -0.11198652E+01 -0.83976409E+00 -0.60697435E+00 -0.42557065E+00 -0.29270785E+00 -0.20073338E+00 -0.14007758E+00 -0.10150487E+00 -0.77362100E-01 -0.61992689E-01 -0.51621192E-01 -0.43981301E-01 -0.37879421E-01 -0.32804316E-01 -0.28629748E-01 -0.25415249E-01 -0.23287751E-01 -0.22376392E-01 -0.22769818E-01 -0.24472174E-01 -0.27367348E-01 -0.31285889E-01 -0.36395413E-01 -0.44175765E-01 -0.58915413E-01 -0.88752536E-01 -0.14416820E+00 -0.23200468E+00 -0.34632530E+00 -0.46285984E+00 -0.54545035E+00 -0.56484007E+00 -0.51714791E+00 -0.42647512E+00 -0.32940391E+00 -0.25469064E+00 -0.21277786E+00 -0.19851388E+00
-0.52895196E+01 -0.56561721E+01 -0.55598599E+01 -0.50396092E+01 -0.42865902E+01 -0.35131165E+01 -0.28430942E+01 -0.22950031E+01 -0.18347077E+01 -0.14314445E+01 -0.10776842E+01 -0.78009121E+00 -0.54490255E+00 -0.37083279E+00 -0.24961729E+00 -0.16958789E+00 -0.11895251E+00 -0.87715424E-01 -0.68376279E-01 -0.55854461E-01 -0.47037882E-01 -0.40228755E-01 -0.34640100E-01 -0.30008084E-01 -0.26329362E-01 -0.23703206E-01 -0.22246455E-01 -0.22047149E-01 -0.23128311E-01 -0.25414339E-01 -0.28743840E-01 -0.33050797E-01 -0.38869605E-01 -0.48149045E-01 -0.64862138E-01 -0.94299588E-01 -0.14004445E+00 -0.19933598E+00 -0.26026477E+00 -0.30497437E+00 -0.31896422E+00 -0.30021512E+00 -0.26047794E+00 -0.21758278E+00 -0.18532280E+00 -0.16827222E+00 -0.16333950E+00
-0.95405215E+01 -0.10539712E+02 -0.10272914E+02 -0.88837401E+01 -0.70103928E+01 -0.52462311E+01 -0.38845659E+01 -0.29384742E+01 -0.22750268E+01 -0.17612660E+01 -0.13297271E+01 -0.96622449E+00 -0.67504335E+00 -0.45687469E+00 -0.30373832E+00 -0.20227608E+00 -0.13816605E+00 -0.98942214E-01 -0.75107942E-01 -0.60149317E-01 -0.50015379E-01 -0.42442180E-01 -0.36328336E-01 -0.31249735E-01 -0.27127698E-01 -0.24027433E-01 -0.22049754E-01 -0.21277858E-01 -0.21746771E-01 -0.23417265E-01 -0.26166140E-01 -0.29850444E-01 -0.34530101E-01 -0.40859945E-01 -0.50423323E-01 -0.65486735E-01 -0.87699678E-01 -0.11604655E+00 -0.14557500E+00 -0.16872112E+00 -0.17926151E+00 -0.17619438E+00 -0.16427682E+00 -0.15072753E+00 -0.14091990E+00 -0.13627299E+00 -0.13511739E+00
-0.20323385E+02 -0.24062088E+02 -0.23021137E+02 -0.18096364E+02 -0.12628933E+02 -0.84007633E+01 -0.55543987E+01 -0.38069970E+01 -0.27709965E+01 -0.20954584E+01 -0.15787601E+01 -0.11519148E+01 -0.80688024E+00 -0.54509376E+00 -0.35965767E+00 -0.23617654E+00 -0.15807544E+00 -0.11048750E+00 -0.81910965E-01 -0.64369164E-01 -0.52842642E-01 -0.44477356E-01 -0.37839967E-01 -0.32334044E-01 -0.27797893E-01 -0.24258029E-01 -0.21795972E-01 -0.20485552E-01 -0.20364938E-01 -0.21419184E-01 -0.23567818E-01 -0.26678409E-01 -0.30647309E-01 -0.35565338E-01 -0.41886544E-01 -0.50386786E-01 -0.61702644E-01 -0.75547715E-01 -0.90185790E-01 -0.10286211E+00 -0.11121906E+00 -0.11470236E+00 -0.11475125E+00 -0.11360197E+00 -0.11276791E+00 -0.11239105E+00 -0.11171047E+00
-0.57039756E+02 -0.75836367E+02 -0.70387576E+02 -0.46883045E+02 -0.25818216E+02 -0.14047725E+02 -0.81097716E+01 -0.49749837E+01 -0.33322345E+01 -0.24206403E+01 -0.18071315E+01 -0.13221213E+01 -0.92951377E+00 -0.62827782E+00 -0.41290312E+00 -0.26866578E+00 -0.17722001E+00 -0.12157745E+00 -0.88392709E-01 -0.68319601E-01 -0.55421688E-01 -0.46280540E-01 -0.39141440E-01 -0.33238269E-01 -0.28325535E-01 -0.24389340E-01 -0.21489886E-01 -0.19688068E-01 -0.19017177E-01 -0.19472143E-01 -0.21002466E-01 -0.23511330E-01 -0.26877847E-01 -0.31016716E-01 -0.35954511E-01 -0.41847618E-01 -0.48856309E-01 -0.56888988E-01 -0.65400539E-01 -0.73483046E-01 -0.80275359E-01 -0.85387817E-01 -0.88967440E-01 -0.91358335E-01 -0.92699873E-01 -0.92826367E-01 -0.91503126E-01
-0.19706220E+03 -0.33606979E+03 -0.28982765E+03 -0.14266938E+03 -0.58736031E+02 -0.24078141E+02 -0.11570421E+02 -0.63690931E+01 -0.39226356E+01 -0.27150072E+01 -0.19973364E+01 -0.14623605E+01 -0.10319236E+01 -0.69879028E+00 -0.45858396E+00 -0.29680938E+00 -0.19393602E+00 -0.13131560E+00 -0.94090769E-01 -0.71768837E-01 -0.57635865E-01 -0.47789482E-01 -0.40195691E-01 -0.33938059E-01 -0.28694639E-01 -0.24412981E-01 -0.21131627E-01 -0.18896525E-01 -0.17730594E-01 -0.17626800E-01 -0.18547212E-01 -0.20422245E-01 -0.23154586E-01 -0.26636047E-01 -0.30776206E-01 -0.35521611E-01 -0.40834103E-01 -0.46621469E-01 -0.52666153E-01 -0.58622946E-01 -0.64105512E-01 -0.68792103E-01 -0.72458134E-01 -0.74927367E-01 -0.76028915E-01 -0.75638397E-01 -0.73782523E-01
-0.87732592E+03 -0.22311540E+04 -0.17022042E+04 -0.49394283E+03 -0.12231956E+03 -0.38824726E+02 -0.15360566E+02 -0.76763411E+01 -0.44295176E+01 -0.29404815E+01 -0.21318776E+01 -0.15604142E+01 -0.11046420E+01 -0.74978486E+00 -0.49217249E+00 -0.31782962E+00 -0.20662071E+00 -0.13882370E+00 -0.98543988E-01 -0.74481377E-01 -0.59364863E-01 -0.48939799E-01 -0.40964865E-01 -0.34408848E-01 -0.28888671E-01 -0.24318809E-01 -0.20717501E-01 -0.18115282E-01 -0.16522018E-01 -0.15921556E-01 -0.16274996E-01 -0.17523481E-01 -0.19589246E-01 -0.22378363E-01 -0.25787895E-01 -0.29713885E-01 -0.34050666E-01 -0.38675322E-01 -0.43424843E-01 -0.48084455E-01 -0.52398726E-01 -0.56097945E-01 -0.58924611E-01 -0.60658087E-01 -0.61149264E-01 -0.60367397E-01 -0.58437634E-01
-0.24812043E+04 -0.26798456E+05 -0.10162603E+05 -0.11606202E+04 -0.19038883E+03 -0.50601251E+02 -0.17845352E+02 -0.84129911E+01 -0.46963169E+01 -0.30510552E+01 -0.21954999E+01 -0.16077443E+01 -0.11410829E+01 -0.77629507E+00 -0.51026968E+00 -0.32958860E+00 -0.21401440E+00 -0.14339670E+00 -0.10137296E+00 -0.76257725E-01 -0.60503418E-01 -0.49673513E-01 -0.41414350E-01 -0.34628026E-01 -0.28892045E-01 -0.24096244E-01 -0.20241291E-01 -0.17342991E-01 -0.15397649E-01 -0.14377166E-01 -0.14234535E-01 -0.14909567E-01 -0.16331301E-01 -0.18417792E-01 -0.21075505E-01 -0.24199348E-01 -0.27671866E-01 -0.31359432E-01 -0.35105994E-01 -0.38728939E-01 -0.42022573E-01 -0.44771854E-01 -0.46775736E-01 -0.47877742E-01 -0.47999313E-01 -0.47166638E-01 -0.45518818E-01
-0.20421888E+04 -0.12732104E+05 -0.68935348E+04 -0.10085635E+04 -0.17675100E+03 -0.48376826E+02 -0.17299266E+02 -0.82221910E+01 -0.46191254E+01 -0.30183494E+01 -0.21805274E+01 -0.16007601E+01 -0.11383654E+01 -0.77597913E+00 -0.51117996E+00 -0.33097159E+00 -0.21543259E+00 -0.14463393E+00 -0.10235031E+00 -0.76970418E-01 -0.60979208E-01 -0.49947917E-01 -0.41517294E-01 -0.34577540E-01 -0.28691947E-01 -0.23735835E-01 -0.19695846E-01 -0.16574387E-01 -0.14354965E-01 -0.12997557E-01 -0.12445078E-01 -0.12630758E-01 -0.13482235E-01 -0.14921836E-01 -0.16864389E-01 -0.19214257E-01 -0.21862609E-01 -0.24685233E-01 -0.27541374E-01 -0.30275087E-01 -0.32721295E-01 -0.34718222E-01 -0.36126080E-01 -0.36849203E-01 -0.36856356E-01 -0.36192507E-01 -0.34976703E-01
-0.59654506E+03 -0.13532931E+04 -0.10850870E+04 -0.35571299E+03 -0.10253186E+03 -0.34333288E+02 -0.14084166E+02 -0.71901867E+01 -0.42268030E+01 -0.28525368E+01 -0.20910074E+01 -0.15414431E+01 -0.10975758E+01 -0.74941717E+00 -0.49517822E+00 -0.32208097E+00 -0.21089057E+00 -0.14251340E+00 -0.10144292E+00 -0.76587280E-01 -0.60765503E-01 -0.49742525E-01 -0.41258669E-01 -0.34246498E-01 -0.28280231E-01 -0.23230884E-01 -0.19074737E-01 -0.15802330E-01 -0.13385665E-01 -0.11774208E-01 -0.10901740E-01 -0.10694422E-01 -0.11075970E-01 -0.11969024E-01 -0.13293528E-01 -0.14963616E-01 -0.16884479E-01 -0.18950383E-01 -0.21044770E-01 -0.23043270E-01 -0.24820392E-01 -0.26260067E-01 -0.27269159E-01 -0.27791413E-01 -0.27818380E-01 -0.27393698E-01 -0.26608714E-01
-0.13834232E+03 -0.21389742E+03 -0.18983511E+03 -0.10498224E+03 -0.46688165E+02 -0.20293319E+02 -0.10181066E+02 -0.57727622E+01 -0.36611029E+01 -0.25965483E+01 -0.19410448E+01 -0.14367597E+01 -0.10234832E+01 -0.69995521E+00 -0.46442947E+00 -0.30420088E+00 -0.20109208E+00 -0.13739167E+00 -0.98816027E-01 -0.75176429E-01 -0.59885704E-01 -0.49062749E-01 -0.40638100E-01 -0.33633339E-01 -0.27655155E-01 -0.22578959E-01 -0.18373791E-01 -0.15019713E-01 -0.12478589E-01 -0.10691217E-01 -0.95843197E-02 -0.90787274E-02 -0.90950048E-02 -0.95556421E-02 -0.10384390E-01 -0.11503945E-01 -0.12833333E-01 -0.14286220E-01 -0.15771089E-01 -0.17193927E-01 -0.18463623E-01 -0.19499684E-01 -0.20241233E-01 -0.20655380E-01 -0.20742945E-01 -0.20539696E-01 -0.20112434E-01
