Basic/Day4/qtaim/urea/crystal/urea_cry_pl2d.SURFKKIN
DSAA
 161 161
-0.75589045E+01  0.75589045E+01  0.94486307E-01
-0.75589045E+01  0.75589045E+01  0.94486307E-01
 0.00000000E+00  0.00000000E+00
[rows 22 to 43 of 161, columns 0 to 47 of 161]
0.46744600E+00 0.48055345E+00 0.47720998E+00 0.45787280E+00 0.42507545E+00 0.38268953E+00 0.33495402E+00 0.28567740E+00 0.23782173E+00 0.19343361E+00 0.15376402E+00 0.11943596E+00 0.90592998E-01 0.67020354E-01 0.48251778E-01 0.33671121E-01 0.22604929E-01 0.14396043E-01 0.84510068E-02 0.42618478E-02 0.14088631E-02 -0.44704272E-03 -0.15756819E-02 -0.21887603E-02 -0.24495797E-02 -0.24812861E-02 -0.23740816E-02 -0.21917068E-02 -0.19772930E-02 -0.17585001E-02 -0.15518644E-02 -0.13662788E-02 -0.12056827E-02 -0.10709755E-02 -0.96138220E-03 -0.87534707E-03 -0.81111532E-03 -0.76709769E-03 -0.74213651E-03 -0.73559399E-03 -0.74746770E-03 -0.77835604E-03 -0.82932562E-03 -0.90157728E-03 -0.99588897E-03 -0.11116887E-02 -0.12457138E-02 -0.13902036E-02
0.47667703E+00 0.49088827E+00 0.48725119E+00 0.46637808E+00 0.43161155E+00 0.38785012E+00 0.34003340E+00 0.29201566E+00 0.24620826E+00 0.20384966E+00 0.16549390E+00 0.13139701E+00 0.10170030E+00 0.76456827E-01 0.55591030E-01 0.38865122E-01 0.25886280E-01 0.16151934E-01 0.91111091E-02 0.42204518E-02 0.98373999E-03 -0.10265434E-02 -0.21617929E-02 -0.26992013E-02 -0.28490563E-02 -0.27646635E-02 -0.25530828E-02 -0.22855005E-02 -0.20065019E-02 -0.17418608E-02 -0.15047174E-02 -0.13002261E-02 -0.11288763E-02 -0.98873471E-03 -0.87687567E-03 -0.79025286E-03 -0.72618231E-03 -0.68259252E-03 -0.65816425E-03 -0.65233479E-03 -0.66530922E-03 -0.69795822E-03 -0.75162248E-03 -0.82771835E-03 -0.92712212E-03 -0.10491749E-02 -0.11902626E-02 -0.13419191E-02
0.53286519E+00 0.55065736E+00 0.54610081E+00 0.51999690E+00 0.47682312E+00 0.42340774E+00 0.36678940E+00 0.31221613E+00 0.26234199E+00 0.21776046E+00 0.17809218E+00 0.14283550E+00 0.11172840E+00 0.84750738E-01 0.61967216E-01 0.43359378E-01 0.28728171E-01 0.17685767E-01 0.97106398E-02 0.42251844E-02 0.66479262E-03 -0.14754663E-02 -0.26173055E-02 -0.30935166E-02 -0.31536885E-02 -0.29759800E-02 -0.26811197E-02 -0.23461861E-02 -0.20167875E-02 -0.17170435E-02 -0.14572524E-02 -0.12394706E-02 -0.10613477E-02 -0.91860759E-03 -0.80655948E-03 -0.72092129E-03 -0.65823942E-03 -0.61604173E-03 -0.59287526E-03 -0.58823858E-03 -0.60250952E-03 -0.63678693E-03 -0.69264506E-03 -0.77169283E-03 -0.87491546E-03 -0.10016286E-02 -0.11480059E-02 -0.13051154E-02
0.60531632E+00 0.62374588E+00 0.61908906E+00 0.59158952E+00 0.54336997E+00 0.48008138E+00 0.41055920E+00 0.34348487E+00 0.28401015E+00 0.23321758E+00 0.18988820E+00 0.15240231E+00 0.11966117E+00 0.91197027E-01 0.66936510E-01 0.46905517E-01 0.31011516E-01 0.18953190E-01 0.10241748E-01 0.42816288E-02 0.45929700E-03 -0.17894292E-02 -0.29414815E-02 -0.33737324E-02 -0.33670006E-02 -0.31191766E-02 -0.27618242E-02 -0.23766950E-02 -0.20102285E-02 -0.16852605E-02 -0.14098712E-02 -0.11836873E-02 -0.10021227E-02 -0.85905368E-03 -0.74837638E-03 -0.66483928E-03 -0.60436122E-03 -0.56416590E-03 -0.54268133E-03 -0.53946196E-03 -0.55502774E-03 -0.59066633E-03 -0.64814949E-03 -0.72925991E-03 -0.83510490E-03 -0.96504071E-03 -0.11151685E-02 -0.12763334E-02
0.56642553E+00 0.56528094E+00 0.56582967E+00 0.56555581E+00 0.55205019E+00 0.51366578E+00 0.45132760E+00 0.37820328E+00 0.30846004E+00 0.24905875E+00 0.20024907E+00 0.15968627E+00 0.12520836E+00 0.95593351E-01 0.70372510E-01 0.49439269E-01 0.32714533E-01 0.19954867E-01 0.10712380E-01 0.43963457E-02 0.36911952E-03 -0.19712670E-02 -0.31403986E-02 -0.35474387E-02 -0.34966844E-02 -0.32011369E-02 -0.28008205E-02 -0.23812696E-02 -0.19897542E-02 -0.16482905E-02 -0.13633823E-02 -0.11328798E-02 -0.95053570E-03 -0.80883693E-03 -0.70061293E-03 -0.61986523E-03 -0.56204824E-03 -0.52413235E-03 -0.50447566E-03 -0.50267445E-03 -0.51936382E-03 -0.55598441E-03 -0.61447233E-03 -0.69676638E-03 -0.80410840E-03 -0.93595751E-03 -0.10884759E-02 -0.12525221E-02
0.19649147E+00 0.15385998E+00 0.16464823E+00 0.22759771E+00 0.32454359E+00 0.40676189E+00 0.42945185E+00 0.39270131E+00 0.32813309E+00 0.26332395E+00 0.20888532E+00 0.16486157E+00 0.12862840E+00 0.98158008E-01 0.72429833E-01 0.51063226E-01 0.33903238E-01 0.20730766E-01 0.11143113E-01 0.45756158E-02 0.39079870E-03 -0.20301630E-02 -0.32257370E-02 -0.36265300E-02 -0.35534635E-02 -0.32307478E-02 -0.28049906E-02 -0.23649138E-02 -0.19587557E-02 -0.16082097E-02 -0.13188218E-02 -0.10872690E-02 -0.90616495E-03 -0.76701878E-03 -0.66190536E-03 -0.58426960E-03 -0.52925439E-03 -0.49363653E-03 -0.47573196E-03 -0.47517102E-03 -0.49268056E-03 -0.52982092E-03 -0.58866044E-03 -0.67127536E-03 -0.77905034E-03 -0.91160097E-03 -0.10652739E-02 -0.12311592E-02
-0.35330781E+00 -0.35031586E+00 -0.35346234E+00 -0.34038389E+00 -0.21911974E+00 0.21082785E-01 0.24406753E+00 0.33957266E+00 0.32669003E+00 0.27172822E+00 0.21518027E+00 0.16828712E+00 0.13046717E+00 0.99371094E-01 0.73455048E-01 0.51999125E-01 0.34706284E-01 0.21347161E-01 0.11560929E-01 0.48230729E-02 0.51530406E-03 -0.19808348E-02 -0.32135617E-02 -0.36259517E-02 -0.35499817E-02 -0.32179936E-02 -0.27817780E-02 -0.23328799E-02 -0.19207147E-02 -0.15671303E-02 -0.12772700E-02 -0.10471659E-02 -0.86874218E-03 -0.73288777E-03 -0.63117331E-03 -0.55670697E-03 -0.50438636E-03 -0.47088343E-03 -0.45448534E-03 -0.45485674E-03 -0.47279131E-03 -0.50993921E-03 -0.56846613E-03 -0.65056582E-03 -0.75776769E-03 -0.88988648E-03 -0.10435591E-02 -0.12103009E-02
-0.30682175E+00 0.88414742E-01 -0.41029257E-01 -0.46339851E+00 -0.66566488E+00 -0.54527128E+00 -0.15740574E+00 0.16817360E+00 0.28256724E+00 0.26804545E+00 0.21804365E+00 0.17025899E+00 0.13131809E+00 0.99791453E-01 0.73867814E-01 0.52518498E-01 0.35277298E-01 0.21877390E-01 0.11990202E-01 0.51361933E-02 0.72734134E-03 -0.18429279E-02 -0.31232421E-02 -0.35625682E-02 -0.34998071E-02 -0.31731573E-02 -0.27385827E-02 -0.22902262E-02 -0.18788885E-02 -0.15269768E-02 -0.12396904E-02 -0.10128490E-02 -0.83805653E-03 -0.70587429E-03 -0.60759619E-03 -0.53612367E-03 -0.48621700E-03 -0.45450495E-03 -0.43926066E-03 -0.44017604E-03 -0.45809159E-03 -0.49471340E-03 -0.55227838E-03 -0.63307198E-03 -0.73876064E-03 -0.86938838E-03 -0.10219664E-02 -0.11886005E-02
0.91320181E+01 0.21680877E+02 0.17579454E+02 0.44263900E+01 -0.40970751E+00 -0.92478235E+00 -0.64821634E+00 -0.11810527E+00 0.18618677E+00 0.24832995E+00 0.21671406E+00 0.17103030E+00 0.13167712E+00 0.99903426E-01 0.74044831E-01 0.52868405E-01 0.35752410E-01 0.22379719E-01 0.12442324E-01 0.55022335E-02 0.10044325E-02 -0.16405461E-02 -0.29765074E-02 -0.34541764E-02 -0.34165831E-02 -0.31061560E-02 -0.26822703E-02 -0.22414691E-02 -0.18360661E-02 -0.14893158E-02 -0.12068061E-02 -0.98446936E-03 -0.81387168E-03 -0.68547044E-03 -0.59047166E-03 -0.52167611E-03 -0.47381095E-03 -0.44347912E-03 -0.42897585E-03 -0.43001166E-03 -0.44745467E-03 -0.48303990E-03 -0.53904037E-03 -0.61780445E-03 -0.72112621E-03 -0.84929141E-03 -0.99974578E-03 -0.11653152E-02
0.99597494E+02 0.20493244E+03 0.16912986E+03 0.57909220E+02 0.54496022E+01 -0.94245880E+00 -0.10156305E+01 -0.43058257E+00 0.59758576E-01 0.21709402E+00 0.21211899E+00 0.17099369E+00 0.13188511E+00 0.10001898E+00 0.74233128E-01 0.53210035E-01 0.36212884E-01 0.22877347E-01 0.12906418E-01 0.58948135E-02 0.13163477E-02 -0.14016464E-02 -0.27965087E-02 -0.33186100E-02 -0.33133053E-02 -0.30260090E-02 -0.26188028E-02 -0.21903357E-02 -0.17944092E-02 -0.14552475E-02 -0.11790225E-02 -0.96198803E-03 -0.79586225E-03 -0.67119337E-03 -0.57919170E-03 -0.51268785E-03 -0.46643003E-03 -0.43704637E-03 -0.42286094E-03 -0.42360328E-03 -0.44015241E-03 -0.47424573E-03 -0.52815510E-03 -0.60427939E-03 -0.70449989E-03 -0.82934952E-03 -0.97674308E-03 -0.11403150E-02
0.43638189E+03 0.19834318E+04 0.13157395E+04 0.20764376E+03 0.26782719E+02 -0.35429320E+00 -0.11958403E+01 -0.65482262E+00 -0.45993304E-01 0.18850914E+00 0.20724734E+00 0.17070562E+00 0.13209028E+00 0.10023110E+00 0.74504941E-01 0.53582863E-01 0.36661685E-01 0.23345794E-01 0.13344027E-01 0.62726377E-02 0.16256498E-02 -0.11569158E-02 -0.26067033E-02 -0.31728467E-02 -0.32016845E-02 -0.29404186E-02 -0.25529806E-02 -0.21396145E-02 -0.17553641E-02 -0.14253588E-02 -0.11563968E-02 -0.94514216E-03 -0.78361355E-03 -0.66251123E-03 -0.57318906E-03 -0.50857583E-03 -0.46349777E-03 -0.43464553E-03 -0.42038860E-03 -0.42047534E-03 -0.43578226E-03 -0.46802543E-03 -0.51945154E-03 -0.59245794E-03 -0.68900377E-03 -0.80984640E-03 -0.95337794E-03 -0.11140909E-02
0.91461529E+03 0.14374312E+05 0.37995010E+04 0.33419950E+03 0.40546478E+02 0.13730890E+00 -0.12404926E+01 -0.72541824E+00 -0.82488711E-01 0.17813532E+00 0.20531859E+00 0.17052738E+00 0.13218849E+00 0.10040797E+00 0.74754828E-01 0.53899269E-01 0.37019094E-01 0.23711394E-01 0.13690036E-01 0.65816121E-02 0.18899884E-02 -0.93782773E-03 -0.24294224E-02 -0.30320527E-02 -0.30915656E-02 -0.28554481E-02 -0.24882871E-02 -0.20910951E-02 -0.17196543E-02 -0.13997337E-02 -0.11386520E-02 -0.93348782E-03 -0.77657059E-03 -0.65886103E-03 -0.57191507E-03 -0.50882535E-03 -0.46454864E-03 -0.43587651E-03 -0.42122771E-03 -0.42038905E-03 -0.43421935E-03 -0.46439299E-03 -0.51310286E-03 -0.58271083E-03 -0.67521848E-03 -0.79157698E-03 -0.93063834E-03 -0.10877612E-02
0.34307092E+03 0.14087140E+04 0.94122402E+03 0.17665843E+03 0.22535069E+02 -0.49811817E+00 -0.11806849E+01 -0.62969832E+00 -0.33993893E-01 0.19099581E+00 0.20694976E+00 0.17013777E+00 0.13179084E+00 0.10022934E+00 0.74733928E-01 0.53967588E-01 0.37137832E-01 0.23862039E-01 0.13860732E-01 0.67608303E-02 0.20663446E-02 -0.77381219E-03 -0.22841127E-02 -0.29085755E-02 -0.29904065E-02 -0.27752987E-02 -0.24268286E-02 -0.20455909E-02 -0.16873346E-02 -0.13780118E-02 -0.11252223E-02 -0.92637624E-03 -0.77409823E-03 -0.65964682E-03 -0.57483566E-03 -0.51297811E-03 -0.46921012E-03 -0.44045617E-03 -0.42521738E-03 -0.42331529E-03 -0.43558939E-03 -0.46365581E-03 -0.50962705E-03 -0.57579469E-03 -0.66416155E-03 -0.77582861E-03 -0.91006607E-03 -0.10630676E-02
0.74052419E+02 0.14988564E+03 0.12548679E+03 0.42231444E+02 0.34801204E+01 -0.99639305E+00 -0.98399036E+00 -0.39301703E+00 0.73220286E-01 0.21718048E+00 0.20922246E+00 0.16848742E+00 0.13031021E+00 0.99268665E-01 0.74112039E-01 0.53536352E-01 0.36833865E-01 0.23668302E-01 0.13767982E-01 0.67518027E-02 0.21167953E-02 -0.68883672E-03 -0.21854354E-02 -0.28109815E-02 -0.29028695E-02 -0.27021993E-02 -0.23693729E-02 -0.20030359E-02 -0.16578986E-02 -0.13594818E-02 -0.11153502E-02 -0.92305808E-03 -0.77550733E-03 -0.66426320E-03 -0.58144308E-03 -0.52063449E-03 -0.47720144E-03 -0.44823988E-03 -0.43236261E-03 -0.42942472E-03 -0.44025855E-03 -0.46640431E-03 -0.50986943E-03 -0.57283960E-03 -0.65727224E-03 -0.76436198E-03 -0.89373336E-03 -0.10423477E-02
0.50132547E+01 0.12713717E+02 0.10170204E+02 0.21996665E+01 -0.64256603E+00 -0.93760963E+00 -0.60898328E+00 -0.92716738E-01 0.18636597E+00 0.23938498E+00 0.20782864E+00 0.16437587E+00 0.12716822E+00 0.97103244E-01 0.72552520E-01 0.52349374E-01 0.35926175E-01 0.23010642E-01 0.13336804E-01 0.65092024E-02 0.20147442E-02 -0.69800736E-03 -0.21415654E-02 -0.27433231E-02 -0.28306028E-02 -0.26364422E-02 -0.23154885E-02 -0.19626483E-02 -0.16304266E-02 -0.13432249E-02 -0.11081484E-02 -0.92273773E-03 -0.78010325E-03 -0.67212803E-03 -0.59127730E-03 -0.53146736E-03 -0.48834179E-03 -0.45920962E-03 -0.44282132E-03 -0.43908974E-03 -0.44883441E-03 -0.47351080E-03 -0.51499791E-03 -0.57533262E-03 -0.65639197E-03 -0.75937946E-03 -0.88419589E-03 -0.10284709E-02
-0.55507174E+00 -0.34360102E+00 -0.41145384E+00 -0.64323203E+00 -0.73682721E+00 -0.54466990E+00 -0.14589734E+00 0.15745491E+00 0.25933864E+00 0.24531318E+00 0.20016731E+00 0.15715022E+00 0.12199750E+00 0.93412589E-01 0.69782352E-01 0.50200608E-01 0.34277385E-01 0.21806896E-01 0.12522441E-01 0.60107103E-02 0.17501963E-02 -0.80498833E-03 -0.21531063E-02 -0.27048332E-02 -0.27723070E-02 -0.25765937E-02 -0.22637845E-02 -0.19231474E-02 -0.16037846E-02 -0.13282190E-02 -0.11027285E-02 -0.92464645E-03 -0.78723756E-03 -0.68271871E-03 -0.60395213E-03 -0.54524166E-03 -0.50256557E-03 -0.47349079E-03 -0.45693721E-03 -0.45289461E-03 -0.46217082E-03 -0.48612991E-03 -0.52649566E-03 -0.58512320E-03 -0.66373118E-03 -0.76347034E-03 -0.88441082E-03 -0.10247242E-02
-0.47182013E+00 -0.49958238E+00 -0.49445611E+00 -0.43949861E+00 -0.27365023E+00 -0.18762003E-01 0.19584993E+00 0.28616979E+00 0.27874903E+00 0.23376250E+00 0.18652808E+00 0.14692995E+00 0.11471456E+00 0.88033314E-01 0.65644719E-01 0.46979547E-01 0.31827393E-01 0.20034017E-01 0.11322889E-01 0.52634879E-02 0.13326864E-02 -0.10009705E-02 -0.22129825E-02 -0.26902073E-02 -0.27241333E-02 -0.25198771E-02 -0.22122387E-02 -0.18830267E-02 -0.15767805E-02 -0.13135042E-02 -0.10982886E-02 -0.92811030E-03 -0.79635593E-03 -0.69560715E-03 -0.61918163E-03 -0.56183518E-03 -0.51993952E-03 -0.49136645E-03 -0.47523836E-03 -0.47163978E-03 -0.48137188E-03 -0.50569096E-03 -0.54614395E-03 -0.60434850E-03 -0.68179499E-03 -0.77949847E-03 -0.89757670E-03 -0.10345956E-02
0.65768137E-01 0.15819719E-01 0.28699678E-01 0.10088886E+00 0.20603508E+00 0.29441420E+00 0.32726631E+00 0.30662629E+00 0.26007491E+00 0.21106956E+00 0.16894454E+00 0.13431551E+00 0.10546271E+00 0.80971909E-01 0.60130802E-01 0.42700679E-01 0.28613409E-01 0.17739074E-01 0.97836887E-02 0.43054825E-02 0.79093938E-03 -0.12656125E-02 -0.23074733E-02 -0.26905162E-02 -0.26804067E-02 -0.24627467E-02 -0.21586026E-02 -0.18407984E-02 -0.15483797E-02 -0.12982982E-02 -0.10941974E-02 -0.93260643E-03 -0.80703745E-03 -0.71048852E-03 -0.63680233E-03 -0.58125662E-03 -0.54067727E-03 -0.51328814E-03 -0.49844571E-03 -0.49635238E-03 -0.50778158E-03 -0.53388084E-03 -0.57596502E-03 -0.63537081E-03 -0.71326786E-03 -0.81044324E-03 -0.92691279E-03 -0.10614782E-02
0.36384118E+00 0.35625322E+00 0.35844247E+00 0.36771622E+00 0.37093624E+00 0.35538135E+00 0.31950303E+00 0.27259974E+00 0.22558564E+00 0.18427328E+00 0.14948122E+00 0.11998276E+00 0.94522280E-01 0.72399651E-01 0.53392422E-01 0.37512539E-01 0.24772017E-01 0.15036704E-01 0.79935690E-02 0.32009967E-02 0.16912307E-03 -0.15699216E-02 -0.24182984E-02 -0.26946519E-02 -0.26346222E-02 -0.24014754E-02 -0.21007851E-02 -0.17952734E-02 -0.15178531E-02 -0.12820921E-02 -0.10900535E-02 -0.93780108E-03 -0.81902035E-03 -0.72719988E-03 -0.65678755E-03 -0.60365633E-03 -0.56514641E-03 -0.53988055E-03 -0.52747212E-03 -0.52824155E-03 -0.54294349E-03 -0.57256671E-03 -0.61814758E-03 -0.68065189E-03 -0.76084185E-03 -0.85912253E-03 -0.97528454E-03 -0.11081827E-02
0.37113250E+00 0.37996334E+00 0.37776218E+00 0.36436292E+00 0.33953087E+00 0.30505986E+00 0.26541682E+00 0.22575308E+00 0.18945006E+00 0.15748483E+00 0.12940895E+00 0.10448980E+00 0.82270129E-01 0.62646333E-01 0.45734592E-01 0.31683471E-01 0.20522101E-01 0.12093302E-01 0.60717838E-02 0.20313902E-02 -0.47960557E-03 -0.18805567E-02 -0.25254023E-02 -0.26910970E-02 -0.25804843E-02 -0.23328415E-02 -0.20372471E-02 -0.17457632E-02 -0.14848904E-02 -0.12647118E-02 -0.10857159E-02 -0.94356665E-03 -0.83221168E-03 -0.74572646E-03 -0.67925095E-03 -0.62932879E-03 -0.59386728E-03 -0.57192140E-03 -0.56338618E-03 -0.56869402E-03 -0.58854671E-03 -0.62371937E-03 -0.67488538E-03 -0.74253081E-03 -0.82687108E-03 -0.92778341E-03 -0.10446615E-02 -0.11762373E-02
0.29170594E+00 0.30002649E+00 0.29790178E+00 0.28564813E+00 0.26508528E+00 0.23913755E+00 0.21097357E+00 0.18304231E+00 0.15662456E+00 0.13206773E+00 0.10931619E+00 0.88319262E-01 0.69190974E-01 0.52185635E-01 0.37583326E-01 0.25564480E-01 0.16131750E-01 0.91014767E-02 0.41500346E-02 0.88297795E-03 -0.11009045E-02 -0.21647279E-02 -0.26099381E-02 -0.26696589E-02 -0.25129443E-02 -0.22546641E-02 -0.19672790E-02 -0.16922150E-02 -0.14496560E-02 -0.12463334E-02 -0.10813045E-02 -0.94997369E-03 -0.84667992E-03 -0.76619340E-03 -0.70443973E-03 -0.65869223E-03 -0.62748074E-03 -0.61031741E-03 -0.60737584E-03 -0.61917527E-03 -0.64630626E-03 -0.68923741E-03 -0.74815139E-03 -0.82289542E-03 -0.91296003E-03 -0.10174929E-02 -0.11353231E-02 -0.12648671E-02
0.21897275E+00 0.22424186E+00 0.22289555E+00 0.21513908E+00 0.20209147E+00 0.18538198E+00 0.16662608E+00 0.14704956E+00 0.12740767E+00 0.10813503E+00 0.89552853E-01 0.72004973E-01 0.55886982E-01 0.41592821E-01 0.29427416E-01 0.19535340E-01 0.11876457E-01 0.62507220E-02 0.23531187E-02 -0.16524867E-03 -0.16468002E-02 -0.23946860E-02 -0.26568702E-02 -0.26229504E-02 -0.24289595E-02 -0.21661767E-02 -0.18911552E-02 -0.16352523E-02 -0.14127796E-02 -0.12274549E-02 -0.10771674E-02 -0.95726419E-03 -0.86263098E-03 -0.78884675E-03 -0.73270071E-03 -0.69226559E-03 -0.66671942E-03 -0.65603983E-03 -0.66065595E-03 -0.68111485E-03 -0.71779471E-03 -0.77070992E-03 -0.83935945E-03 -0.92272242E-03 -0.10193116E-02 -0.11273086E-02 -0.12447322E-02 -0.13695432E-02
