Basic/Day4/qtaim/urea/crystal/urea_cry_pl2d.SURFKKIN
DSAA
 161 161
-0.75589045E+01  0.75589045E+01  0.94486307E-01
-0.75589045E+01  0.75589045E+01  0.94486307E-01
 0.00000000E+00  0.00000000E+00
[rows 66 to 87 of 161, columns 0 to 47 of 161]
-0.25251265E-02 -0.25399465E-02 -0.25362050E-02 -0.25140389E-02 -0.24742607E-02 -0.24183315E-02 -0.23483070E-02 -0.22667474E-02 -0.21765882E-02 -0.20809726E-02 -0.19830591E-02 -0.18858215E-02 -0.17918673E-02 -0.17032982E-02 -0.16216311E-02 -0.15477884E-02 -0.14821446E-02 -0.14246275E-02 -0.13748446E-02 -0.13321719E-02 -0.12958398E-02 -0.12649438E-02 -0.12384014E-02 -0.12148644E-02 -0.11926284E-02 -0.11696052E-02 -0.11434460E-02 -0.11119241E-02 -0.10736840E-02 -0.10294358E-02 -0.98360442E-03 -0.94631275E-03 -0.93539214E-03 -0.97786787E-03 -0.11101164E-02 -0.13755776E-02 -0.18187382E-02 -0.24738276E-02 -0.33466304E-02 -0.43877011E-02 -0.54556803E-02 -0.62707756E-02 -0.63617196E-02 -0.50167233E-02 -0.12608322E-02 0.61017276E-02 0.18330997E-01 0.36451910E-01
-0.26549246E-02 -0.26694967E-02 -0.26658201E-02 -0.26440060E-02 -0.26047167E-02 -0.25491563E-02 -0.24790462E-02 -0.23965744E-02 -0.23043113E-02 -0.22050883E-02 -0.21018468E-02 -0.19974711E-02 -0.18946269E-02 -0.17956274E-02 -0.17023434E-02 -0.16161697E-02 -0.15380333E-02 -0.14684553E-02 -0.14076157E-02 -0.13554099E-02 -0.13114897E-02 -0.12752164E-02 -0.12456029E-02 -0.12212044E-02 -0.12000257E-02 -0.11795187E-02 -0.11567700E-02 -0.11290043E-02 -0.10945259E-02 -0.10541908E-02 -0.10134122E-02 -0.98454650E-03 -0.98928517E-03 -0.10603877E-02 -0.12418211E-02 -0.15860230E-02 -0.21468584E-02 -0.29665792E-02 -0.40549764E-02 -0.53587333E-02 -0.67192758E-02 -0.78185424E-02 -0.81157014E-02 -0.67849854E-02 -0.26769640E-02 0.56586728E-02 0.19838440E-01 0.41357381E-01
-0.27785025E-02 -0.27930117E-02 -0.27893529E-02 -0.27676179E-02 -0.27283557E-02 -0.26725760E-02 -0.26017465E-02 -0.25177722E-02 -0.24229457E-02 -0.23198630E-02 -0.22113059E-02 -0.21001041E-02 -0.19889926E-02 -0.18804841E-02 -0.17767745E-02 -0.16796850E-02 -0.15906520E-02 -0.15107399E-02 -0.14406699E-02 -0.13808351E-02 -0.13312842E-02 -0.12916565E-02 -0.12610885E-02 -0.12380664E-02 -0.12203477E-02 -0.12049785E-02 -0.11885522E-02 -0.11678459E-02 -0.11409785E-02 -0.11091889E-02 -0.10792243E-02 -0.10661373E-02 -0.10960131E-02 -0.12078418E-02 -0.14533647E-02 -0.18935019E-02 -0.25896782E-02 -0.35882590E-02 -0.48960063E-02 -0.64443128E-02 -0.80399790E-02 -0.93016641E-02 -0.95850557E-02 -0.79081305E-02 -0.29012308E-02 0.71768151E-02 0.24302810E-01 0.50386228E-01
-0.28797077E-02 -0.28940221E-02 -0.28904140E-02 -0.28689581E-02 -0.28301040E-02 -0.27746887E-02 -0.27039519E-02 -0.26195379E-02 -0.25234759E-02 -0.24181268E-02 -0.23060980E-02 -0.21901336E-02 -0.20729922E-02 -0.19573318E-02 -0.18456152E-02 -0.17400379E-02 -0.16424980E-02 -0.15545756E-02 -0.14775221E-02 -0.14122341E-02 -0.13591933E-02 -0.13183627E-02 -0.12890392E-02 -0.12697195E-02 -0.12579640E-02 -0.12504670E-02 -0.12433814E-02 -0.12331009E-02 -0.12176574E-02 -0.11988358E-02 -0.11849736E-02 -0.11941720E-02 -0.12573073E-02 -0.14198718E-02 -0.17412485E-02 -0.22897444E-02 -0.31315806E-02 -0.43117366E-02 -0.58243714E-02 -0.75702233E-02 -0.92982965E-02 -0.10530931E-01 -0.10476268E-01 -0.79426150E-02 -0.12853381E-02 0.11564631E-01 0.32930084E-01 0.65026062E-01
-0.29405055E-02 -0.29541573E-02 -0.29507177E-02 -0.29302430E-02 -0.28930729E-02 -0.28398521E-02 -0.27715595E-02 -0.26895323E-02 -0.25954732E-02 -0.24914295E-02 -0.23797422E-02 -0.22629679E-02 -0.21437842E-02 -0.20248943E-02 -0.19089396E-02 -0.17984224E-02 -0.16956588E-02 -0.16027295E-02 -0.15214309E-02 -0.14532050E-02 -0.13990296E-02 -0.13592652E-02 -0.13334640E-02 -0.13201773E-02 -0.13168279E-02 -0.13197844E-02 -0.13247403E-02 -0.13276708E-02 -0.13264847E-02 -0.13235104E-02 -0.13287399E-02 -0.13634612E-02 -0.14635169E-02 -0.16809211E-02 -0.20822049E-02 -0.27414945E-02 -0.37262118E-02 -0.50730631E-02 -0.67517493E-02 -0.86133408E-02 -0.10320486E-01 -0.11258903E-01 -0.10436657E-01 -0.63916952E-02 0.28512433E-02 0.19711730E-01 0.46802635E-01 0.86456611E-01
-0.29383371E-02 -0.29505069E-02 -0.29474426E-02 -0.29291760E-02 -0.28959060E-02 -0.28480265E-02 -0.27861705E-02 -0.27112553E-02 -0.26245206E-02 -0.25275430E-02 -0.24222252E-02 -0.23107600E-02 -0.21955735E-02 -0.20792589E-02 -0.19645082E-02 -0.18540373E-02 -0.17505288E-02 -0.16565548E-02 -0.15744889E-02 -0.15063833E-02 -0.14538017E-02 -0.14175995E-02 -0.13976679E-02 -0.13926815E-02 -0.13999325E-02 -0.14153832E-02 -0.14341477E-02 -0.14515568E-02 -0.14651207E-02 -0.14774159E-02 -0.14998215E-02 -0.15566052E-02 -0.16883863E-02 -0.19533966E-02 -0.24245035E-02 -0.31796792E-02 -0.42833594E-02 -0.57560636E-02 -0.75293617E-02 -0.93827517E-02 -0.10859719E-01 -0.11163811E-01 -0.90458320E-02 -0.27126107E-02 0.10185051E-01 0.32403377E-01 0.66718007E-01 0.11528974E+00
-0.28442259E-02 -0.28537517E-02 -0.28513556E-02 -0.28370381E-02 -0.28108117E-02 -0.27727360E-02 -0.27229750E-02 -0.26618689E-02 -0.25899932E-02 -0.25082303E-02 -0.24177990E-02 -0.23202745E-02 -0.22175852E-02 -0.21119922E-02 -0.20060486E-02 -0.19025510E-02 -0.18044664E-02 -0.17148360E-02 -0.16366405E-02 -0.15726164E-02 -0.15250113E-02 -0.14952776E-02 -0.14837219E-02 -0.14891616E-02 -0.15086833E-02 -0.15376621E-02 -0.15702618E-02 -0.16006754E-02 -0.16253694E-02 -0.16464119E-02 -0.16757794E-02 -0.17399741E-02 -0.18836977E-02 -0.21706297E-02 -0.26788372E-02 -0.34879005E-02 -0.46547890E-02 -0.61754312E-02 -0.79286192E-02 -0.95987628E-02 -0.10575269E-01 -0.98323100E-02 -0.58076881E-02 0.36734575E-02 0.21348909E-01 0.50238827E-01 0.93063473E-01 0.15143551E+00
-0.26227923E-02 -0.26282374E-02 -0.26268715E-02 -0.26186569E-02 -0.26033770E-02 -0.25806762E-02 -0.25501262E-02 -0.25113152E-02 -0.24639422E-02 -0.24079274E-02 -0.23435049E-02 -0.22713095E-02 -0.21924455E-02 -0.21085332E-02 -0.20217230E-02 -0.19346742E-02 -0.18504993E-02 -0.17726390E-02 -0.17046806E-02 -0.16500973E-02 -0.16119041E-02 -0.15922314E-02 -0.15918403E-02 -0.16096395E-02 -0.16423145E-02 -0.16842570E-02 -0.17280522E-02 -0.17658403E-02 -0.17918461E-02 -0.18062358E-02 -0.18200421E-02 -0.18604651E-02 -0.19748373E-02 -0.22309494E-02 -0.27105446E-02 -0.34924697E-02 -0.46218721E-02 -0.60619029E-02 -0.76242250E-02 -0.88750380E-02 -0.90158890E-02 -0.67478864E-02 -0.14951516E-03 0.13364509E-01 0.36891675E-01 0.73572349E-01 0.12577376E+00 0.19417787E+00
-0.22356480E-02 -0.22354875E-02 -0.22355356E-02 -0.22357149E-02 -0.22355700E-02 -0.22343019E-02 -0.22308298E-02 -0.22238815E-02 -0.22121099E-02 -0.21942332E-02 -0.21691931E-02 -0.21363203E-02 -0.20954970E-02 -0.20472989E-02 -0.19930892E-02 -0.19350710E-02 -0.18762464E-02 -0.18202916E-02 -0.17713166E-02 -0.17335224E-02 -0.17107207E-02 -0.17057468E-02 -0.17197848E-02 -0.17516766E-02 -0.17973446E-02 -0.18495459E-02 -0.18982692E-02 -0.19321549E-02 -0.19413078E-02 -0.19216833E-02 -0.18808540E-02 -0.18440833E-02 -0.18589075E-02 -0.19951037E-02 -0.23361817E-02 -0.29580150E-02 -0.38902163E-02 -0.50561994E-02 -0.61880581E-02 -0.67137442E-02 -0.56185196E-02 -0.12965605E-02 0.85611847E-02 0.26947188E-01 0.57238951E-01 0.10249080E+00 0.16439233E+00 0.24244320E+00
-0.16498556E-02 -0.16428521E-02 -0.16446242E-02 -0.16550670E-02 -0.16735544E-02 -0.16989494E-02 -0.17296287E-02 -0.17635367E-02 -0.17982817E-02 -0.18312824E-02 -0.18599697E-02 -0.18820348E-02 -0.18957029E-02 -0.19000059E-02 -0.18950065E-02 -0.18819548E-02 -0.18633187E-02 -0.18426745E-02 -0.18244299E-02 -0.18133704E-02 -0.18140234E-02 -0.18298552E-02 -0.18623296E-02 -0.19099223E-02 -0.19672235E-02 -0.20243972E-02 -0.20673652E-02 -0.20791846E-02 -0.20430901E-02 -0.19474889E-02 -0.17926513E-02 -0.15980139E-02 -0.14076766E-02 -0.12904311E-02 -0.13293630E-02 -0.15955801E-02 -0.21007652E-02 -0.27239202E-02 -0.31088318E-02 -0.25311562E-02 0.25865286E-03 0.71909659E-02 0.20964955E-01 0.44939680E-01 0.82647303E-01 0.13681947E+00 0.20819688E+00 0.29510785E+00
-0.85279453E-03 -0.83863508E-03 -0.84220627E-03 -0.86341215E-03 -0.90166650E-03 -0.95584361E-03 -0.10242086E-02 -0.11043617E-02 -0.11932352E-02 -0.12871767E-02 -0.13821440E-02 -0.14740105E-02 -0.15589597E-02 -0.16339250E-02 -0.16970014E-02 -0.17477805E-02 -0.17875180E-02 -0.18190969E-02 -0.18467397E-02 -0.18754556E-02 -0.19102151E-02 -0.19548724E-02 -0.20108741E-02 -0.20758507E-02 -0.21422578E-02 -0.21963773E-02 -0.22181087E-02 -0.21821492E-02 -0.20611942E-02 -0.18315466E-02 -0.14810588E-02 -0.10180662E-02 -0.47855677E-03 0.73135433E-04 0.55626246E-03 0.90514038E-03 0.11264718E-02 0.13873430E-02 0.21363511E-02 0.42563269E-02 0.92368480E-02 0.19329268E-01 0.37595217E-01 0.67683594E-01 0.11312783E+00 0.17611610E+00 0.25629293E+00 0.35112694E+00
0.12653657E-03 0.14631920E-03 0.14134183E-03 0.11161852E-03 0.57273016E-04 -0.21302135E-04 -0.12319238E-03 -0.24667902E-03 -0.38900497E-03 -0.54626705E-03 -0.71349383E-03 -0.88493884E-03 -0.10545725E-02 -0.12167166E-02 -0.13667157E-02 -0.15015502E-02 -0.16202521E-02 -0.17240390E-02 -0.18160898E-02 -0.19009249E-02 -0.19833818E-02 -0.20672050E-02 -0.21533023E-02 -0.22377722E-02 -0.23099046E-02 -0.23504955E-02 -0.23310173E-02 -0.22144073E-02 -0.19582723E-02 -0.15212777E-02 -0.87269060E-03 -0.37986380E-05 0.10622130E-02 0.22679613E-02 0.35350668E-02 0.48016201E-02 0.60909973E-02 0.76161236E-02 0.99192070E-02 0.14041457E-01 0.21704584E-01 0.35454847E-01 0.58657966E-01 0.95146625E-01 0.14829763E+00 0.21959181E+00 0.30757440E+00 0.40935327E+00
0.11925754E-02 0.12134926E-02 0.12082498E-02 0.11766624E-02 0.11177078E-02 0.10298553E-02 0.91161388E-03 0.76219567E-03 0.58216962E-03 0.37396348E-03 0.14209224E-03 -0.10697216E-03 -0.36530409E-03 -0.62434521E-03 -0.87590225E-03 -0.11131683E-02 -0.13315478E-02 -0.15291274E-02 -0.17066523E-02 -0.18669306E-02 -0.20136368E-02 -0.21495333E-02 -0.22741719E-02 -0.23811980E-02 -0.24554865E-02 -0.24705128E-02 -0.23866308E-02 -0.21511873E-02 -0.17017137E-02 -0.97332898E-03 0.89248325E-04 0.15164070E-02 0.32995107E-02 0.53860402E-02 0.76949424E-02 0.10162780E-01 0.12827507E-01 0.15950749E-01 0.20173822E-01 0.26697121E-01 0.37459177E-01 0.55256524E-01 0.83674203E-01 0.12660300E+00 0.18712021E+00 0.26590950E+00 0.36051187E+00 0.46811554E+00
0.21621218E-02 0.21757557E-02 0.21723804E-02 0.21514583E-02 0.21099105E-02 0.20426620E-02 0.19435775E-02 0.18066614E-02 0.16273494E-02 0.14036761E-02 0.11371025E-02 0.83281825E-03 0.49942856E-03 0.14804330E-03 -0.20907241E-03 -0.56006162E-03 -0.89492565E-03 -0.12065799E-02 -0.14912668E-02 -0.17481643E-02 -0.19781195E-02 -0.21815140E-02 -0.23553305E-02 -0.24895688E-02 -0.25632902E-02 -0.25407369E-02 -0.23684060E-02 -0.19743292E-02 -0.12713525E-02 -0.16635358E-03 0.14235631E-02 0.35494845E-02 0.62103098E-02 0.93458409E-02 0.12858572E-01 0.16676007E-01 0.20855631E-01 0.25725128E-01 0.32046080E-01 0.41188436E-01 0.55291339E-01 0.77345919E-01 0.11105634E+00 0.16024039E+00 0.22756027E+00 0.31287697E+00 0.41283303E+00 0.52481197E+00
0.27612433E-02 0.27551100E-02 0.27567571E-02 0.27651450E-02 0.27742330E-02 0.27737064E-02 0.27502774E-02 0.26894690E-02 0.25777070E-02 0.24044454E-02 0.21639887E-02 0.18566621E-02 0.14890816E-02 0.10734256E-02 0.62583274E-03 0.16421206E-03 -0.29407409E-03 -0.73419024E-03 -0.11450377E-02 -0.15193872E-02 -0.18527667E-02 -0.21410735E-02 -0.23769873E-02 -0.25453725E-02 -0.26179706E-02 -0.25480179E-02 -0.22658439E-02 -0.16773093E-02 -0.66785619E-03 0.88462022E-03 0.30861243E-02 0.59950735E-02 0.95945948E-02 0.13788920E-01 0.18444668E-01 0.23484183E-01 0.29016972E-01 0.35484798E-01 0.43806750E-01 0.55526184E-01 0.72947471E-01 0.99188860E-01 0.13798328E+00 0.19297844E+00 0.26636036E+00 0.35719353E+00 0.46126722E+00 0.57581161E+00
0.26625158E-02 0.26220369E-02 0.26323767E-02 0.26919585E-02 0.27915060E-02 0.29146971E-02 0.30394785E-02 0.31401378E-02 0.31901018E-02 0.31652082E-02 0.30469830E-02 0.28253314E-02 0.25000837E-02 0.20810403E-02 0.15864820E-02 0.10404320E-02 0.46927560E-03 -0.10154930E-03 -0.65006940E-03 -0.11589359E-02 -0.16148750E-02 -0.20063179E-02 -0.23192452E-02 -0.25315112E-02 -0.26060337E-02 -0.24836539E-02 -0.20771886E-02 -0.12694731E-02 0.80159938E-04 0.21157422E-02 0.49483866E-02 0.86111543E-02 0.13028299E-01 0.18033488E-01 0.23460244E-01 0.29287418E-01 0.35781443E-01 0.43585259E-01 0.53773084E-01 0.67949322E-01 0.88421144E-01 0.11831705E+00 0.16137899E+00 0.22114354E+00 0.29942219E+00 0.39460292E+00 0.50160905E+00 0.61679897E+00
0.15953202E-02 0.15100995E-02 0.15317140E-02 0.16583741E-02 0.18793109E-02 0.21745943E-02 0.25153271E-02 0.28649224E-02 0.31817909E-02 0.34236320E-02 0.35526019E-02 0.35404549E-02 0.33725381E-02 0.30497398E-02 0.25879712E-02 0.20153219E-02 0.13676018E-02 0.68330285E-03 -0.87445553E-06 -0.65294836E-03 -0.12463334E-02 -0.17579835E-02 -0.21639810E-02 -0.24328564E-02 -0.25172054E-02 -0.23447236E-02 -0.18109361E-02 -0.77802484E-03 0.91313009E-03 0.34098688E-02 0.67925352E-02 0.11016204E-01 0.15896672E-01 0.21197187E-01 0.26824666E-01 0.33041557E-01 0.40530135E-01 0.50234765E-01 0.63151222E-01 0.80395242E-01 0.10368418E+00 0.13587756E+00 0.18091961E+00 0.24275546E+00 0.32338063E+00 0.42088872E+00 0.52936067E+00 0.64346782E+00
-0.42334779E-03 -0.54516367E-03 -0.51444375E-03 -0.33200625E-03 -0.35115286E-05 0.45765464E-03 0.10266604E-02 0.16647288E-02 0.23196235E-02 0.29298559E-02 0.34321190E-02 0.37701848E-02 0.39033695E-02 0.38124255E-02 0.35017119E-02 0.29973476E-02 0.23420677E-02 0.15881860E-02 0.79042384E-03 0.22844783E-06 -0.73715760E-03 -0.13821931E-02 -0.18969524E-02 -0.22377721E-02 -0.23454265E-02 -0.21344947E-02 -0.14854405E-02 -0.24632286E-03 0.17449251E-02 0.46074032E-02 0.83390093E-02 0.12758681E-01 0.17561369E-01 0.22569559E-01 0.28129646E-01 0.35369572E-01 0.45928721E-01 0.61082318E-01 0.80873366E-01 0.10428155E+00 0.13080892E+00 0.16240803E+00 0.20394352E+00 0.26135129E+00 0.33838341E+00 0.43379694E+00 0.54101602E+00 0.65235552E+00
-0.26674849E-02 -0.27702813E-02 -0.27447512E-02 -0.25877159E-02 -0.22827001E-02 -0.18096766E-02 -0.11590114E-02 -0.34432460E-03 0.59053048E-03 0.15729575E-02 0.25112616E-02 0.33096478E-02 0.38845435E-02 0.41781050E-02 0.41663215E-02 0.38603693E-02 0.33018723E-02 0.25539180E-02 0.16904003E-02 0.78631879E-03 -0.88825424E-04 -0.87319310E-03 -0.15098582E-02 -0.19394520E-02 -0.20893215E-02 -0.18616951E-02 -0.11262463E-02 0.27242695E-03 0.24767380E-02 0.55367918E-02 0.93129553E-02 0.13457006E-01 0.17639227E-01 0.22132504E-01 0.28553795E-01 0.40085337E-01 0.60328216E-01 0.90728118E-01 0.12823408E+00 0.16591490E+00 0.19749663E+00 0.22283837E+00 0.24957768E+00 0.28922852E+00 0.35062113E+00 0.43502307E+00 0.53555530E+00 0.64163079E+00
-0.29941425E-02 -0.29211325E-02 -0.29409045E-02 -0.30396114E-02 -0.31409519E-02 -0.31313766E-02 -0.28973743E-02 -0.23626146E-02 -0.15135236E-02 -0.40654437E-03 0.84330483E-03 0.20874569E-02 0.31743444E-02 0.39774431E-02 0.44150019E-02 0.44586326E-02 0.41311908E-02 0.34963293E-02 0.26435931E-02 0.16731046E-02 0.68334629E-03 -0.23556963E-03 -0.10020672E-02 -0.15369018E-02 -0.17521077E-02 -0.15387480E-02 -0.76140154E-03 0.72550279E-03 0.30189950E-02 0.60598160E-02 0.95327586E-02 0.12956248E-01 0.16241834E-01 0.20858881E-01 0.31135456E-01 0.54314125E-01 0.97630144E-01 0.16229542E+00 0.23813990E+00 0.30531892E+00 0.34538706E+00 0.35440418E+00 0.34668582E+00 0.34595788E+00 0.37171588E+00 0.43043385E+00 0.51515718E+00 0.61163515E+00
0.32457539E-02 0.38438011E-02 0.36895432E-02 0.28207526E-02 0.14487040E-02 -0.98718389E-04 -0.14627466E-02 -0.23423412E-02 -0.25606899E-02 -0.20938434E-02 -0.10590921E-02 0.32734498E-03 0.18072058E-02 0.31354365E-02 0.41220790E-02 0.46553221E-02 0.47055954E-02 0.43147750E-02 0.35761054E-02 0.26111909E-02 0.15495321E-02 0.51457209E-03 -0.38169544E-03 -0.10354465E-02 -0.13410395E-02 -0.11794089E-02 -0.41586971E-03 0.10724284E-02 0.33148684E-02 0.61153319E-02 0.89797218E-02 0.11404251E-01 0.13959428E-01 0.20335853E-01 0.39499525E-01 0.85489810E-01 0.17155914E+00 0.29816217E+00 0.44211597E+00 0.56029642E+00 0.61287866E+00 0.59036010E+00 0.52032258E+00 0.44857002E+00 0.41263916E+00 0.42700742E+00 0.48418097E+00 0.56489628E+00
0.24657038E-01 0.26457213E-01 0.25995774E-01 0.23358023E-01 0.19024709E-01 0.13756943E-01 0.84195649E-02 0.37927838E-02 0.42271574E-03 -0.14544553E-02 -0.19061548E-02 -0.12317634E-02 0.14265830E-03 0.17705042E-02 0.32680492E-02 0.43644054E-02 0.49182149E-02 0.49077424E-02 0.44042596E-02 0.35382593E-02 0.24670582E-02 0.13499331E-02 0.33426134E-03 -0.44667633E-03 -0.86659675E-03 -0.79650310E-03 -0.10671766E-03 0.12940711E-02 0.33558421E-02 0.57405018E-02 0.78080403E-02 0.91808058E-02 0.11506694E-01 0.21645381E-01 0.54997347E-01 0.13508783E+00 0.28371840E+00 0.50022329E+00 0.74225604E+00 0.93235689E+00 0.99978711E+00 0.92851175E+00 0.76740957E+00 0.59498534E+00 0.47362345E+00 0.42733596E+00 0.44662213E+00 0.50546546E+00
