Basic/Day4/qtaim/urea/crystal/urea_cry_pl2d.SURFELFB
DSAA
 161 161
-0.75589045E+01  0.75589045E+01  0.94486307E-01
-0.75589045E+01  0.75589045E+01  0.94486307E-01
 0.00000000E+00  0.00000000E+00
[rows 44 to 65 of 161, columns 48 to 95 of 161]
0.50771895E-01 0.49062596E-01 0.45583951E-01 0.41447378E-01 0.37402629E-01 0.33881780E-01 0.31106940E-01 0.29188043E-01 0.28195549E-01 0.28213616E-01 0.29383445E-01 0.31945750E-01 0.36289312E-01 0.43008983E-01 0.52968775E-01 0.67349430E-01 0.87631881E-01 0.11543484E+00 0.15211953E+00 0.19816143E+00 0.25250363E+00 0.31231911E+00 0.37351979E+00 0.43186001E+00 0.48402462E+00 0.52816474E+00 0.56381191E+00 0.59145058E+00 0.61204836E+00 0.62669682E+00 0.63638627E+00 0.64188143E+00 0.64365928E+00 0.64188143E+00 0.63638627E+00 0.62669682E+00 0.61204836E+00 0.59145058E+00 0.56381191E+00 0.52816474E+00 0.48402462E+00 0.43186001E+00 0.37351979E+00 0.31231911E+00 0.25250363E+00 0.19816143E+00 0.15211953E+00 0.11543484E+00
0.89817217E-01 0.88148631E-01 0.82439430E-01 0.74585289E-01 0.66074957E-01 0.57902403E-01 0.50646384E-01 0.44591414E-01 0.39839779E-01 0.36401058E-01 0.34259821E-01 0.33427231E-01 0.33983680E-01 0.36119705E-01 0.40181074E-01 0.46720261E-01 0.56547886E-01 0.70760476E-01 0.90693796E-01 0.11772487E+00 0.15285840E+00 0.19614202E+00 0.24616111E+00 0.30000070E+00 0.35387353E+00 0.40414078E+00 0.44815794E+00 0.48457506E+00 0.51313976E+00 0.53427696E+00 0.54868007E+00 0.55701448E+00 0.55973870E+00 0.55701448E+00 0.54868007E+00 0.53427696E+00 0.51313976E+00 0.48457506E+00 0.44815794E+00 0.40414078E+00 0.35387353E+00 0.30000070E+00 0.24616111E+00 0.19614202E+00 0.15285840E+00 0.11772487E+00 0.90693796E-01 0.70760476E-01
0.15872001E+00 0.15984901E+00 0.15288244E+00 0.14047922E+00 0.12514917E+00 0.10892951E+00 0.93296897E-01 0.79195959E-01 0.67126864E-01 0.57260436E-01 0.49557082E-01 0.43872695E-01 0.40043095E-01 0.37946995E-01 0.37553272E-01 0.38960756E-01 0.42437727E-01 0.48463520E-01 0.57764229E-01 0.71315932E-01 0.90263681E-01 0.11568877E+00 0.14819111E+00 0.18737978E+00 0.23154049E+00 0.27778640E+00 0.32273414E+00 0.36335699E+00 0.39755691E+00 0.42426119E+00 0.44316874E+00 0.45438179E+00 0.45809115E+00 0.45438179E+00 0.44316874E+00 0.42426119E+00 0.39755691E+00 0.36335699E+00 0.32273414E+00 0.27778640E+00 0.23154049E+00 0.18737978E+00 0.14819111E+00 0.11568877E+00 0.90263681E-01 0.71315932E-01 0.57764229E-01 0.48463520E-01
0.26724807E+00 0.27641721E+00 0.27236148E+00 0.25780104E+00 0.23573289E+00 0.20910870E+00 0.18064126E+00 0.15262656E+00 0.12679178E+00 0.10422340E+00 0.85405198E-01 0.70349256E-01 0.58769851E-01 0.50249401E-01 0.44366693E-01 0.40781990E-01 0.39289117E-01 0.39849280E-01 0.42618444E-01 0.47971904E-01 0.56516255E-01 0.69059402E-01 0.86488869E-01 0.10950867E+00 0.13824256E+00 0.17183972E+00 0.20833327E+00 0.24493511E+00 0.27867041E+00 0.30700825E+00 0.32818855E+00 0.34120212E+00 0.34558276E+00 0.34120212E+00 0.32818855E+00 0.30700825E+00 0.27867041E+00 0.24493511E+00 0.20833327E+00 0.17183972E+00 0.13824256E+00 0.10950867E+00 0.86488869E-01 0.69059402E-01 0.56516255E-01 0.47971904E-01 0.42618444E-01 0.39849280E-01
0.41043606E+00 0.43197409E+00 0.43673659E+00 0.42692304E+00 0.40478932E+00 0.37268627E+00 0.33324474E+00 0.28945434E+00 0.24450465E+00 0.20140261E+00 0.16252628E+00 0.12932761E+00 0.10230560E+00 0.81212577E-01 0.65360512E-01 0.53903448E-01 0.46036597E-01 0.41109750E-01 0.38679723E-01 0.38529540E-01 0.40673526E-01 0.45353860E-01 0.53017071E-01 0.64240021E-01 0.79563678E-01 0.99213036E-01 0.12275605E+00 0.14886017E+00 0.17533660E+00 0.19952536E+00 0.21884969E+00 0.23127852E+00 0.23556038E+00 0.23127852E+00 0.21884969E+00 0.19952536E+00 0.17533660E+00 0.14886017E+00 0.12275605E+00 0.99213036E-01 0.79563678E-01 0.64240021E-01 0.53017071E-01 0.45353860E-01 0.40673526E-01 0.38529540E-01 0.38679723E-01 0.41109750E-01
0.56226083E+00 0.59400422E+00 0.60880041E+00 0.60888040E+00 0.59573373E+00 0.57027901E+00 0.53327474E+00 0.48584344E+00 0.42997570E+00 0.36879195E+00 0.30632624E+00 0.24680269E+00 0.19371288E+00 0.14915970E+00 0.11373517E+00 0.86852832E-01 0.67265953E-01 0.53536517E-01 0.44348048E-01 0.38660900E-01 0.35757483E-01 0.35229546E-01 0.36942302E-01 0.40986200E-01 0.47604099E-01 0.57065360E-01 0.69461931E-01 0.84443025E-01 0.10098379E+00 0.11734345E+00 0.13132158E+00 0.14076025E+00 0.14409598E+00 0.14076025E+00 0.13132158E+00 0.11734345E+00 0.10098379E+00 0.84443025E-01 0.69461931E-01 0.57065360E-01 0.47604099E-01 0.40986200E-01 0.36942302E-01 0.35229546E-01 0.35757483E-01 0.38660900E-01 0.44348048E-01 0.53536517E-01
0.69246770E+00 0.72714214E+00 0.74702834E+00 0.75486459E+00 0.75218709E+00 0.73949671E+00 0.71649912E+00 0.68241748E+00 0.63645985E+00 0.57848966E+00 0.50979485E+00 0.43362132E+00 0.35502473E+00 0.27985396E+00 0.21323816E+00 0.15833784E+00 0.11594978E+00 0.84985041E-01 0.63367905E-01 0.48852752E-01 0.39512478E-01 0.33914300E-01 0.31108383E-01 0.30541697E-01 0.31955871E-01 0.35280934E-01 0.40509222E-01 0.47529442E-01 0.55928403E-01 0.64828986E-01 0.72890687E-01 0.78575062E-01 0.80631131E-01 0.78575062E-01 0.72890687E-01 0.64828986E-01 0.55928403E-01 0.47529442E-01 0.40509222E-01 0.35280934E-01 0.31955871E-01 0.30541697E-01 0.31108383E-01 0.33914300E-01 0.39512478E-01 0.48852752E-01 0.63367905E-01 0.84985041E-01
0.78752606E+00 0.81928631E+00 0.83905842E+00 0.84981652E+00 0.85329460E+00 0.85021963E+00 0.84046467E+00 0.82314188E+00 0.79670324E+00 0.75915507E+00 0.70850958E+00 0.64355561E+00 0.56487461E+00 0.47576565E+00 0.38247127E+00 0.29306754E+00 0.21504154E+00 0.15283542E+00 0.10700909E+00 0.75289123E-01 0.54311610E-01 0.40909079E-01 0.32650693E-01 0.27883664E-01 0.25574920E-01 0.25120653E-01 0.26177109E-01 0.28509261E-01 0.31842470E-01 0.35725980E-01 0.39465115E-01 0.42209108E-01 0.43222090E-01 0.42209108E-01 0.39465115E-01 0.35725980E-01 0.31842470E-01 0.28509261E-01 0.26177109E-01 0.25120653E-01 0.25574920E-01 0.27883664E-01 0.32650693E-01 0.40909079E-01 0.54311610E-01 0.75289123E-01 0.10700909E+00 0.15283542E+00
0.85065835E+00 0.87749216E+00 0.89488145E+00 0.90566557E+00 0.91157171E+00 0.91348173E+00 0.91158187E+00 0.90542320E+00 0.89393170E+00 0.87540041E+00 0.84752133E+00 0.80754923E+00 0.75269807E+00 0.68087614E+00 0.59192760E+00 0.48937661E+00 0.38161223E+00 0.28030784E+00 0.19566971E+00 0.13219611E+00 0.88503497E-01 0.60161862E-01 0.42445704E-01 0.31635918E-01 0.25213557E-01 0.21607383E-01 0.19876299E-01 0.19450770E-01 0.19941791E-01 0.21001874E-01 0.22241693E-01 0.23232379E-01 0.23611083E-01 0.23232379E-01 0.22241693E-01 0.21001874E-01 0.19941791E-01 0.19450770E-01 0.19876299E-01 0.21607383E-01 0.25213557E-01 0.31635918E-01 0.42445704E-01 0.60161862E-01 0.88503497E-01 0.13219611E+00 0.19566971E+00 0.28030784E+00
0.89094381E+00 0.91321145E+00 0.92803492E+00 0.93796551E+00 0.94457983E+00 0.94873131E+00 0.95070208E+00 0.95030466E+00 0.94693994E+00 0.93958716E+00 0.92672870E+00 0.90627525E+00 0.87556004E+00 0.83139096E+00 0.77017526E+00 0.68859342E+00 0.58584310E+00 0.46739509E+00 0.34666438E+00 0.24000559E+00 0.15793836E+00 0.10148394E+00 0.65522102E-01 0.43609466E-01 0.30537194E-01 0.22816763E-01 0.18318576E-01 0.15792479E-01 0.14499629E-01 0.13972846E-01 0.13876377E-01 0.13945342E-01 0.13991771E-01 0.13945342E-01 0.13876377E-01 0.13972846E-01 0.14499629E-01 0.15792479E-01 0.18318576E-01 0.22816763E-01 0.30537194E-01 0.43609466E-01 0.65522102E-01 0.10148394E+00 0.15793836E+00 0.24000559E+00 0.34666438E+00 0.46739509E+00
0.91646757E+00 0.93527441E+00 0.94808917E+00 0.95716743E+00 0.96387701E+00 0.96891582E+00 0.97248919E+00 0.97449285E+00 0.97464301E+00 0.97247187E+00 0.96720136E+00 0.95759078E+00 0.94185877E+00 0.91767978E+00 0.88204985E+00 0.83085123E+00 0.75872636E+00 0.66097304E+00 0.53874733E+00 0.40449468E+00 0.27923439E+00 0.18019224E+00 0.11194754E+00 0.69178683E-01 0.43772330E-01 0.29011432E-01 0.20461197E-01 0.15486866E-01 0.12592077E-01 0.10933069E-01 0.10024868E-01 0.95833119E-02 0.94529562E-02 0.95833119E-02 0.10024868E-01 0.10933069E-01 0.12592077E-01 0.15486866E-01 0.20461197E-01 0.29011432E-01 0.43772330E-01 0.69178683E-01 0.11194754E+00 0.18019224E+00 0.27923439E+00 0.40449468E+00 0.53874733E+00 0.66097304E+00
0.93270813E+00 0.94914448E+00 0.96057738E+00 0.96900697E+00 0.97557225E+00 0.98075589E+00 0.98463656E+00 0.98717051E+00 0.98833466E+00 0.98806285E+00 0.98607651E+00 0.98171758E+00 0.97384973E+00 0.96088576E+00 0.94084697E+00 0.91105605E+00 0.86724089E+00 0.80284753E+00 0.71049028E+00 0.58763267E+00 0.44479246E+00 0.30592248E+00 0.19401625E+00 0.11708361E+00 0.69699521E-01 0.42255959E-01 0.26746792E-01 0.17992294E-01 0.13004659E-01 0.10146662E-01 0.85400686E-02 0.77233238E-02 0.74732809E-02 0.77233238E-02 0.85400686E-02 0.10146662E-01 0.13004659E-01 0.17992294E-01 0.26746792E-01 0.42255959E-01 0.69699521E-01 0.11708361E+00 0.19401625E+00 0.30592248E+00 0.44479246E+00 0.58763267E+00 0.71049028E+00 0.80284753E+00
0.94299097E+00 0.95792622E+00 0.96847604E+00 0.97643692E+00 0.98273128E+00 0.98764306E+00 0.99118356E+00 0.99342700E+00 0.99457167E+00 0.99478893E+00 0.99406160E+00 0.99206638E+00 0.98807959E+00 0.98096318E+00 0.96930245E+00 0.95144653E+00 0.92490590E+00 0.88512528E+00 0.82464181E+00 0.73441029E+00 0.60980444E+00 0.46061038E+00 0.31327479E+00 0.19462028E+00 0.11422077E+00 0.65838303E-01 0.38575911E-01 0.23612677E-01 0.15421488E-01 0.10917721E-01 0.84727021E-02 0.72590677E-02 0.68918469E-02 0.72590677E-02 0.84727021E-02 0.10917721E-01 0.15421488E-01 0.23612677E-01 0.38575911E-01 0.65838303E-01 0.11422077E+00 0.19462028E+00 0.31327479E+00 0.46061038E+00 0.60980444E+00 0.73441029E+00 0.82464181E+00 0.88512528E+00
0.94923148E+00 0.96332616E+00 0.97336171E+00 0.98099475E+00 0.98698243E+00 0.99148219E+00 0.99452261E+00 0.99632010E+00 0.99721764E+00 0.99748391E+00 0.99720087E+00 0.99621170E+00 0.99404947E+00 0.98987779E+00 0.98258566E+00 0.97099725E+00 0.95366925E+00 0.92789199E+00 0.88839948E+00 0.82673339E+00 0.73290446E+00 0.60231132E+00 0.44695050E+00 0.29661686E+00 0.17913219E+00 0.10216625E+00 0.57363600E-01 0.32903014E-01 0.19891146E-01 0.13017179E-01 0.94354090E-02 0.77156068E-02 0.72047813E-02 0.77156068E-02 0.94354090E-02 0.13017179E-01 0.19891146E-01 0.32903014E-01 0.57363600E-01 0.10216625E+00 0.17913219E+00 0.29661686E+00 0.44695050E+00 0.60231132E+00 0.73290446E+00 0.82673339E+00 0.88839948E+00 0.92789199E+00
0.95248341E+00 0.96626189E+00 0.97607675E+00 0.98352388E+00 0.98927478E+00 0.99343828E+00 0.99609725E+00 0.99757579E+00 0.99828655E+00 0.99852242E+00 0.99839252E+00 0.99781422E+00 0.99646473E+00 0.99370561E+00 0.98862433E+00 0.98027434E+00 0.96770877E+00 0.94927032E+00 0.92139775E+00 0.87759401E+00 0.80824767E+00 0.70340358E+00 0.56168208E+00 0.40139408E+00 0.25583278E+00 0.14908357E+00 0.82835113E-01 0.45876740E-01 0.26374119E-01 0.16326951E-01 0.11252673E-01 0.88825200E-02 0.81897476E-02 0.88825200E-02 0.11252673E-01 0.16326951E-01 0.26374119E-01 0.45876740E-01 0.82835113E-01 0.14908357E+00 0.25583278E+00 0.40139408E+00 0.56168208E+00 0.70340358E+00 0.80824767E+00 0.87759401E+00 0.92139775E+00 0.94927032E+00
0.95326639E+00 0.96719498E+00 0.97706339E+00 0.98449503E+00 0.99016394E+00 0.99418482E+00 0.99668040E+00 0.99802557E+00 0.99865897E+00 0.99887875E+00 0.99880217E+00 0.99837765E+00 0.99735162E+00 0.99519737E+00 0.99113715E+00 0.98437277E+00 0.97420390E+00 0.95948891E+00 0.93761440E+00 0.90351879E+00 0.84906001E+00 0.76382953E+00 0.64046193E+00 0.48591993E+00 0.32778301E+00 0.19846502E+00 0.11174803E+00 0.61329359E-01 0.34400716E-01 0.20624115E-01 0.13777760E-01 0.10632772E-01 0.97229568E-02 0.10632772E-01 0.13777760E-01 0.20624115E-01 0.34400716E-01 0.61329359E-01 0.11174803E+00 0.19846502E+00 0.32778301E+00 0.48591993E+00 0.64046193E+00 0.76382953E+00 0.84906001E+00 0.90351879E+00 0.93761440E+00 0.95948891E+00
0.95173642E+00 0.96629245E+00 0.97651391E+00 0.98413654E+00 0.98992233E+00 0.99403242E+00 0.99659726E+00 0.99798842E+00 0.99864866E+00 0.99888528E+00 0.99882491E+00 0.99842767E+00 0.99746292E+00 0.99545417E+00 0.99171544E+00 0.98557436E+00 0.97647587E+00 0.96349459E+00 0.94444146E+00 0.91503506E+00 0.86826153E+00 0.79454531E+00 0.68503624E+00 0.54065093E+00 0.38160675E+00 0.24051266E+00 0.13899509E+00 0.77039442E-01 0.43073624E-01 0.25537421E-01 0.16831915E-01 0.12852634E-01 0.11705922E-01 0.12852634E-01 0.16831915E-01 0.25537421E-01 0.43073624E-01 0.77039442E-01 0.13899509E+00 0.24051266E+00 0.38160675E+00 0.54065093E+00 0.68503624E+00 0.79454531E+00 0.86826153E+00 0.91503506E+00 0.94444146E+00 0.96349459E+00
0.94775710E+00 0.96348850E+00 0.97442817E+00 0.98249198E+00 0.98860782E+00 0.99303228E+00 0.99588876E+00 0.99750097E+00 0.99829440E+00 0.99858925E+00 0.99852643E+00 0.99806814E+00 0.99697953E+00 0.99480125E+00 0.99092384E+00 0.98479713E+00 0.97595035E+00 0.96348818E+00 0.94532094E+00 0.91749515E+00 0.87366604E+00 0.80517672E+00 0.70354418E+00 0.56771775E+00 0.41317681E+00 0.26939271E+00 0.16042670E+00 0.90855433E-01 0.51439283E-01 0.30663071E-01 0.20231791E-01 0.15438788E-01 0.14055057E-01 0.15438788E-01 0.20231791E-01 0.30663071E-01 0.51439283E-01 0.90855433E-01 0.16042670E+00 0.26939271E+00 0.41317681E+00 0.56771775E+00 0.70354418E+00 0.80517672E+00 0.87366604E+00 0.91749515E+00 0.94532094E+00 0.96348818E+00
0.94091635E+00 0.95848895E+00 0.97062076E+00 0.97944563E+00 0.98611885E+00 0.99105744E+00 0.99440405E+00 0.99641147E+00 0.99745690E+00 0.99786186E+00 0.99778018E+00 0.99717048E+00 0.99578358E+00 0.99317556E+00 0.98882373E+00 0.98228855E+00 0.97310799E+00 0.96027589E+00 0.94160460E+00 0.91320759E+00 0.86912446E+00 0.80155097E+00 0.70315761E+00 0.57321143E+00 0.42504669E+00 0.28452552E+00 0.17452465E+00 0.10162772E+00 0.58878135E-01 0.35710374E-01 0.23842396E-01 0.18318978E-01 0.16714467E-01 0.18318978E-01 0.23842396E-01 0.35710374E-01 0.58878135E-01 0.10162772E+00 0.17452465E+00 0.28452552E+00 0.42504669E+00 0.57321143E+00 0.70315761E+00 0.80155097E+00 0.86912446E+00 0.91320759E+00 0.94160460E+00 0.96027589E+00
0.93053402E+00 0.95075126E+00 0.96469555E+00 0.97471452E+00 0.98222240E+00 0.98786056E+00 0.99185787E+00 0.99441500E+00 0.99583339E+00 0.99640534E+00 0.99628274E+00 0.99541769E+00 0.99355690E+00 0.99029711E+00 0.98521421E+00 0.97793108E+00 0.96789368E+00 0.95387836E+00 0.93349621E+00 0.90281887E+00 0.85619165E+00 0.78674139E+00 0.68877930E+00 0.56303951E+00 0.42213614E+00 0.28849876E+00 0.18201187E+00 0.10931593E+00 0.65223083E-01 0.40564146E-01 0.27605267E-01 0.21465578E-01 0.19665647E-01 0.21465578E-01 0.27605267E-01 0.40564146E-01 0.65223083E-01 0.10931593E+00 0.18201187E+00 0.28849876E+00 0.42213614E+00 0.56303951E+00 0.68877930E+00 0.78674139E+00 0.85619165E+00 0.90281887E+00 0.93349621E+00 0.95387836E+00
0.91572237E+00 0.93948438E+00 0.95601182E+00 0.96780550E+00 0.97652909E+00 0.98308505E+00 0.98786584E+00 0.99108339E+00 0.99296735E+00 0.99374929E+00 0.99355456E+00 0.99232928E+00 0.98984154E+00 0.98575584E+00 0.97972421E+00 0.97134263E+00 0.95986663E+00 0.94379842E+00 0.92053018E+00 0.88611823E+00 0.83532927E+00 0.76247184E+00 0.66386448E+00 0.54210296E+00 0.40942391E+00 0.28486903E+00 0.18468167E+00 0.11457540E+00 0.70652559E-01 0.45264793E-01 0.31537170E-01 0.24896988E-01 0.22928991E-01 0.24896988E-01 0.31537170E-01 0.45264793E-01 0.70652559E-01 0.11457540E+00 0.18468167E+00 0.28486903E+00 0.40942391E+00 0.54210296E+00 0.66386448E+00 0.76247184E+00 0.83532927E+00 0.88611823E+00 0.92053018E+00 0.94379842E+00
0.89557304E+00 0.92373075E+00 0.94368890E+00 0.95796775E+00 0.96841960E+00 0.97620098E+00 0.98191818E+00 0.98587256E+00 0.98826759E+00 0.98927124E+00 0.98896690E+00 0.98729815E+00 0.98407285E+00 0.97901665E+00 0.97179118E+00 0.96186900E+00 0.94825812E+00 0.92919512E+00 0.90192478E+00 0.86264618E+00 0.80681934E+00 0.73025841E+00 0.63144375E+00 0.51461386E+00 0.39127028E+00 0.27702094E+00 0.18452641E+00 0.11833280E+00 0.75537481E-01 0.49963660E-01 0.35719384E-01 0.28675910E-01 0.26563787E-01 0.28675910E-01 0.35719384E-01 0.49963660E-01 0.75537481E-01 0.11833280E+00 0.18452641E+00 0.27702094E+00 0.39127028E+00 0.51461386E+00 0.63144375E+00 0.73025841E+00 0.80681934E+00 0.86264618E+00 0.90192478E+00 0.92919512E+00
