Basic/Day4/qtaim/urea/crystal/urea_cry_pl2d.SURFVIRI
DSAA
 161 161
-0.75589045E+01  0.75589045E+01  0.94486307E-01
-0.75589045E+01  0.75589045E+01  0.94486307E-01
 0.00000000E+00  0.00000000E+00
[rows 105 to 125 of 161, columns 0 to 46 of 161]
-0.41586476E+02 -0.53849834E+02 -0.50338870E+02 -0.34788173E+02 -0.20239341E+02 -0.11601076E+02 -0.69577334E+01 -0.44290301E+01 -0.30773990E+01 -0.22990611E+01 -0.17486362E+01 -0.12971729E+01 -0.92381545E+00 -0.63315345E+00 -0.42259409E+00 -0.27954959E+00 -0.18728978E+00 -0.12993223E+00 -0.94799924E-01 -0.72892838E-01 -0.58409289E-01 -0.47939781E-01 -0.39671049E-01 -0.32747266E-01 -0.26822726E-01 -0.21783144E-01 -0.17592380E-01 -0.14221047E-01 -0.11622111E-01 -0.97294846E-02 -0.84650720E-02 -0.77466847E-02 -0.74936567E-02 -0.76294358E-02 -0.80816413E-02 -0.87805751E-02 -0.96572823E-02 -0.10642179E-01 -0.11665025E-01 -0.12656696E-01 -0.13552816E-01 -0.14298784E-01 -0.14855377E-01 -0.15203635E-01 -0.15347850E-01 -0.15315740E-01 -0.15155579E-01
-0.15322506E+02 -0.17791166E+02 -0.17109818E+02 -0.13819842E+02 -0.99977072E+01 -0.68922924E+01 -0.47383029E+01 -0.33900852E+01 -0.25632121E+01 -0.19923919E+01 -0.15306755E+01 -0.11351547E+01 -0.80823951E+00 -0.55593574E+00 -0.37420952E+00 -0.25088546E+00 -0.17105741E+00 -0.12098373E+00 -0.89829805E-01 -0.69951175E-01 -0.56441015E-01 -0.46427168E-01 -0.38388392E-01 -0.31608799E-01 -0.25797478E-01 -0.20852855E-01 -0.16734340E-01 -0.13403663E-01 -0.10805911E-01 -0.88696922E-02 -0.75140825E-02 -0.66560152E-02 -0.62155450E-02 -0.61184682E-02 -0.62967619E-02 -0.66876573E-02 -0.72322181E-02 -0.78742005E-02 -0.85597825E-02 -0.92384815E-02 -0.98652729E-02 -0.10403567E-01 -0.10828492E-01 -0.11129636E-01 -0.11312608E-01 -0.11398901E-01 -0.11423985E-01
-0.74114884E+01 -0.81020528E+01 -0.79184462E+01 -0.69533820E+01 -0.56307309E+01 -0.43663731E+01 -0.33737364E+01 -0.26607451E+01 -0.21303722E+01 -0.16908065E+01 -0.13021521E+01 -0.96406087E+00 -0.68713906E+00 -0.47557631E+00 -0.32398046E+00 -0.22106131E+00 -0.15403164E+00 -0.11144042E+00 -0.84375215E-01 -0.66592731E-01 -0.54106739E-01 -0.44595427E-01 -0.36834694E-01 -0.30249418E-01 -0.24602566E-01 -0.19804133E-01 -0.15808442E-01 -0.12568456E-01 -0.10022186E-01 -0.80942688E-02 -0.67025974E-02 -0.57649656E-02 -0.52037306E-02 -0.49481913E-02 -0.49351191E-02 -0.51081245E-02 -0.54165464E-02 -0.58144460E-02 -0.62601305E-02 -0.67164363E-02 -0.71517741E-02 -0.75417188E-02 -0.78708037E-02 -0.81339967E-02 -0.83374974E-02 -0.84985854E-02 -0.86444840E-02
-0.42736005E+01 -0.45223511E+01 -0.44570975E+01 -0.41034854E+01 -0.35871647E+01 -0.30467773E+01 -0.25607503E+01 -0.21380301E+01 -0.17565450E+01 -0.14016632E+01 -0.10774186E+01 -0.79697787E+00 -0.57028905E+00 -0.39870326E+00 -0.27612366E+00 -0.19262409E+00 -0.13768142E+00 -0.10211667E+00 -0.78875687E-01 -0.63054317E-01 -0.51539278E-01 -0.42525956E-01 -0.35065616E-01 -0.28710371E-01 -0.23269145E-01 -0.18659313E-01 -0.14828346E-01 -0.11720167E-01 -0.92663310E-02 -0.73885952E-02 -0.60049777E-02 -0.50354504E-02 -0.44058265E-02 -0.40497084E-02 -0.39089113E-02 -0.39329263E-02 -0.40779631E-02 -0.43060091E-02 -0.45842083E-02 -0.48847232E-02 -0.51850985E-02 -0.54689841E-02 -0.57270368E-02 -0.59576762E-02 -0.61675063E-02 -0.63712682E-02 -0.65912864E-02
-0.28952997E+01 -0.29965809E+01 -0.29703486E+01 -0.28238458E+01 -0.25928631E+01 -0.23179704E+01 -0.20251231E+01 -0.17249611E+01 -0.14242132E+01 -0.11342451E+01 -0.87024271E+00 -0.64525404E+00 -0.46564264E+00 -0.33051410E+00 -0.23389083E+00 -0.16753274E+00 -0.12314663E+00 -0.93658438E-01 -0.73694313E-01 -0.59544955E-01 -0.48867014E-01 -0.40305310E-01 -0.33144812E-01 -0.27040751E-01 -0.21835023E-01 -0.17446088E-01 -0.13812026E-01 -0.10867189E-01 -0.85371319E-02 -0.67416024E-02 -0.53997390E-02 -0.44346338E-02 -0.37763260E-02 -0.33632035E-02 -0.31421940E-02 -0.30682025E-02 -0.31032134E-02 -0.32153765E-02 -0.33783012E-02 -0.35706772E-02 -0.37762111E-02 -0.39839052E-02 -0.41884102E-02 -0.43904337E-02 -0.45970073E-02 -0.48215938E-02 -0.50839741E-02
-0.21964088E+01 -0.22521378E+01 -0.22379206E+01 -0.21556815E+01 -0.20153405E+01 -0.18299787E+01 -0.16123248E+01 -0.13750600E+01 -0.11325009E+01 -0.90019111E+00 -0.69200716E+00 -0.51707136E+00 -0.37851916E+00 -0.27434560E+00 -0.19933468E+00 -0.14702612E+00 -0.11116266E+00 -0.86500665E-01 -0.69094053E-01 -0.56232633E-01 -0.46206146E-01 -0.38020371E-01 -0.31140554E-01 -0.25294928E-01 -0.20342686E-01 -0.16196007E-01 -0.12780712E-01 -0.10020926E-01 -0.78365077E-02 -0.61458538E-02 -0.48699232E-02 -0.39355436E-02 -0.32774311E-02 -0.28389832E-02 -0.25721681E-02 -0.24368696E-02 -0.23999956E-02 -0.24345830E-02 -0.25190554E-02 -0.26367216E-02 -0.27755112E-02 -0.29279872E-02 -0.30914659E-02 -0.32682561E-02 -0.34659274E-02 -0.36975526E-02 -0.39819683E-02
-0.17280948E+01 -0.17692060E+01 -0.17587845E+01 -0.16976269E+01 -0.15902897E+01 -0.14444785E+01 -0.12705388E+01 -0.10810147E+01 -0.88959873E+00 -0.70918014E+00 -0.54967335E+00 -0.41666490E+00 -0.31137037E+00 -0.23162838E+00 -0.17331171E+00 -0.13163082E+00 -0.10206408E+00 -0.80866900E-01 -0.65234892E-01 -0.53240366E-01 -0.43656535E-01 -0.35754330E-01 -0.29122140E-01 -0.23529525E-01 -0.18836821E-01 -0.14942557E-01 -0.11757480E-01 -0.91948089E-02 -0.71688899E-02 -0.55972006E-02 -0.44029459E-02 -0.35170143E-02 -0.28789850E-02 -0.24372853E-02 -0.21487464E-02 -0.19778219E-02 -0.18956792E-02 -0.18793241E-02 -0.19108619E-02 -0.19769582E-02 -0.20684971E-02 -0.21804852E-02 -0.23120859E-02 -0.24668222E-02 -0.26529034E-02 -0.28836279E-02 -0.31779175E-02
-0.13578071E+01 -0.13906275E+01 -0.13823085E+01 -0.13334840E+01 -0.12479008E+01 -0.11322257E+01 -0.99557534E+00 -0.84859933E+00 -0.70208028E+00 -0.56534490E+00 -0.44500702E+00 -0.34444801E+00 -0.26408228E+00 -0.20214717E+00 -0.15566096E+00 -0.12127019E+00 -0.95844859E-01 -0.76798839E-01 -0.62185750E-01 -0.50648821E-01 -0.41299921E-01 -0.33583275E-01 -0.27156229E-01 -0.21800096E-01 -0.17361588E-01 -0.13719022E-01 -0.10765625E-01 -0.84031027E-02 -0.65403480E-02 -0.50941283E-02 -0.39900576E-02 -0.31631545E-02 -0.25578256E-02 -0.21273852E-02 -0.18332691E-02 -0.16441105E-02 -0.15348050E-02 -0.14856589E-02 -0.14816826E-02 -0.15120657E-02 -0.15698361E-02 -0.16517463E-02 -0.17583115E-02 -0.18940447E-02 -0.20678771E-02 -0.22937113E-02 -0.25911739E-02
-0.10684997E+01 -0.10939876E+01 -0.10875211E+01 -0.10496514E+01 -0.98360250E+00 -0.89496185E+00 -0.79106024E+00 -0.68004010E+00 -0.56974130E+00 -0.46666369E+00 -0.37527854E+00 -0.29783351E+00 -0.23461153E+00 -0.18447284E+00 -0.14547694E+00 -0.11542612E+00 -0.92247637E-01 -0.74201217E-01 -0.59943905E-01 -0.48502212E-01 -0.39199419E-01 -0.31573144E-01 -0.25303214E-01 -0.20157799E-01 -0.15957881E-01 -0.12556347E-01 -0.98270443E-02 -0.76596702E-02 -0.59576140E-02 -0.46369292E-02 -0.36255642E-02 -0.28625102E-02 -0.22967815E-02 -0.18863067E-02 -0.15968029E-02 -0.14007024E-02 -0.12761873E-02 -0.12063640E-02 -0.11786089E-02 -0.11840668E-02 -0.12174020E-02 -0.12766695E-02 -0.13634301E-02 -0.14830445E-02 -0.16452022E-02 -0.18646096E-02 -0.21619202E-02
-0.86350840E+00 -0.88287127E+00 -0.87795585E+00 -0.84920871E+00 -0.79920810E+00 -0.73229295E+00 -0.65394740E+00 -0.57004644E+00 -0.48609896E+00 -0.40662941E+00 -0.33480614E+00 -0.27235678E+00 -0.21973407E+00 -0.17644054E+00 -0.14140356E+00 -0.11331132E+00 -0.90858465E-01 -0.72889486E-01 -0.58455841E-01 -0.46814979E-01 -0.37399462E-01 -0.29777040E-01 -0.23613940E-01 -0.18646397E-01 -0.14660872E-01 -0.11481253E-01 -0.89607881E-02 -0.69768389E-02 -0.54271420E-02 -0.42268453E-02 -0.33059557E-02 -0.26070910E-02 -0.20835054E-02 -0.16973676E-02 -0.14183004E-02 -0.12221586E-02 -0.10900255E-02 -0.10074143E-02 -0.96366596E-03 -0.95151741E-03 -0.96690352E-03 -0.10089018E-02 -0.10799097E-02 -0.11860376E-02 -0.13377073E-02 -0.15504950E-02 -0.18461881E-02
-0.74248276E+00 -0.75809563E+00 -0.75412738E+00 -0.73098349E+00 -0.69095299E+00 -0.63770139E+00 -0.57556652E+00 -0.50889743E+00 -0.44157600E+00 -0.37674077E+00 -0.31667167E+00 -0.26279117E+00 -0.21575254E+00 -0.17559002E+00 -0.14190067E+00 -0.11402391E+00 -0.91191276E-01 -0.72632196E-01 -0.57635743E-01 -0.45577794E-01 -0.35925943E-01 -0.28233112E-01 -0.22127102E-01 -0.17299906E-01 -0.13498139E-01 -0.10514781E-01 -0.81819495E-02 -0.63644994E-02 -0.49543138E-02 -0.38652942E-02 -0.30290670E-02 -0.23914001E-02 -0.19093036E-02 -0.15487379E-02 -0.12828195E-02 -0.10904469E-02 -0.95525477E-03 -0.86483610E-03 -0.81019224E-03 -0.78537240E-03 -0.78733760E-03 -0.81598497E-03 -0.87439724E-03 -0.96932044E-03 -0.11118532E-02 -0.13183977E-02 -0.16118309E-02
-0.70706668E+00 -0.72279010E+00 -0.71877768E+00 -0.69559230E+00 -0.65630981E+00 -0.60547721E+00 -0.54782872E+00 -0.48736584E+00 -0.42703734E+00 -0.36886775E+00 -0.31423737E+00 -0.26410094E+00 -0.21908795E+00 -0.17952742E+00 -0.14545962E+00 -0.11667091E+00 -0.92754762E-01 -0.73184372E-01 -0.57380210E-01 -0.44762553E-01 -0.34786712E-01 -0.26963333E-01 -0.20867639E-01 -0.16141147E-01 -0.12488513E-01 -0.96714279E-02 -0.75009783E-02 -0.58295226E-02 -0.45428688E-02 -0.35532507E-02 -0.27933705E-02 -0.22115707E-02 -0.17680782E-02 -0.14321410E-02 -0.11799353E-02 -0.99302514E-03 -0.85726837E-03 -0.76205542E-03 -0.69978380E-03 -0.66560833E-03 -0.65732357E-03 -0.67548671E-03 -0.72373275E-03 -0.80932942E-03 -0.94394728E-03 -0.11446969E-02 -0.14353945E-02
-0.77324781E+00 -0.79543350E+00 -0.78973667E+00 -0.75729255E+00 -0.70417500E+00 -0.63887117E+00 -0.56931158E+00 -0.50098345E+00 -0.43663576E+00 -0.37708843E+00 -0.32230860E+00 -0.27216738E+00 -0.22672654E+00 -0.18619455E+00 -0.15076102E+00 -0.12045725E+00 -0.95100150E-01 -0.74311569E-01 -0.57579224E-01 -0.44326670E-01 -0.33972761E-01 -0.25973457E-01 -0.19846338E-01 -0.15181350E-01 -0.11641760E-01 -0.89588941E-02 -0.69234530E-02 -0.53755044E-02 -0.41945927E-02 -0.32908330E-02 -0.25974253E-02 -0.20646803E-02 -0.16554526E-02 -0.13417691E-02 -0.11024208E-02 -0.92126355E-03 -0.78606549E-03 -0.68774708E-03 -0.61990046E-03 -0.57858186E-03 -0.56226716E-03 -0.57203504E-03 -0.61194638E-03 -0.68966533E-03 -0.81729531E-03 -0.10124858E-02 -0.12997693E-02
-0.98267946E+00 -0.10224006E+01 -0.10121433E+01 -0.95449175E+00 -0.86302958E+00 -0.75598022E+00 -0.64928428E+00 -0.55268853E+00 -0.46951390E+00 -0.39877766E+00 -0.33783243E+00 -0.28423524E+00 -0.23649948E+00 -0.19403887E+00 -0.15677416E+00 -0.12474169E+00 -0.97851453E-01 -0.75805575E-01 -0.58124072E-01 -0.44217023E-01 -0.33460274E-01 -0.25254198E-01 -0.19060625E-01 -0.14420736E-01 -0.10959035E-01 -0.83784070E-02 -0.64502773E-02 -0.50028291E-02 -0.39092410E-02 -0.30770974E-02 -0.24395351E-02 -0.19482306E-02 -0.15680989E-02 -0.12734407E-02 -0.10452157E-02 -0.86921563E-03 -0.73482441E-03 -0.63423442E-03 -0.56204592E-03 -0.51504618E-03 -0.49224970E-03 -0.49512796E-03 -0.52804196E-03 -0.59891642E-03 -0.72012596E-03 -0.90965482E-03 -0.11924813E-02
-0.14233373E+01 -0.15041791E+01 -0.14831367E+01 -0.13670062E+01 -0.11899134E+01 -0.99325629E+00 -0.80878237E+00 -0.65312363E+00 -0.52991723E+00 -0.43469531E+00 -0.35999292E+00 -0.29900832E+00 -0.24716488E+00 -0.20207407E+00 -0.16279709E+00 -0.12906128E+00 -0.10071990E+00 -0.77493029E-01 -0.58912797E-01 -0.44373733E-01 -0.33213456E-01 -0.24783460E-01 -0.18496336E-01 -0.13849914E-01 -0.10433941E-01 -0.79254946E-02 -0.60782047E-02 -0.47089828E-02 -0.36846682E-02 -0.29099983E-02 -0.23175546E-02 -0.18598331E-02 -0.15032790E-02 -0.12239786E-02 -0.10046679E-02 -0.83271089E-03 -0.69882651E-03 -0.59627045E-03 -0.52044355E-03 -0.46871769E-03 -0.44051283E-03 -0.43756983E-03 -0.46442400E-03 -0.52911801E-03 -0.64412315E-03 -0.82753244E-03 -0.11044751E-02
-0.23543170E+01 -0.25563919E+01 -0.25029332E+01 -0.22187447E+01 -0.18194978E+01 -0.14201502E+01 -0.10813338E+01 -0.81835592E+00 -0.62527481E+00 -0.48782536E+00 -0.38958586E+00 -0.31634005E+00 -0.25826807E+00 -0.20982322E+00 -0.16843605E+00 -0.13312560E+00 -0.10350383E+00 -0.79237612E-01 -0.59853301E-01 -0.44733499E-01 -0.33187724E-01 -0.24529161E-01 -0.18130084E-01 -0.13451766E-01 -0.10053972E-01 -0.75910438E-02 -0.58005776E-02 -0.44890306E-02 -0.35170982E-02 -0.27864871E-02 -0.22288430E-02 -0.17970214E-02 -0.14585309E-02 -0.11908160E-02 -0.97800266E-03 -0.80872435E-03 -0.67475247E-03 -0.57020569E-03 -0.49111033E-03 -0.43527755E-03 -0.40240698E-03 -0.39439000E-03 -0.41581186E-03 -0.47468884E-03 -0.58340924E-03 -0.75994161E-03 -0.10292618E-02
-0.47836837E+01 -0.54411961E+01 -0.52643154E+01 -0.43604832E+01 -0.32106124E+01 -0.22265857E+01 -0.15307500E+01 -0.10683815E+01 -0.76262076E+00 -0.56099439E+00 -0.42770888E+00 -0.33655232E+00 -0.26980047E+00 -0.21715457E+00 -0.17352968E+00 -0.13678338E+00 -0.10607547E+00 -0.80936211E-01 -0.60863893E-01 -0.45232022E-01 -0.33332716E-01 -0.24452158E-01 -0.17931793E-01 -0.13203500E-01 -0.98020920E-02 -0.73624689E-02 -0.56081576E-02 -0.43361813E-02 -0.34014737E-02 -0.27026937E-02 -0.21703087E-02 -0.17571835E-02 -0.14315074E-02 -0.11717140E-02 -0.96298099E-03 -0.79492974E-03 -0.66015444E-03 -0.55342449E-03 -0.47123432E-03 -0.41170023E-03 -0.37468488E-03 -0.36211621E-03 -0.37850927E-03 -0.43171292E-03 -0.53385556E-03 -0.70255145E-03 -0.96232082E-03
-0.11897974E+02 -0.14187229E+02 -0.13562828E+02 -0.10470271E+02 -0.67911606E+01 -0.39772160E+01 -0.23179264E+01 -0.14348878E+01 -0.94549230E+00 -0.65396878E+00 -0.47410126E+00 -0.35956497E+00 -0.28175092E+00 -0.22405423E+00 -0.17803700E+00 -0.13996937E+00 -0.10835721E+00 -0.82509818E-01 -0.61871185E-01 -0.45805091E-01 -0.33594592E-01 -0.24508790E-01 -0.17867024E-01 -0.13078580E-01 -0.96582501E-02 -0.72248442E-02 -0.54899437E-02 -0.42423532E-02 -0.33318282E-02 -0.26541470E-02 -0.21385108E-02 -0.17375671E-02 -0.14198981E-02 -0.11646259E-02 -0.95770530E-03 -0.78947049E-03 -0.65315307E-03 -0.54397846E-03 -0.45876695E-03 -0.39581700E-03 -0.35504090E-03 -0.33829905E-03 -0.34992250E-03 -0.39746153E-03 -0.49261642E-03 -0.65242903E-03 -0.90067740E-03
-0.32613620E+02 -0.42254005E+02 -0.39470051E+02 -0.27319713E+02 -0.15571530E+02 -0.78287428E+01 -0.37712492E+01 -0.19733324E+01 -0.11726303E+01 -0.76125457E+00 -0.52578199E+00 -0.38415771E+00 -0.29370761E+00 -0.23041031E+00 -0.18192222E+00 -0.14264526E+00 -0.11029308E+00 -0.83891041E-01 -0.62805833E-01 -0.46388273E-01 -0.33917433E-01 -0.24652810E-01 -0.17898876E-01 -0.13048368E-01 -0.96006916E-02 -0.71619071E-02 -0.54339082E-02 -0.41986958E-02 -0.33016411E-02 -0.26359998E-02 -0.21297840E-02 -0.17353259E-02 -0.14214119E-02 -0.11676315E-02 -0.96046502E-03 -0.79078334E-03 -0.65223814E-03 -0.54036528E-03 -0.45217626E-03 -0.38603803E-03 -0.34181452E-03 -0.32120192E-03 -0.32824714E-03 -0.37007741E-03 -0.45781377E-03 -0.60772823E-03 -0.84259516E-03
-0.11102467E+03 -0.17043197E+03 -0.15240964E+03 -0.82804934E+02 -0.35403462E+02 -0.14973062E+02 -0.61962762E+01 -0.27260144E+01 -0.14323325E+01 -0.87114483E+00 -0.57666443E+00 -0.40771214E+00 -0.30467603E+00 -0.23588729E+00 -0.18507333E+00 -0.14475100E+00 -0.11182220E+00 -0.85011235E-01 -0.63597363E-01 -0.46915746E-01 -0.34243923E-01 -0.24836758E-01 -0.17989470E-01 -0.13083450E-01 -0.96070446E-02 -0.71568972E-02 -0.54276211E-02 -0.41960391E-02 -0.33041477E-02 -0.26432361E-02 -0.21403648E-02 -0.17475834E-02 -0.14337920E-02 -0.11788861E-02 -0.96972095E-03 -0.79750464E-03 -0.65615476E-03 -0.54139103E-03 -0.45028833E-03 -0.38118615E-03 -0.33381200E-03 -0.30961367E-03 -0.31226364E-03 -0.34836321E-03 -0.42832258E-03 -0.56746873E-03 -0.78734522E-03
-0.37703869E+03 -0.75401258E+03 -0.61144913E+03 -0.25536993E+03 -0.78639851E+02 -0.25297770E+02 -0.92740468E+01 -0.35904327E+01 -0.16852496E+01 -0.96570020E+00 -0.61845258E+00 -0.42661852E+00 -0.31320208E+00 -0.23993571E+00 -0.18727811E+00 -0.14617928E+00 -0.11286109E+00 -0.85790715E-01 -0.64169928E-01 -0.47319254E-01 -0.34515866E-01 -0.25013074E-01 -0.18101160E-01 -0.13154730E-01 -0.96552136E-02 -0.71932475E-02 -0.54587652E-02 -0.42252659E-02 -0.33326030E-02 -0.26708481E-02 -0.21665057E-02 -0.17714988E-02 -0.14548484E-02 -0.11966632E-02 -0.98405635E-03 -0.80843488E-03 -0.66385498E-03 -0.54609459E-03 -0.45219886E-03 -0.38039201E-03 -0.33018998E-03 -0.30272153E-03 -0.30121488E-03 -0.33164792E-03 -0.40362292E-03 -0.53137702E-03 -0.73503332E-03
