Basic/Day4/qtaim/urea/crystal/urea_cry_pl2d.SURFGKIN
DSAA
 161 161
-0.75589045E+01  0.75589045E+01  0.94486307E-01
-0.75589045E+01  0.75589045E+01  0.94486307E-01
 0.00000000E+00  0.00000000E+00
[rows 110 to 131 of 161, columns 48 to 95 of 161]
0.68803065E-02 0.75601968E-02 0.84147568E-02 0.94783792E-02 0.10785905E-01 0.12372653E-01 0.14275901E-01 0.16538680E-01 0.19216875E-01 0.22390587E-01 0.26180464E-01 0.30769207E-01 0.36427888E-01 0.43546028E-01 0.52663103E-01 0.64496062E-01 0.79950653E-01 0.10009366E+00 0.12605329E+00 0.15881841E+00 0.19894058E+00 0.24621083E+00 0.29946178E+00 0.35666820E+00 0.41541193E+00 0.47353544E+00 0.52958972E+00 0.58273278E+00 0.63209867E+00 0.67602752E+00 0.71165532E+00 0.73527782E+00 0.74359838E+00 0.73527782E+00 0.71165532E+00 0.67602752E+00 0.63209867E+00 0.58273278E+00 0.52958972E+00 0.47353544E+00 0.41541193E+00 0.35666820E+00 0.29946178E+00 0.24621083E+00 0.19894058E+00 0.15881841E+00 0.12605329E+00 0.10009366E+00
0.60017170E-02 0.67406003E-02 0.76630728E-02 0.88015407E-02 0.10188576E-01 0.11857144E-01 0.13842563E-01 0.16187236E-01 0.18949336E-01 0.22216606E-01 0.26126150E-01 0.30890754E-01 0.36831946E-01 0.44419603E-01 0.54316520E-01 0.67421490E-01 0.84893282E-01 0.10812044E+00 0.13858723E+00 0.17759543E+00 0.22586070E+00 0.28311537E+00 0.34796606E+00 0.41825314E+00 0.49191441E+00 0.56791634E+00 0.64655860E+00 0.72874677E+00 0.81435565E+00 0.90001870E+00 0.97716894E+00 0.10324857E+01 0.10527983E+01 0.10324857E+01 0.97716894E+00 0.90001870E+00 0.81435565E+00 0.72874677E+00 0.64655860E+00 0.56791634E+00 0.49191441E+00 0.41825314E+00 0.34796606E+00 0.28311537E+00 0.22586070E+00 0.17759543E+00 0.13858723E+00 0.10812044E+00
0.53320950E-02 0.61198401E-02 0.70994804E-02 0.83019801E-02 0.97581874E-02 0.11499305E-01 0.13559414E-01 0.15981270E-01 0.18826748E-01 0.22193268E-01 0.26237337E-01 0.31206163E-01 0.37478344E-01 0.45614642E-01 0.56417944E-01 0.70993995E-01 0.90786996E-01 0.11753834E+00 0.15309816E+00 0.19904241E+00 0.25615003E+00 0.32397630E+00 0.40092081E+00 0.48511907E+00 0.57600275E+00 0.67572334E+00 0.78956451E+00 0.92495032E+00 0.10881066E+01 0.12763962E+01 0.14677514E+01 0.16173612E+01 0.16748365E+01 0.16173612E+01 0.14677514E+01 0.12763962E+01 0.10881066E+01 0.92495032E+00 0.78956451E+00 0.67572334E+00 0.57600275E+00 0.48511907E+00 0.40092081E+00 0.32397630E+00 0.25615003E+00 0.19904241E+00 0.15309816E+00 0.11753834E+00
0.48258171E-02 0.56538130E-02 0.66812920E-02 0.79381872E-02 0.94540541E-02 0.11258818E-01 0.13385918E-01 0.15879246E-01 0.18805429E-01 0.22272993E-01 0.26459814E-01 0.31650367E-01 0.38284805E-01 0.47022229E-01 0.58817746E-01 0.75001471E-01 0.97322098E-01 0.12788213E+00 0.16887189E+00 0.22205681E+00 0.28814007E+00 0.36639994E+00 0.45521330E+00 0.55387564E+00 0.66535738E+00 0.79909206E+00 0.97354845E+00 0.12178223E+01 0.15661395E+01 0.20347055E+01 0.25772514E+01 0.30458576E+01 0.32360896E+01 0.30458576E+01 0.25772514E+01 0.20347055E+01 0.15661395E+01 0.12178223E+01 0.97354845E+00 0.79909206E+00 0.66535738E+00 0.55387564E+00 0.45521330E+00 0.36639994E+00 0.28814007E+00 0.22205681E+00 0.16887189E+00 0.12788213E+00
0.44449723E-02 0.53057637E-02 0.63727811E-02 0.76752245E-02 0.92416860E-02 0.11101189E-01 0.13286973E-01 0.15844579E-01 0.18845968E-01 0.22411396E-01 0.26740785E-01 0.32156735E-01 0.39162417E-01 0.48518089E-01 0.61335874E-01 0.79175942E-01 0.10409222E+00 0.13853002E+00 0.18496073E+00 0.24522312E+00 0.31979994E+00 0.40765977E+00 0.50755320E+00 0.62127718E+00 0.75858868E+00 0.94405984E+00 0.12283255E+01 0.17027441E+01 0.25060530E+01 0.37922934E+01 0.55615300E+01 0.73182652E+01 0.80879518E+01 0.73182652E+01 0.55615300E+01 0.37922934E+01 0.25060530E+01 0.17027441E+01 0.12283255E+01 0.94405984E+00 0.75858868E+00 0.62127718E+00 0.50755320E+00 0.40765977E+00 0.31979994E+00 0.24522312E+00 0.18496073E+00 0.13853002E+00
0.41582748E-02 0.50451244E-02 0.61439622E-02 0.74834615E-02 0.90914905E-02 0.10996435E-01 0.13231596E-01 0.15844362E-01 0.18912050E-01 0.22566327E-01 0.27028303E-01 0.32657149E-01 0.40016708E-01 0.49965148E-01 0.63766788E-01 0.83202880E-01 0.11061282E+00 0.14874201E+00 0.20026220E+00 0.26696471E+00 0.34899926E+00 0.44508010E+00 0.55488265E+00 0.68436702E+00 0.85461110E+00 0.11184798E+01 0.15951607E+01 0.25371269E+01 0.44712880E+01 0.83503358E+01 0.14905235E+02 0.22387236E+02 0.25895272E+02 0.22387236E+02 0.14905235E+02 0.83503358E+01 0.44712880E+01 0.25371269E+01 0.15951607E+01 0.11184798E+01 0.85461110E+00 0.68436702E+00 0.55488265E+00 0.44508010E+00 0.34899926E+00 0.26696471E+00 0.20026220E+00 0.14874201E+00
0.39400997E-02 0.48465873E-02 0.59697105E-02 0.73377480E-02 0.89780035E-02 0.10918379E-01 0.13192312E-01 0.15848894E-01 0.18970218E-01 0.22698023E-01 0.27272089E-01 0.33083919E-01 0.40751339E-01 0.51220174E-01 0.65891149E-01 0.86741828E-01 0.11635793E+00 0.15772494E+00 0.21363119E+00 0.28572550E+00 0.37377036E+00 0.47633802E+00 0.59454610E+00 0.74005144E+00 0.95024664E+00 0.13231375E+01 0.21026751E+01 0.39252706E+01 0.86062666E+01 0.20378345E+02 0.43924873E+02 0.75102910E+02 0.91554529E+02 0.75102910E+02 0.43924873E+02 0.20378345E+02 0.86062666E+01 0.39252706E+01 0.21026751E+01 0.13231375E+01 0.95024664E+00 0.74005144E+00 0.59454610E+00 0.47633802E+00 0.37377036E+00 0.28572550E+00 0.21363119E+00 0.15772494E+00
0.37696608E-02 0.46893798E-02 0.58291396E-02 0.72168988E-02 0.88794874E-02 0.10844375E-01 0.13145025E-01 0.15831760E-01 0.18990276E-01 0.22770053E-01 0.27425380E-01 0.33373154E-01 0.41274056E-01 0.52144111E-01 0.67493633E-01 0.89456781E-01 0.12081073E+00 0.16471345E+00 0.22400127E+00 0.30013481E+00 0.39249990E+00 0.49962253E+00 0.62427432E+00 0.78445743E+00 0.10369082E+01 0.15377259E+01 0.27181841E+01 0.59730279E+01 0.16238973E+02 0.46858824E+02 0.12417281E+03 0.27130878E+03 0.36961482E+03 0.27130878E+03 0.12417281E+03 0.46858824E+02 0.16238973E+02 0.59730279E+01 0.27181841E+01 0.15377259E+01 0.10369082E+01 0.78445743E+00 0.62427432E+00 0.49962253E+00 0.39249990E+00 0.30013481E+00 0.22400127E+00 0.16471345E+00
0.36303290E-02 0.45567009E-02 0.57051644E-02 0.71033854E-02 0.87777567E-02 0.10755278E-01 0.13069174E-01 0.15770230E-01 0.18946073E-01 0.22750729E-01 0.27447391E-01 0.33469017E-01 0.41504033E-01 0.52614749E-01 0.68384552E-01 0.91052150E-01 0.12352043E+00 0.16905290E+00 0.23049208E+00 0.30912405E+00 0.40402374E+00 0.51368093E+00 0.64220411E+00 0.81291591E+00 0.10997253E+01 0.17137527E+01 0.32928192E+01 0.82545125E+01 0.26223567E+02 0.88389523E+02 0.31022686E+03 0.91027640E+03 0.15623227E+04 0.91027640E+03 0.31022686E+03 0.88389523E+02 0.26223567E+02 0.82545125E+01 0.32928192E+01 0.17137527E+01 0.10997253E+01 0.81291591E+00 0.64220411E+00 0.51368093E+00 0.40402374E+00 0.30912405E+00 0.23049208E+00 0.16905290E+00
0.35090772E-02 0.44352848E-02 0.55841875E-02 0.69831528E-02 0.86581288E-02 0.10635545E-01 0.12948003E-01 0.15645785E-01 0.18816408E-01 0.22614618E-01 0.27305870E-01 0.33328082E-01 0.41379360E-01 0.52539599E-01 0.68421686E-01 0.91308260E-01 0.12415594E+00 0.17027154E+00 0.23248948E+00 0.31198877E+00 0.40764242E+00 0.51781835E+00 0.64710683E+00 0.82125917E+00 0.11226396E+01 0.17906427E+01 0.35814995E+01 0.95747889E+01 0.32640293E+02 0.12053737E+03 0.49929616E+03 0.21281602E+04 0.68613900E+04 0.21281602E+04 0.49929616E+03 0.12053737E+03 0.32640293E+02 0.95747889E+01 0.35814995E+01 0.17906427E+01 0.11226396E+01 0.82125917E+00 0.64710683E+00 0.51781835E+00 0.40764242E+00 0.31198877E+00 0.23248948E+00 0.17027154E+00
0.33960293E-02 0.43150541E-02 0.54558642E-02 0.68454973E-02 0.85094233E-02 0.10473362E-01 0.12768857E-01 0.15444614E-01 0.18585825E-01 0.22343849E-01 0.26979245E-01 0.32922941E-01 0.40863206E-01 0.51866460E-01 0.67528053E-01 0.90109849E-01 0.12254765E+00 0.16813322E+00 0.22969616E+00 0.30841069E+00 0.40309337E+00 0.51187853E+00 0.63872758E+00 0.80791589E+00 0.10977946E+01 0.17344331E+01 0.34191696E+01 0.89466347E+01 0.29849880E+02 0.10669219E+03 0.41497344E+03 0.14731977E+04 0.30049412E+04 0.14731977E+04 0.41497344E+03 0.10669219E+03 0.29849880E+02 0.89466347E+01 0.34191696E+01 0.17344331E+01 0.10977946E+01 0.80791589E+00 0.63872758E+00 0.51187853E+00 0.40309337E+00 0.30841069E+00 0.22969616E+00 0.16813322E+00
0.32840922E-02 0.41888366E-02 0.53129078E-02 0.66829661E-02 0.83239561E-02 0.10260744E-01 0.12523381E-01 0.15157950E-01 0.18245151E-01 0.21928920E-01 0.26457901E-01 0.32244287E-01 0.39947321E-01 0.50589374E-01 0.65701877E-01 0.87461911E-01 0.11871039E+00 0.16266567E+00 0.22215638E+00 0.29846113E+00 0.39051449E+00 0.49618881E+00 0.61790270E+00 0.77506937E+00 0.10313932E+01 0.15655690E+01 0.28913403E+01 0.68309065E+01 0.20359890E+02 0.64023623E+02 0.19379006E+03 0.48525169E+03 0.69904908E+03 0.48525169E+03 0.19379006E+03 0.64023623E+02 0.20359890E+02 0.68309065E+01 0.28913403E+01 0.15655690E+01 0.10313932E+01 0.77506937E+00 0.61790270E+00 0.49618881E+00 0.39051449E+00 0.29846113E+00 0.22215638E+00 0.16266567E+00
0.31686523E-02 0.40521237E-02 0.51509146E-02 0.64912489E-02 0.80974978E-02 0.99935525E-02 0.12207603E-01 0.14782200E-01 0.17791647E-01 0.21368873E-01 0.25744345E-01 0.31301043E-01 0.38652082E-01 0.48748537E-01 0.63016325E-01 0.83489328E-01 0.11284319E+00 0.15416094E+00 0.21025745E+00 0.28259990E+00 0.37042321E+00 0.47146563E+00 0.58624606E+00 0.72765068E+00 0.94005380E+00 0.13434399E+01 0.22475063E+01 0.45513457E+01 0.11187839E+02 0.29625210E+02 0.70218433E+02 0.13224330E+03 0.16891025E+03 0.13224330E+03 0.70218433E+02 0.29625210E+02 0.11187839E+02 0.45513457E+01 0.22475063E+01 0.13434399E+01 0.94005380E+00 0.72765068E+00 0.58624606E+00 0.47146563E+00 0.37042321E+00 0.28259990E+00 0.21025745E+00 0.15416094E+00
0.30473206E-02 0.39028571E-02 0.49681931E-02 0.62690494E-02 0.78291836E-02 0.96714317E-02 0.11821868E-01 0.14318838E-01 0.17228780E-01 0.20670798E-01 0.24852207E-01 0.30118443E-01 0.37022961E-01 0.46424007E-01 0.59608764E-01 0.78419723E-01 0.10530482E+00 0.14314615E+00 0.19470471E+00 0.26166804E+00 0.34372162E+00 0.43873477E+00 0.54559915E+00 0.67092432E+00 0.84105991E+00 0.11255075E+01 0.16856910E+01 0.28914474E+01 0.56560370E+01 0.11934056E+02 0.23612975E+02 0.37826600E+02 0.44757250E+02 0.37826600E+02 0.23612975E+02 0.11934056E+02 0.56560370E+01 0.28914474E+01 0.16856910E+01 0.11255075E+01 0.84105991E+00 0.67092432E+00 0.54559915E+00 0.43873477E+00 0.34372162E+00 0.26166804E+00 0.19470471E+00 0.14314615E+00
0.29197179E-02 0.37412365E-02 0.47655944E-02 0.60179368E-02 0.75213765E-02 0.92976673E-02 0.11370652E-01 0.13774096E-01 0.16565663E-01 0.19848786E-01 0.23804293E-01 0.28734483E-01 0.35124137E-01 0.43724419E-01 0.55661476E-01 0.72552278E-01 0.96567591E-01 0.13032434E+00 0.17646261E+00 0.23685608E+00 0.31171339E+00 0.39933421E+00 0.49767425E+00 0.60859242E+00 0.74495362E+00 0.94166533E+00 0.12735714E+01 0.18808990E+01 0.30050504E+01 0.50009586E+01 0.80491234E+01 0.11319900E+02 0.12809591E+02 0.11319900E+02 0.80491234E+01 0.50009586E+01 0.30050504E+01 0.18808990E+01 0.12735714E+01 0.94166533E+00 0.74495362E+00 0.60859242E+00 0.49767425E+00 0.39933421E+00 0.31171339E+00 0.23685608E+00 0.17646261E+00 0.13032434E+00
0.27872978E-02 0.35695502E-02 0.45463496E-02 0.57421846E-02 0.71794989E-02 0.88789874E-02 0.10862290E-01 0.13158530E-01 0.15816290E-01 0.18922544E-01 0.22630087E-01 0.27195429E-01 0.33030506E-01 0.40772974E-01 0.51377634E-01 0.66218210E-01 0.87156712E-01 0.11649072E+00 0.15665759E+00 0.20962363E+00 0.27608849E+00 0.35499143E+00 0.44412672E+00 0.54254091E+00 0.65460327E+00 0.79506933E+00 0.99470291E+00 0.13038894E+01 0.17855870E+01 0.24845124E+01 0.33528562E+01 0.41486835E+01 0.44829807E+01 0.41486835E+01 0.33528562E+01 0.24845124E+01 0.17855870E+01 0.13038894E+01 0.99470291E+00 0.79506933E+00 0.65460327E+00 0.54254091E+00 0.44412672E+00 0.35499143E+00 0.27608849E+00 0.20962363E+00 0.15665759E+00 0.11649072E+00
0.26532121E-02 0.33920378E-02 0.43159264E-02 0.54486169E-02 0.68118579E-02 0.84253455E-02 0.10308668E-01 0.12486537E-01 0.14998712E-01 0.17915946E-01 0.21363160E-01 0.25551231E-01 0.30819626E-01 0.37693404E-01 0.46957198E-01 0.59740433E-01 0.77585717E-01 0.10243654E+00 0.13644983E+00 0.18155755E+00 0.23882225E+00 0.30786658E+00 0.38689967E+00 0.47385097E+00 0.56860381E+00 0.67553558E+00 0.80522175E+00 0.97385494E+00 0.11973043E+01 0.14764547E+01 0.17771741E+01 0.20217346E+01 0.21176396E+01 0.20217346E+01 0.17771741E+01 0.14764547E+01 0.11973043E+01 0.97385494E+00 0.80522175E+00 0.67553558E+00 0.56860381E+00 0.47385097E+00 0.38689967E+00 0.30786658E+00 0.23882225E+00 0.18155755E+00 0.13644983E+00 0.10243654E+00
0.25222247E-02 0.32147948E-02 0.40819208E-02 0.51464816E-02 0.64294914E-02 0.79497208E-02 0.97249435E-02 0.11775916E-01 0.14134311E-01 0.16855759E-01 0.20038941E-01 0.23851624E-01 0.28564970E-01 0.34598376E-01 0.42577053E-01 0.53399802E-01 0.68300117E-01 0.88858252E-01 0.11689568E+00 0.15418422E+00 0.20196719E+00 0.26043458E+00 0.32846531E+00 0.40399804E+00 0.48513650E+00 0.57154888E+00 0.66527044E+00 0.77002650E+00 0.88841599E+00 0.10168443E+01 0.11403584E+01 0.12329004E+01 0.12676251E+01 0.12329004E+01 0.11403584E+01 0.10168443E+01 0.88841599E+00 0.77002650E+00 0.66527044E+00 0.57154888E+00 0.48513650E+00 0.40399804E+00 0.32846531E+00 0.26043458E+00 0.20196719E+00 0.15418422E+00 0.11689568E+00 0.88858252E-01
0.24006902E-02 0.30457409E-02 0.38540092E-02 0.48473812E-02 0.60460693E-02 0.74679784E-02 0.91293396E-02 0.11047550E-01 0.13247267E-01 0.15770745E-01 0.18693159E-01 0.22143462E-01 0.26331407E-01 0.31581919E-01 0.38378285E-01 0.47413334E-01 0.59639296E-01 0.76290281E-01 0.98831188E-01 0.12877963E+00 0.16737792E+00 0.21517498E+00 0.27169071E+00 0.33539789E+00 0.40416254E+00 0.47599463E+00 0.54963436E+00 0.62443121E+00 0.69928988E+00 0.77101362E+00 0.83305241E+00 0.87615746E+00 0.89171470E+00 0.87615746E+00 0.83305241E+00 0.77101362E+00 0.69928988E+00 0.62443121E+00 0.54963436E+00 0.47599463E+00 0.40416254E+00 0.33539789E+00 0.27169071E+00 0.21517498E+00 0.16737792E+00 0.12877963E+00 0.98831188E-01 0.76290281E-01
0.22966083E-02 0.28946656E-02 0.36439794E-02 0.45652815E-02 0.56778750E-02 0.69988183E-02 0.85430500E-02 0.10325251E-01 0.12364308E-01 0.14691228E-01 0.17361113E-01 0.20469504E-01 0.24173275E-01 0.28716433E-01 0.34461529E-01 0.41926413E-01 0.51821605E-01 0.65073435E-01 0.82804103E-01 0.10623076E+00 0.13645690E+00 0.17417307E+00 0.21935307E+00 0.27108658E+00 0.32767087E+00 0.38695622E+00 0.44675512E+00 0.50502935E+00 0.55969008E+00 0.60814645E+00 0.64702207E+00 0.67250129E+00 0.68141118E+00 0.67250129E+00 0.64702207E+00 0.60814645E+00 0.55969008E+00 0.50502935E+00 0.44675512E+00 0.38695622E+00 0.32767087E+00 0.27108658E+00 0.21935307E+00 0.17417307E+00 0.13645690E+00 0.10623076E+00 0.82804103E-01 0.65073435E-01
0.22197670E-02 0.27733685E-02 0.34658597E-02 0.43166232E-02 0.53438937E-02 0.65638325E-02 0.79902747E-02 0.96357805E-02 0.11514725E-01 0.13649129E-01 0.16077745E-01 0.18868587E-01 0.22134809E-01 0.26053794E-01 0.30889459E-01 0.37017521E-01 0.44951370E-01 0.55360658E-01 0.69065941E-01 0.86984915E-01 0.11000784E+00 0.13880054E+00 0.17357274E+00 0.21388964E+00 0.25861408E+00 0.30601969E+00 0.35402524E+00 0.40042541E+00 0.44300634E+00 0.47954578E+00 0.50782434E+00 0.52580052E+00 0.53197797E+00 0.52580052E+00 0.50782434E+00 0.47954578E+00 0.44300634E+00 0.40042541E+00 0.35402524E+00 0.30601969E+00 0.25861408E+00 0.21388964E+00 0.17357274E+00 0.13880054E+00 0.11000784E+00 0.86984915E-01 0.69065941E-01 0.55360658E-01
0.21819740E-02 0.26958944E-02 0.33361478E-02 0.41205354E-02 0.50660046E-02 0.61876896E-02 0.74983981E-02 0.90090478E-02 0.10730645E-01 0.12678394E-01 0.14878368E-01 0.17376887E-01 0.20252392E-01 0.23629420E-01 0.27694230E-01 0.32711600E-01 0.39041494E-01 0.47151570E-01 0.57616615E-01 0.71090468E-01 0.88234766E-01 0.10959736E+00 0.13545394E+00 0.16565224E+00 0.19951340E+00 0.23583375E+00 0.27299066E+00 0.30911084E+00 0.34224074E+00 0.37048420E+00 0.39211999E+00 0.40573531E+00 0.41038523E+00 0.40573531E+00 0.39211999E+00 0.37048420E+00 0.34224074E+00 0.30911084E+00 0.27299066E+00 0.23583375E+00 0.19951340E+00 0.16565224E+00 0.13545394E+00 0.10959736E+00 0.88234766E-01 0.71090468E-01 0.57616615E-01 0.47151570E-01
