Basic/Day4/qtaim/urea/crystal/urea_cry_pl2d.SURFELFB
DSAA
 161 161
-0.75589045E+01  0.75589045E+01  0.94486307E-01
-0.75589045E+01  0.75589045E+01  0.94486307E-01
 0.00000000E+00  0.00000000E+00
[rows 132 to 153 of 161, columns 48 to 95 of 161]
0.78807497E-02 0.99685763E-02 0.12892085E-01 0.17189966E-01 0.23688343E-01 0.33641419E-01 0.48887617E-01 0.71931175E-01 0.10575851E+00 0.15313014E+00 0.21526476E+00 0.29043521E+00 0.37362347E+00 0.45796675E+00 0.53717546E+00 0.60723111E+00 0.66657681E+00 0.71532888E+00 0.75437492E+00 0.78480969E+00 0.80772339E+00 0.82417600E+00 0.83520686E+00 0.84181557E+00 0.84492240E+00 0.84534052E+00 0.84378112E+00 0.84088834E+00 0.83728219E+00 0.83358181E+00 0.83038881E+00 0.82822802E+00 0.82746401E+00 0.82822802E+00 0.83038881E+00 0.83358181E+00 0.83728219E+00 0.84088834E+00 0.84378112E+00 0.84534052E+00 0.84492240E+00 0.84181557E+00 0.83520686E+00 0.82417600E+00 0.80772339E+00 0.78480969E+00 0.75437492E+00 0.71532888E+00
0.87307088E-02 0.10124717E-01 0.11955491E-01 0.14562702E-01 0.18420822E-01 0.24228471E-01 0.33031607E-01 0.46363538E-01 0.66345258E-01 0.95613462E-01 0.13686648E+00 0.19187467E+00 0.26018073E+00 0.33831045E+00 0.42039335E+00 0.50007944E+00 0.57247058E+00 0.63492692E+00 0.68673968E+00 0.72836437E+00 0.76078154E+00 0.78514697E+00 0.80264972E+00 0.81445698E+00 0.82167890E+00 0.82533961E+00 0.82636222E+00 0.82557179E+00 0.82370867E+00 0.82143752E+00 0.81933811E+00 0.81787445E+00 0.81735103E+00 0.81787445E+00 0.81933811E+00 0.82143752E+00 0.82370867E+00 0.82557179E+00 0.82636222E+00 0.82533961E+00 0.82167890E+00 0.81445698E+00 0.80264972E+00 0.78514697E+00 0.76078154E+00 0.72836437E+00 0.68673968E+00 0.63492692E+00
0.10669268E-01 0.11482330E-01 0.12471324E-01 0.13898678E-01 0.16059531E-01 0.19340310E-01 0.24299245E-01 0.31768231E-01 0.42971637E-01 0.59632204E-01 0.83981110E-01 0.11851929E+00 0.16536026E+00 0.22516668E+00 0.29613809E+00 0.37386499E+00 0.45247872E+00 0.52647885E+00 0.59207890E+00 0.64750072E+00 0.69251860E+00 0.72782356E+00 0.75453965E+00 0.77394437E+00 0.78732651E+00 0.79591431E+00 0.80083840E+00 0.80311440E+00 0.80363650E+00 0.80317305E+00 0.80235674E+00 0.80166598E+00 0.80140144E+00 0.80166598E+00 0.80235674E+00 0.80317305E+00 0.80363650E+00 0.80311440E+00 0.80083840E+00 0.79591431E+00 0.78732651E+00 0.77394437E+00 0.75453965E+00 0.72782356E+00 0.69251860E+00 0.64750072E+00 0.59207890E+00 0.52647885E+00
0.14452267E-01 0.14688143E-01 0.14879894E-01 0.15310413E-01 0.16211716E-01 0.17816580E-01 0.20419595E-01 0.24444275E-01 0.30522656E-01 0.39590550E-01 0.52986241E-01 0.72506984E-01 0.10032478E+00 0.13861743E+00 0.18881899E+00 0.25064556E+00 0.32143944E+00 0.39647005E+00 0.47024565E+00 0.53807388E+00 0.59699035E+00 0.64581641E+00 0.68469691E+00 0.71454924E+00 0.73664400E+00 0.75234799E+00 0.76298586E+00 0.76977110E+00 0.77377267E+00 0.77589681E+00 0.77687274E+00 0.77723779E+00 0.77732229E+00 0.77723779E+00 0.77687274E+00 0.77589681E+00 0.77377267E+00 0.76977110E+00 0.76298586E+00 0.75234799E+00 0.73664400E+00 0.71454924E+00 0.68469691E+00 0.64581641E+00 0.59699035E+00 0.53807388E+00 0.47024565E+00 0.39647005E+00
0.21606289E-01 0.21170999E-01 0.20388690E-01 0.19678775E-01 0.19314728E-01 0.19484812E-01 0.20358741E-01 0.22145254E-01 0.25146324E-01 0.29817482E-01 0.36840795E-01 0.47208324E-01 0.62295060E-01 0.83865788E-01 0.11391527E+00 0.15422379E+00 0.20560427E+00 0.26708218E+00 0.33553823E+00 0.40626198E+00 0.47425677E+00 0.53555055E+00 0.58785363E+00 0.63048450E+00 0.66390283E+00 0.68919965E+00 0.70771448E+00 0.72080035E+00 0.72969712E+00 0.73546746E+00 0.73896377E+00 0.74080852E+00 0.74138097E+00 0.74080852E+00 0.73896377E+00 0.73546746E+00 0.72969712E+00 0.72080035E+00 0.70771448E+00 0.68919965E+00 0.66390283E+00 0.63048450E+00 0.58785363E+00 0.53555055E+00 0.47425677E+00 0.40626198E+00 0.33553823E+00 0.26708218E+00
0.35153958E-01 0.33930490E-01 0.31747281E-01 0.29343843E-01 0.27188793E-01 0.25546293E-01 0.24567365E-01 0.24364215E-01 0.25065789E-01 0.26863926E-01 0.30060068E-01 0.35120070E-01 0.42740072E-01 0.53916665E-01 0.69994578E-01 0.92632186E-01 0.12358975E+00 0.16425133E+00 0.21491226E+00 0.27411771E+00 0.33853608E+00 0.40366103E+00 0.46505546E+00 0.51944055E+00 0.56513444E+00 0.60186825E+00 0.63031032E+00 0.65159310E+00 0.66697057E+00 0.67761144E+00 0.68448803E+00 0.68832026E+00 0.68954834E+00 0.68832026E+00 0.68448803E+00 0.67761144E+00 0.66697057E+00 0.65159310E+00 0.63031032E+00 0.60186825E+00 0.56513444E+00 0.51944055E+00 0.46505546E+00 0.40366103E+00 0.33853608E+00 0.27411771E+00 0.21491226E+00 0.16425133E+00
0.60785908E-01 0.58937899E-01 0.54761210E-01 0.49591642E-01 0.44369796E-01 0.39658486E-01 0.35751979E-01 0.32785422E-01 0.30819620E-01 0.29902695E-01 0.30117078E-01 0.31620763E-01 0.34690471E-01 0.39772168E-01 0.47539609E-01 0.58951090E-01 0.75274032E-01 0.98016171E-01 0.12867641E+00 0.16825469E+00 0.21660021E+00 0.27191070E+00 0.33080621E+00 0.38912569E+00 0.44306346E+00 0.49001898E+00 0.52882544E+00 0.55947645E+00 0.58266249E+00 0.59935089E+00 0.61049360E+00 0.61685469E+00 0.61891979E+00 0.61685469E+00 0.61049360E+00 0.59935089E+00 0.58266249E+00 0.55947645E+00 0.52882544E+00 0.49001898E+00 0.44306346E+00 0.38912569E+00 0.33080621E+00 0.27191070E+00 0.21660021E+00 0.16825469E+00 0.12867641E+00 0.98016171E-01
0.10801453E+00 0.10681066E+00 0.10047031E+00 0.91165529E-01 0.80702746E-01 0.70362175E-01 0.60940268E-01 0.52860608E-01 0.46292897E-01 0.41257289E-01 0.37707812E-01 0.35596197E-01 0.34921271E-01 0.35770777E-01 0.38362610E-01 0.43090477E-01 0.50573623E-01 0.61698439E-01 0.77618604E-01 0.99652347E-01 0.12900136E+00 0.16626422E+00 0.21087159E+00 0.26076580E+00 0.31265710E+00 0.36284968E+00 0.40819922E+00 0.44669595E+00 0.47750673E+00 0.50065404E+00 0.51659805E+00 0.52588850E+00 0.52893559E+00 0.52588850E+00 0.51659805E+00 0.50065404E+00 0.47750673E+00 0.44669595E+00 0.40819922E+00 0.36284968E+00 0.31265710E+00 0.26076580E+00 0.21087159E+00 0.16626422E+00 0.12900136E+00 0.99652347E-01 0.77618604E-01 0.61698439E-01
0.18894355E+00 0.19199984E+00 0.18533799E+00 0.17173989E+00 0.15398761E+00 0.13449136E+00 0.11513471E+00 0.97233888E-01 0.81573659E-01 0.68499528E-01 0.58041794E-01 0.50043945E-01 0.44274386E-01 0.40512043E-01 0.38607311E-01 0.38526303E-01 0.40387986E-01 0.44501036E-01 0.51399876E-01 0.61865451E-01 0.76894697E-01 0.97559904E-01 0.12470151E+00 0.15846975E+00 0.19788484E+00 0.24071376E+00 0.28386397E+00 0.32414884E+00 0.35900255E+00 0.38680625E+00 0.40680045E+00 0.41877733E+00 0.42275880E+00 0.41877733E+00 0.40680045E+00 0.38680625E+00 0.35900255E+00 0.32414884E+00 0.28386397E+00 0.24071376E+00 0.19788484E+00 0.15846975E+00 0.12470151E+00 0.97559904E-01 0.76894697E-01 0.61865451E-01 0.51399876E-01 0.44501036E-01
0.31017589E+00 0.32305902E+00 0.32126563E+00 0.30735935E+00 0.28421410E+00 0.25479351E+00 0.22202930E+00 0.18864420E+00 0.15691939E+00 0.12849413E+00 0.10428649E+00 0.84563853E-01 0.69120694E-01 0.57488806E-01 0.49119194E-01 0.43509741E-01 0.40281902E-01 0.39223236E-01 0.40313301E-01 0.43743766E-01 0.49932213E-01 0.59512606E-01 0.73265028E-01 0.91934403E-01 0.11591119E+00 0.14483649E+00 0.17732190E+00 0.21101151E+00 0.24304028E+00 0.27066471E+00 0.29173773E+00 0.30486468E+00 0.30931401E+00 0.30486468E+00 0.29173773E+00 0.27066471E+00 0.24304028E+00 0.21101151E+00 0.17732190E+00 0.14483649E+00 0.11591119E+00 0.91934403E-01 0.73265028E-01 0.59512606E-01 0.49932213E-01 0.43743766E-01 0.40313301E-01 0.39223236E-01
0.45970106E+00 0.48510772E+00 0.49331991E+00 0.48645460E+00 0.46644061E+00 0.43514208E+00 0.39467920E+00 0.34769894E+00 0.29740744E+00 0.24726846E+00 0.20045206E+00 0.15928908E+00 0.12499191E+00 0.97725791E-01 0.76918391E-01 0.61627101E-01 0.50837649E-01 0.43653078E-01 0.39388240E-01 0.37603746E-01 0.38109793E-01 0.40957209E-01 0.46416123E-01 0.54923526E-01 0.66964642E-01 0.82855105E-01 0.10243552E+00 0.12478151E+00 0.14810724E+00 0.16999108E+00 0.18786436E+00 0.19954208E+00 0.20359809E+00 0.19954208E+00 0.18786436E+00 0.16999108E+00 0.14810724E+00 0.12478151E+00 0.10243552E+00 0.82855105E-01 0.66964642E-01 0.54923526E-01 0.46416123E-01 0.40957209E-01 0.38109793E-01 0.37603746E-01 0.39388240E-01 0.43653078E-01
0.60735817E+00 0.64087915E+00 0.65798287E+00 0.66105475E+00 0.65153204E+00 0.63006824E+00 0.59690138E+00 0.55236337E+00 0.49748306E+00 0.43451892E+00 0.36712552E+00 0.29990200E+00 0.23740293E+00 0.18308157E+00 0.13869053E+00 0.10432804E+00 0.78935549E-01 0.60914866E-01 0.48623538E-01 0.40664768E-01 0.36000360E-01 0.33955798E-01 0.34177515E-01 0.36574124E-01 0.41244067E-01 0.48369912E-01 0.58052377E-01 0.70079786E-01 0.83691063E-01 0.97464011E-01 0.10946649E+00 0.11769090E+00 0.12062038E+00 0.11769090E+00 0.10946649E+00 0.97464011E-01 0.83691063E-01 0.70079786E-01 0.58052377E-01 0.48369912E-01 0.41244067E-01 0.36574124E-01 0.34177515E-01 0.33955798E-01 0.36000360E-01 0.40664768E-01 0.48623538E-01 0.60914866E-01
0.72679315E+00 0.76098034E+00 0.78126516E+00 0.79050928E+00 0.79032729E+00 0.78127116E+00 0.76302679E+00 0.73463023E+00 0.69479818E+00 0.64247591E+00 0.57762253E+00 0.50204404E+00 0.41983572E+00 0.33695603E+00 0.25984352E+00 0.19363499E+00 0.14091636E+00 0.10161417E+00 0.73847303E-01 0.55048198E-01 0.42788144E-01 0.35158249E-01 0.30831198E-01 0.28975128E-01 0.29128652E-01 0.31076760E-01 0.34723811E-01 0.39944330E-01 0.46407117E-01 0.53416847E-01 0.59878101E-01 0.64491117E-01 0.66170731E-01 0.64491117E-01 0.59878101E-01 0.53416847E-01 0.46407117E-01 0.39944330E-01 0.34723811E-01 0.31076760E-01 0.29128652E-01 0.28975128E-01 0.30831198E-01 0.35158249E-01 0.42788144E-01 0.55048198E-01 0.73847303E-01 0.10161417E+00
0.81079245E+00 0.84104035E+00 0.86016436E+00 0.87112593E+00 0.87567954E+00 0.87462268E+00 0.86794487E+00 0.85489696E+00 0.83403567E+00 0.80332659E+00 0.76041682E+00 0.70319602E+00 0.63069839E+00 0.54423751E+00 0.44838017E+00 0.35093773E+00 0.26111087E+00 0.18623287E+00 0.12933471E+00 0.89249723E-01 0.62534616E-01 0.45400658E-01 0.34740030E-01 0.28365008E-01 0.24872438E-01 0.23416434E-01 0.23500987E-01 0.24808527E-01 0.27050224E-01 0.29836199E-01 0.32602980E-01 0.34667193E-01 0.35434987E-01 0.34667193E-01 0.32602980E-01 0.29836199E-01 0.27050224E-01 0.24808527E-01 0.23500987E-01 0.23416434E-01 0.24872438E-01 0.28365008E-01 0.34740030E-01 0.45400658E-01 0.62534616E-01 0.89249723E-01 0.12933471E+00 0.18623287E+00
0.86559834E+00 0.89087184E+00 0.90740360E+00 0.91794795E+00 0.92419420E+00 0.92703293E+00 0.92670581E+00 0.92287427E+00 0.91463727E+00 0.90051188E+00 0.87841170E+00 0.84569766E+00 0.79938316E+00 0.73657369E+00 0.65536110E+00 0.55657025E+00 0.44605241E+00 0.33520088E+00 0.23708175E+00 0.16024870E+00 0.10595401E+00 0.70325579E-01 0.48007471E-01 0.34393389E-01 0.26243961E-01 0.21506819E-01 0.18947782E-01 0.17830161E-01 0.17683374E-01 0.18144800E-01 0.18865556E-01 0.19493280E-01 0.19740467E-01 0.19493280E-01 0.18865556E-01 0.18144800E-01 0.17683374E-01 0.17830161E-01 0.18947782E-01 0.21506819E-01 0.26243961E-01 0.34393389E-01 0.48007471E-01 0.70325579E-01 0.10595401E+00 0.16024870E+00 0.23708175E+00 0.33520088E+00
0.90040363E+00 0.92143600E+00 0.93554514E+00 0.94518486E+00 0.95186890E+00 0.95641165E+00 0.95908414E+00 0.95973751E+00 0.95788546E+00 0.95270118E+00 0.94292622E+00 0.92676371E+00 0.90183458E+00 0.86517059E+00 0.81314641E+00 0.74162542E+00 0.64743225E+00 0.53216659E+00 0.40627084E+00 0.28730778E+00 0.19068095E+00 0.12183194E+00 0.77224329E-01 0.49946551E-01 0.33732063E-01 0.24191808E-01 0.18605444E-01 0.15378789E-01 0.13587945E-01 0.12678470E-01 0.12289096E-01 0.12166209E-01 0.12144957E-01 0.12166209E-01 0.12289096E-01 0.12678470E-01 0.13587945E-01 0.15378789E-01 0.18605444E-01 0.24191808E-01 0.33732063E-01 0.49946551E-01 0.77224329E-01 0.12183194E+00 0.19068095E+00 0.28730778E+00 0.40627084E+00 0.53216659E+00
0.92247946E+00 0.94041859E+00 0.95272777E+00 0.96157573E+00 0.96825787E+00 0.97340618E+00 0.97718459E+00 0.97950424E+00 0.98016758E+00 0.97885212E+00 0.97496731E+00 0.96748967E+00 0.95487597E+00 0.93507729E+00 0.90546004E+00 0.86233078E+00 0.80036111E+00 0.71341684E+00 0.59877739E+00 0.46401407E+00 0.32896472E+00 0.21544052E+00 0.13386232E+00 0.81614783E-01 0.50398299E-01 0.32339340E-01 0.21968463E-01 0.15980204E-01 0.12499200E-01 0.10483866E-01 0.93542848E-02 0.87872770E-02 0.86157070E-02 0.87872770E-02 0.93542848E-02 0.10483866E-01 0.12499200E-01 0.15980204E-01 0.21968463E-01 0.32339340E-01 0.50398299E-01 0.81614783E-01 0.13386232E+00 0.21544052E+00 0.32896472E+00 0.46401407E+00 0.59877739E+00 0.71341684E+00
0.93653294E+00 0.95240553E+00 0.96350865E+00 0.97177121E+00 0.97825972E+00 0.98338792E+00 0.98720321E+00 0.98969321E+00 0.99091190E+00 0.99088725E+00 0.98944781E+00 0.98606611E+00 0.97975835E+00 0.96910381E+00 0.95234886E+00 0.92722080E+00 0.89007319E+00 0.83486194E+00 0.75356819E+00 0.64038281E+00 0.50025080E+00 0.35411330E+00 0.22870713E+00 0.13855606E+00 0.81684135E-01 0.48513236E-01 0.29848319E-01 0.19423926E-01 0.13560661E-01 0.10240368E-01 0.83899894E-02 0.74538921E-02 0.71678541E-02 0.74538921E-02 0.83899894E-02 0.10240368E-01 0.13560661E-01 0.19423926E-01 0.29848319E-01 0.48513236E-01 0.81684135E-01 0.13855606E+00 0.22870713E+00 0.35411330E+00 0.50025080E+00 0.64038281E+00 0.75356819E+00 0.83486194E+00
0.94536383E+00 0.95996637E+00 0.97031634E+00 0.97815776E+00 0.98435283E+00 0.98913587E+00 0.99251594E+00 0.99461340E+00 0.99568216E+00 0.99593710E+00 0.99540557E+00 0.99383185E+00 0.99058907E+00 0.98464822E+00 0.97470918E+00 0.95931698E+00 0.93639851E+00 0.90207524E+00 0.84955705E+00 0.76956609E+00 0.65472255E+00 0.50930896E+00 0.35616677E+00 0.22537414E+00 0.13294356E+00 0.76053601E-01 0.43791865E-01 0.26166489E-01 0.16624495E-01 0.11450292E-01 0.86790948E-02 0.73181078E-02 0.69086926E-02 0.73181078E-02 0.86790948E-02 0.11450292E-01 0.16624495E-01 0.26166489E-01 0.43791865E-01 0.76053601E-01 0.13294356E+00 0.22537414E+00 0.35616677E+00 0.50930896E+00 0.65472255E+00 0.76956609E+00 0.84955705E+00 0.90207524E+00
0.95056376E+00 0.96450448E+00 0.97443941E+00 0.98199646E+00 0.98789595E+00 0.99227223E+00 0.99517019E+00 0.99684634E+00 0.99767275E+00 0.99793060E+00 0.99771495E+00 0.99689981E+00 0.99507470E+00 0.99147716E+00 0.98506798E+00 0.97476030E+00 0.95931234E+00 0.93642879E+00 0.90147849E+00 0.84663521E+00 0.76170874E+00 0.63951979E+00 0.48701864E+00 0.33112228E+00 0.20311775E+00 0.11631369E+00 0.64880746E-01 0.36683930E-01 0.21758614E-01 0.13951967E-01 0.99305237E-02 0.80184628E-02 0.74537250E-02 0.80184628E-02 0.99305237E-02 0.13951967E-01 0.21758614E-01 0.36683930E-01 0.64880746E-01 0.11631369E+00 0.20311775E+00 0.33112228E+00 0.48701864E+00 0.63951979E+00 0.76170874E+00 0.84663521E+00 0.90147849E+00 0.93642879E+00
0.95298879E+00 0.96676534E+00 0.97656710E+00 0.98398905E+00 0.98969395E+00 0.99378766E+00 0.99636903E+00 0.99778469E+00 0.99845889E+00 0.99868661E+00 0.99858018E+00 0.99807008E+00 0.99686220E+00 0.99436217E+00 0.98970662E+00 0.98200125E+00 0.97039524E+00 0.95344060E+00 0.92795182E+00 0.88796977E+00 0.82434920E+00 0.72669141E+00 0.59098369E+00 0.43141877E+00 0.28018020E+00 0.16511629E+00 0.91944597E-01 0.50645778E-01 0.28811431E-01 0.17610001E-01 0.11991596E-01 0.93846239E-02 0.86256726E-02 0.93846239E-02 0.11991596E-01 0.17610001E-01 0.28811431E-01 0.50645778E-01 0.91944597E-01 0.16511629E+00 0.28018020E+00 0.43141877E+00 0.59098369E+00 0.72669141E+00 0.82434920E+00 0.88796977E+00 0.92795182E+00 0.95344060E+00
0.95302940E+00 0.96710457E+00 0.97705105E+00 0.98451954E+00 0.99020314E+00 0.99422704E+00 0.99671972E+00 0.99806053E+00 0.99869140E+00 0.99891261E+00 0.99884387E+00 0.99843882E+00 0.99745520E+00 0.99538774E+00 0.99149156E+00 0.98500977E+00 0.97529603E+00 0.96130295E+00 0.94059861E+00 0.90843368E+00 0.85708183E+00 0.77635326E+00 0.65808255E+00 0.50672972E+00 0.34736221E+00 0.21311133E+00 0.12089159E+00 0.66444681E-01 0.37154686E-01 0.22149566E-01 0.14706738E-01 0.11297367E-01 0.10312967E-01 0.11297367E-01 0.14706738E-01 0.22149566E-01 0.37154686E-01 0.66444681E-01 0.12089159E+00 0.21311133E+00 0.34736221E+00 0.50672972E+00 0.65808255E+00 0.77635326E+00 0.85708183E+00 0.90843368E+00 0.94059861E+00 0.96130295E+00
