Basic/Day4/qtaim/urea/crystal/urea_cry_pl2d.SURFGKIN
DSAA
 161 161
-0.75589045E+01  0.75589045E+01  0.94486307E-01
-0.75589045E+01  0.75589045E+01  0.94486307E-01
 0.00000000E+00  0.00000000E+00
[rows 132 to 153 of 161, columns 0 to 47 of 161]
0.58031396E+01 0.66811131E+01 0.64461754E+01 0.52307565E+01 0.36435288E+01 0.22613521E+01 0.13213612E+01 0.77343480E+00 0.47518660E+00 0.31326380E+00 0.22277302E+00 0.16978883E+00 0.13626153E+00 0.11263282E+00 0.94202405E-01 0.78876425E-01 0.65769676E-01 0.54484138E-01 0.44803150E-01 0.36574731E-01 0.29664967E-01 0.23938445E-01 0.19252881E-01 0.15462112E-01 0.12422802E-01 0.10001331E-01 0.80788532E-02 0.65538537E-02 0.53424978E-02 0.43773887E-02 0.36054621E-02 0.29855826E-02 0.24862176E-02 0.20833880E-02 0.17589675E-02 0.14993305E-02 0.12943145E-02 0.11364525E-02 0.10204322E-02 0.94274279E-03 0.90148466E-03 0.89628930E-03 0.92835423E-03 0.10005457E-02 0.11175415E-02 0.12859761E-02 0.15145595E-02 0.18140995E-02
0.23071504E+01 0.25838261E+01 0.25103800E+01 0.21233485E+01 0.15963113E+01 0.11060281E+01 0.73851231E+00 0.49497769E+00 0.34250399E+00 0.24854854E+00 0.19010706E+00 0.15229492E+00 0.12591717E+00 0.10576639E+00 0.89220659E-01 0.75086369E-01 0.62835081E-01 0.52210324E-01 0.43058520E-01 0.35259936E-01 0.28698679E-01 0.23250702E-01 0.18782604E-01 0.15156664E-01 0.12238123E-01 0.99018720E-02 0.80370303E-02 0.65491205E-02 0.53601801E-02 0.44074854E-02 0.36415413E-02 0.30238442E-02 0.25247443E-02 0.21215714E-02 0.17970831E-02 0.15382290E-02 0.13351990E-02 0.11807154E-02 0.10695284E-02 0.99807633E-03 0.96428813E-03 0.96749479E-03 0.10084207E-02 0.10892490E-02 0.12137199E-02 0.13872488E-02 0.16170121E-02 0.19119917E-02
0.10273002E+01 0.11147855E+01 0.10917770E+01 0.96784344E+00 0.78964898E+00 0.60870001E+00 0.45640561E+00 0.34160587E+00 0.26029986E+00 0.20435675E+00 0.16571767E+00 0.13793517E+00 0.11659902E+00 0.99120708E-01 0.84174680E-01 0.71138750E-01 0.59719986E-01 0.49762004E-01 0.41158340E-01 0.33813398E-01 0.27624618E-01 0.22476828E-01 0.18244522E-01 0.14798325E-01 0.12012401E-01 0.97706513E-02 0.79706866E-02 0.65255231E-02 0.53634548E-02 0.44267427E-02 0.36697115E-02 0.30566929E-02 0.25600861E-02 0.21586702E-02 0.18362084E-02 0.15803371E-02 0.13817074E-02 0.12333389E-02 0.11301572E-02 0.10686705E-02 0.10467641E-02 0.10635896E-02 0.11195153E-02 0.12161406E-02 0.13563421E-02 0.15443415E-02 0.17857655E-02 0.20876858E-02
0.55140311E+00 0.58276946E+00 0.57460719E+00 0.52954118E+00 0.46089164E+00 0.38505777E+00 0.31456248E+00 0.25567426E+00 0.20955188E+00 0.17442019E+00 0.14744667E+00 0.12597683E+00 0.10809632E+00 0.92662512E-01 0.79079898E-01 0.67057629E-01 0.56447906E-01 0.47160628E-01 0.39121408E-01 0.32250677E-01 0.26454755E-01 0.21625269E-01 0.17643958E-01 0.14389888E-01 0.11746551E-01 0.96073233E-02 0.78787213E-02 0.64815982E-02 0.53507787E-02 0.44337307E-02 0.36887827E-02 0.30832592E-02 0.25917487E-02 0.21946074E-02 0.18767265E-02 0.16265514E-02 0.14353174E-02 0.12964781E-02 0.12052783E-02 0.11584490E-02 0.11539917E-02 0.11910367E-02 0.12697416E-02 0.13912432E-02 0.15576342E-02 0.17719693E-02 0.20382917E-02 0.23616461E-02
0.35279109E+00 0.36625173E+00 0.36277742E+00 0.34322820E+00 0.31213343E+00 0.27559888E+00 0.23902896E+00 0.20584219E+00 0.17735747E+00 0.15340448E+00 0.13312585E+00 0.11559858E+00 0.10013379E+00 0.86316466E-01 0.73927754E-01 0.62856878E-01 0.53041027E-01 0.44430880E-01 0.36971447E-01 0.30592393E-01 0.25205599E-01 0.20708273E-01 0.16989317E-01 0.13936619E-01 0.11443466E-01 0.94131136E-02 0.77612841E-02 0.64168792E-02 0.53214088E-02 0.44276700E-02 0.36981057E-02 0.31031401E-02 0.26196591E-02 0.22297099E-02 0.19194312E-02 0.16782072E-02 0.14980058E-02 0.13728743E-02 0.12985555E-02 0.12721953E-02 0.12921104E-02 0.13576047E-02 0.14688003E-02 0.16265095E-02 0.18321255E-02 0.20875501E-02 0.23951675E-02 0.27578447E-02
0.25857465E+00 0.26533828E+00 0.26360277E+00 0.25370254E+00 0.23743888E+00 0.21737188E+00 0.19596386E+00 0.17499172E+00 0.15539270E+00 0.13744747E+00 0.12108689E+00 0.10614344E+00 0.92479039E-01 0.80014146E-01 0.68712068E-01 0.58555614E-01 0.49528872E-01 0.41604955E-01 0.34738730E-01 0.28864415E-01 0.23897695E-01 0.19741179E-01 0.16291405E-01 0.13445678E-01 0.11107561E-01 0.91904889E-02 0.76195455E-02 0.63317449E-02 0.52753068E-02 0.44083770E-02 0.36975456E-02 0.31163896E-02 0.26441686E-02 0.22647144E-02 0.19655341E-02 0.17370933E-02 0.15722584E-02 0.14658638E-02 0.14143681E-02 0.14155677E-02 0.14683381E-02 0.15723907E-02 0.17280180E-02 0.19358612E-02 0.21966923E-02 0.25112485E-02 0.28801396E-02 0.33038329E-02
0.20845645E+00 0.21241413E+00 0.21140383E+00 0.20557068E+00 0.19570859E+00 0.18299179E+00 0.16863369E+00 0.15363002E+00 0.13866157E+00 0.12413205E+00 0.11026398E+00 0.97185909E-01 0.84983792E-01 0.73721877E-01 0.63447311E-01 0.54188728E-01 0.45953260E-01 0.38724049E-01 0.32459726E-01 0.27096740E-01 0.22554348E-01 0.18741240E-01 0.15562446E-01 0.12925363E-01 0.10744214E-01 0.89427598E-02 0.74554242E-02 0.62272387E-02 0.52130252E-02 0.43761955E-02 0.36874441E-02 0.31235013E-02 0.26660410E-02 0.23007644E-02 0.20166636E-02 0.18054406E-02 0.16610532E-02 0.15793523E-02 0.15577736E-02 0.15950487E-02 0.16909037E-02 0.18457354E-02 0.20602421E-02 0.23350577E-02 0.26704004E-02 0.30657916E-02 0.35198896E-02 0.40304651E-02
0.17762543E+00 0.18032853E+00 0.17964137E+00 0.17563512E+00 0.16870609E+00 0.15946772E+00 0.14860731E+00 0.13676616E+00 0.12447546E+00 0.11214462E+00 0.10007907E+00 0.88504952E-01 0.77589144E-01 0.67452380E-01 0.58176848E-01 0.49810275E-01 0.42368269E-01 0.35836626E-01 0.30174843E-01 0.25321306E-01 0.21199754E-01 0.17726148E-01 0.14814976E-01 0.12384295E-01 0.10359193E-01 0.86736815E-02 0.72713154E-02 0.61048886E-02 0.51355917E-02 0.43319248E-02 0.36685732E-02 0.31253761E-02 0.26864355E-02 0.23393895E-02 0.20748358E-02 0.18858847E-02 0.17678069E-02 0.17177388E-02 0.17344036E-02 0.18178059E-02 0.19688671E-02 0.21889912E-02 0.24795462E-02 0.28413298E-02 0.32740502E-02 0.37759115E-02 0.43433681E-02 0.49710968E-02
0.15510379E+00 0.15718212E+00 0.15665515E+00 0.15356433E+00 0.14814470E+00 0.14077638E+00 0.13191618E+00 0.12203267E+00 0.11155995E+00 0.10087351E+00 0.90282898E-01 0.80033966E-01 0.70314970E-01 0.61263205E-01 0.52970819E-01 0.45489660E-01 0.38835747E-01 0.32994171E-01 0.27924870E-01 0.23569227E-01 0.19856951E-01 0.16712554E-01 0.14060791E-01 0.11830697E-01 0.99581474E-02 0.83871070E-02 0.70698563E-02 0.59665504E-02 0.50444061E-02 0.42767502E-02 0.36420923E-02 0.31232925E-02 0.27068723E-02 0.23824663E-02 0.21424043E-02 0.19813950E-02 0.18962750E-02 0.18857787E-02 0.19502782E-02 0.20914451E-02 0.23117946E-02 0.26141032E-02 0.30006980E-02 0.34727077E-02 0.40293404E-02 0.46673125E-02 0.53805308E-02 0.61600921E-02
0.13627095E+00 0.13797465E+00 0.13754324E+00 0.13500515E+00 0.13052364E+00 0.12437075E+00 0.11688828E+00 0.10844644E+00 0.99408889E-01 0.90108045E-01 0.80831009E-01 0.71813601E-01 0.63239802E-01 0.55244163E-01 0.47915719E-01 0.41302733E-01 0.35418152E-01 0.30245795E-01 0.25747108E-01 0.21868112E-01 0.18545998E-01 0.15714850E-01 0.13310136E-01 0.11271831E-01 0.95462355E-02 0.80867295E-02 0.68537496E-02 0.58142885E-02 0.49411560E-02 0.42121877E-02 0.36095011E-02 0.31188629E-02 0.27291872E-02 0.24321613E-02 0.22219814E-02 0.20951652E-02 0.20504014E-02 0.20883774E-02 0.22115276E-02 0.24236398E-02 0.27292726E-02 0.31329792E-02 0.36383507E-02 0.42469975E-02 0.49575821E-02 0.57650770E-02 0.66603970E-02 0.76305010E-02
0.11937537E+00 0.12080678E+00 0.12044455E+00 0.11831029E+00 0.11452899E+00 0.10931241E+00 0.10293312E+00 0.95695003E-01 0.87905685E-01 0.79854505E-01 0.71797325E-01 0.63947806E-01 0.56473881E-01 0.49497986E-01 0.43099862E-01 0.37321130E-01 0.32171081E-01 0.27633225E-01 0.23672129E-01 0.20240027E-01 0.17282712E-01 0.14744377E-01 0.12571201E-01 0.10713683E-01 0.91279053E-02 0.77759338E-02 0.66256587E-02 0.56502959E-02 0.48277612E-02 0.41400337E-02 0.35725954E-02 0.31139846E-02 0.27554716E-02 0.24908517E-02 0.23163305E-02 0.22304663E-02 0.22341155E-02 0.23303146E-02 0.25240215E-02 0.28216375E-02 0.32302585E-02 0.37566466E-02 0.44059600E-02 0.51804017E-02 0.60779621E-02 0.70915061E-02 0.82084286E-02 0.94110347E-02
0.10387093E+00 0.10507767E+00 0.10477240E+00 0.10297235E+00 0.99777622E-01 0.95359312E-01 0.89940482E-01 0.83773627E-01 0.77118456E-01 0.70222852E-01 0.63308598E-01 0.56562241E-01 0.50130626E-01 0.44120249E-01 0.38599525E-01 0.33603100E-01 0.29137482E-01 0.25187330E-01 0.21721796E-01 0.18700406E-01 0.16078093E-01 0.13809139E-01 0.11849969E-01 0.10160870E-01 0.87068341E-02 0.74577476E-02 0.63881625E-02 0.54768589E-02 0.47063342E-02 0.40623255E-02 0.35334206E-02 0.31107835E-02 0.27879989E-02 0.25610262E-02 0.24282326E-02 0.23904637E-02 0.24510851E-02 0.26159111E-02 0.28929202E-02 0.32916645E-02 0.38222996E-02 0.44942368E-02 0.53144788E-02 0.62858598E-02 0.74054576E-02 0.86635493E-02 0.10043483E-01 0.11522749E-01
0.89689481E-01 0.90699787E-01 0.90444253E-01 0.88936848E-01 0.86258839E-01 0.82549812E-01 0.77992990E-01 0.72797467E-01 0.67180108E-01 0.61349461E-01 0.55493174E-01 0.49769544E-01 0.44303140E-01 0.39183947E-01 0.34469312E-01 0.30187861E-01 0.26344628E-01 0.22926694E-01 0.19908726E-01 0.17257983E-01 0.14938446E-01 0.12913959E-01 0.11150362E-01 0.96167441E-02 0.82859955E-02 0.71348722E-02 0.61437678E-02 0.52963462E-02 0.45791570E-02 0.39813060E-02 0.34942231E-02 0.31115486E-02 0.28291380E-02 0.26451711E-02 0.25603326E-02 0.25780123E-02 0.27044411E-02 0.29486581E-02 0.33221844E-02 0.38382787E-02 0.45106880E-02 0.53518956E-02 0.63709667E-02 0.75712943E-02 0.89486585E-02 0.10490187E-01 0.12174878E-01 0.13976292E-01
0.76919678E-01 0.77756032E-01 0.77544523E-01 0.76296441E-01 0.74077558E-01 0.71001135E-01 0.67216410E-01 0.62894453E-01 0.58213505E-01 0.53345677E-01 0.48446314E-01 0.43646707E-01 0.39050222E-01 0.34731504E-01 0.30738137E-01 0.27094053E-01 0.23803955E-01 0.20858121E-01 0.18237047E-01 0.15915536E-01 0.13866014E-01 0.12060976E-01 0.10474596E-01 0.90836359E-02 0.78678062E-02 0.68097718E-02 0.58949473E-02 0.51112164E-02 0.44486652E-02 0.38993872E-02 0.34573959E-02 0.31186598E-02 0.28812588E-02 0.27456469E-02 0.27149807E-02 0.27954484E-02 0.29965023E-02 0.33308577E-02 0.38141019E-02 0.44637546E-02 0.52976694E-02 0.63317781E-02 0.75773331E-02 0.90380678E-02 0.10707926E-01 0.12570344E-01 0.14600343E-01 0.16770685E-01
0.65653642E-01 0.66337752E-01 0.66164765E-01 0.65143709E-01 0.63327199E-01 0.60805992E-01 0.57699950E-01 0.54146857E-01 0.50290708E-01 0.46270953E-01 0.42213800E-01 0.38226186E-01 0.34392542E-01 0.30774110E-01 0.27410320E-01 0.24321617E-01 0.21513122E-01 0.18978556E-01 0.16704001E-01 0.14671153E-01 0.12859924E-01 0.11250317E-01 0.98236395E-02 0.85631523E-02 0.74543190E-02 0.64847800E-02 0.56441920E-02 0.49240308E-02 0.43174308E-02 0.38191117E-02 0.34254219E-02 0.31345117E-02 0.29466369E-02 0.28645715E-02 0.28940843E-02 0.30444031E-02 0.33285416E-02 0.37633246E-02 0.43689105E-02 0.51676105E-02 0.61818599E-02 0.74313465E-02 0.89295160E-02 0.10680059E-01 0.12674420E-01 0.14892021E-01 0.17305585E-01 0.19894045E-01
0.55918962E-01 0.56472839E-01 0.56332803E-01 0.55505971E-01 0.54033841E-01 0.51988080E-01 0.49463513E-01 0.46569390E-01 0.43420196E-01 0.40127133E-01 0.36791193E-01 0.33498303E-01 0.30316705E-01 0.27296378E-01 0.24470125E-01 0.21855828E-01 0.19459365E-01 0.17277722E-01 0.15301949E-01 0.13519697E-01 0.11917223E-01 0.10480814E-01 0.91976926E-02 0.80564894E-02 0.70474100E-02 0.61622061E-02 0.53940596E-02 0.47374604E-02 0.41881407E-02 0.37431091E-02 0.34008125E-02 0.31614405E-02 0.30273683E-02 0.30037199E-02 0.30989960E-02 0.33256753E-02 0.37006396E-02 0.42452206E-02 0.49846144E-02 0.59464117E-02 0.71580534E-02 0.86432127E-02 0.10417417E-01 0.12483785E-01 0.14830535E-01 0.17433187E-01 0.20265740E-01 0.23325408E-01
0.47662976E-01 0.48108333E-01 0.47995753E-01 0.47330772E-01 0.46145693E-01 0.44496364E-01 0.42456810E-01 0.40112525E-01 0.37553363E-01 0.34866931E-01 0.32133161E-01 0.29420489E-01 0.26783755E-01 0.24263714E-01 0.21887852E-01 0.19672122E-01 0.17623194E-01 0.15740871E-01 0.14020357E-01 0.12454205E-01 0.11033843E-01 0.97506490E-02 0.85966155E-02 0.75647015E-02 0.66489413E-02 0.58444218E-02 0.51472070E-02 0.45542815E-02 0.40635666E-02 0.36740491E-02 0.33860524E-02 0.32016617E-02 0.31253053E-02 0.31644662E-02 0.33304639E-02 0.36391984E-02 0.41116795E-02 0.47740914E-02 0.56570859E-02 0.67939752E-02 0.82175824E-02 0.99557405E-02 0.12025869E-01 0.14429889E-01 0.17152085E-01 0.20164685E-01 0.23448422E-01 0.27035693E-01
0.40766317E-01 0.41123528E-01 0.41033248E-01 0.40499740E-01 0.39547907E-01 0.38220853E-01 0.36575829E-01 0.34679134E-01 0.32600704E-01 0.30409046E-01 0.28167044E-01 0.25928987E-01 0.23738906E-01 0.21630142E-01 0.19625930E-01 0.17740698E-01 0.15981773E-01 0.14351204E-01 0.12847490E-01 0.11467054E-01 0.10205394E-01 0.90578827E-02 0.80202659E-02 0.70889105E-02 0.62608798E-02 0.55339164E-02 0.49064027E-02 0.43773589E-02 0.39465298E-02 0.36145976E-02 0.33835514E-02 0.32572293E-02 0.32420319E-02 0.33477832E-02 0.35886702E-02 0.39841370E-02 0.45595255E-02 0.53461653E-02 0.63805323E-02 0.77020692E-02 0.93493459E-02 0.11354533E-01 0.13736757E-01 0.16496124E-01 0.19612289E-01 0.23054990E-01 0.26817810E-01 0.30986617E-01
0.35067913E-01 0.35355154E-01 0.35282573E-01 0.34853443E-01 0.34086874E-01 0.33015992E-01 0.31684897E-01 0.30144825E-01 0.28450058E-01 0.26654065E-01 0.24806303E-01 0.22949900E-01 0.21120344E-01 0.19345102E-01 0.17644018E-01 0.16030261E-01 0.14511595E-01 0.13091747E-01 0.11771709E-01 0.10550842E-01 0.94277411E-02 0.84008330E-02 0.74687382E-02 0.66304470E-02 0.58853687E-02 0.52333208E-02 0.46745186E-02 0.42096184E-02 0.38398648E-02 0.35673792E-02 0.33956193E-02 0.33300307E-02 0.33788911E-02 0.35543199E-02 0.38733817E-02 0.43591397E-02 0.50414221E-02 0.59569486E-02 0.71483594E-02 0.86616384E-02 0.10541519E-01 0.12824785E-01 0.15532228E-01 0.18661621E-01 0.22187231E-01 0.26076495E-01 0.30339911E-01 0.35129666E-01
0.30389997E-01 0.30622765E-01 0.30563962E-01 0.30216105E-01 0.29593886E-01 0.28722824E-01 0.27636973E-01 0.26376050E-01 0.24982338E-01 0.23497767E-01 0.21961451E-01 0.20407902E-01 0.18865979E-01 0.17358553E-01 0.15902764E-01 0.14510707E-01 0.13190369E-01 0.11946651E-01 0.10782345E-01 0.96989652E-02 0.86973911E-02 0.77783161E-02 0.69425069E-02 0.61909247E-02 0.55247558E-02 0.49454047E-02 0.44545075E-02 0.40540145E-02 0.37463888E-02 0.35349605E-02 0.34244710E-02 0.34218286E-02 0.35370803E-02 0.37845732E-02 0.41842277E-02 0.47627647E-02 0.55546170E-02 0.66021170E-02 0.79544157E-02 0.96645102E-02 0.11783843E-01 0.14354323E-01 0.17398656E-01 0.20912002E-01 0.24862257E-01 0.29213009E-01 0.33990185E-01 0.39411219E-01
0.26557602E-01 0.26748617E-01 0.26700374E-01 0.26414822E-01 0.25903368E-01 0.25185856E-01 0.24288844E-01 0.23243432E-01 0.22082918E-01 0.20840553E-01 0.19547652E-01 0.18232193E-01 0.16917974E-01 0.15624311E-01 0.14366203E-01 0.13154816E-01 0.11998186E-01 0.10901978E-01 0.98702277E-02 0.89059659E-02 0.80117063E-02 0.71897740E-02 0.64424924E-02 0.57722644E-02 0.51815872E-02 0.46730510E-02 0.42493717E-02 0.39135048E-02 0.36688893E-02 0.35198611E-02 0.34722752E-02 0.35343619E-02 0.37178256E-02 0.40391614E-02 0.45211086E-02 0.51940691E-02 0.60971918E-02 0.72786592E-02 0.87945368E-02 0.10705434E-01 0.13070291E-01 0.15937014E-01 0.19330944E-01 0.23244744E-01 0.27638625E-01 0.32468179E-01 0.37764953E-01 0.43790334E-01
0.23411165E-01 0.23570543E-01 0.23530299E-01 0.23291972E-01 0.22864569E-01 0.22263784E-01 0.21510689E-01 0.20630067E-01 0.19648601E-01 0.18593143E-01 0.17489227E-01 0.16359957E-01 0.15225322E-01 0.14101927E-01 0.13003084E-01 0.11939166E-01 0.10918133E-01 0.99461071E-02 0.90279400E-02 0.81676905E-02 0.73689961E-02 0.66353166E-02 0.59700686E-02 0.53766767E-02 0.48585781E-02 0.44192263E-02 0.40621390E-02 0.37910398E-02 0.36101400E-02 0.35246066E-02 0.35412574E-02 0.36695166E-02 0.39226418E-02 0.43192028E-02 0.48847288E-02 0.56533421E-02 0.66690524E-02 0.79861927E-02 0.96682632E-02 0.11784299E-01 0.14401853E-01 0.17576211E-01 0.21336720E-01 0.25674243E-01 0.30539851E-01 0.35874361E-01 0.41696529E-01 0.48269991E-01
