Basic/Day4/qtaim/urea/molecule/urea_mol_pl2d.SURFGRHO
DSAA
 161 161
-0.75589045E+01  0.75589045E+01  0.94486307E-01
-0.75589045E+01  0.75589045E+01  0.94486307E-01
 0.00000000E+00  0.00000000E+00
[rows 22 to 43 of 161, columns 96 to 143 of 161]
0.33055860E-02 0.27923342E-02 0.23306504E-02 0.19218029E-02 0.15653181E-02 0.12592387E-02 0.10004259E-02 0.78487970E-03 0.60805638E-03 0.46515772E-03 0.35138109E-03 0.26211942E-03 0.19310803E-03 0.14052088E-03 0.10101913E-03 0.71763493E-04 0.50396049E-04 0.35001960E-04 0.24058840E-04 0.16380576E-04 0.11060760E-04 0.74195816E-05 0.49561913E-05 0.33079507E-05 0.22166126E-05 0.15011454E-05 0.10364640E-05 0.73720833E-06 0.54557847E-06 0.42283912E-06 0.34325291E-06 0.29011438E-06 0.25292295E-06 0.22528648E-06 0.20340370E-06 0.18504321E-06 0.16889405E-06 0.15422555E-06 0.14060301E-06 0.12779780E-06 0.11570217E-06 0.10425808E-06 0.93446109E-07 0.83322652E-07 0.73869049E-07 0.65101456E-07 0.57029030E-07 0.49648615E-07
0.44680830E-02 0.37845541E-02 0.31673041E-02 0.26186069E-02 0.21384076E-02 0.17246273E-02 0.13735378E-02 0.10801750E-02 0.83875534E-03 0.64306701E-03 0.48681378E-03 0.36389515E-03 0.26861794E-03 0.19583845E-03 0.14104255E-03 0.10037070E-03 0.70603307E-04 0.49115103E-04 0.33811221E-04 0.23054076E-04 0.15588516E-04 0.10470484E-04 0.70027589E-05 0.46792891E-05 0.31389194E-05 0.21279644E-05 0.14707981E-05 0.10473323E-05 0.77609941E-06 0.60236239E-06 0.48969993E-06 0.41444244E-06 0.36171243E-06 0.32246401E-06 0.29132545E-06 0.26514790E-06 0.24209908E-06 0.22112458E-06 0.20161903E-06 0.18328388E-06 0.16595013E-06 0.14956034E-06 0.13406506E-06 0.11955390E-06 0.10600127E-06 0.93430648E-07 0.81855398E-07 0.71269475E-07
0.59508651E-02 0.50549278E-02 0.42425084E-02 0.35173754E-02 0.28802496E-02 0.23291438E-02 0.18598122E-02 0.14662675E-02 0.11413171E-02 0.87708114E-03 0.66545601E-03 0.49850172E-03 0.36874082E-03 0.26936647E-03 0.19436548E-03 0.13856904E-03 0.97643339E-04 0.68039418E-04 0.46914327E-04 0.32037898E-04 0.21695353E-04 0.14593201E-04 0.97735623E-05 0.65395660E-05 0.43927072E-05 0.29820851E-05 0.20642762E-05 0.14724561E-05 0.10933187E-05 0.85039961E-06 0.69280662E-06 0.58742825E-06 0.51345759E-06 0.45825946E-06 0.41434446E-06 0.37732952E-06 0.34466855E-06 0.31489780E-06 0.28719469E-06 0.26111833E-06 0.23645476E-06 0.21311213E-06 0.19109923E-06 0.17039976E-06 0.15110002E-06 0.13319659E-06 0.11670889E-06 0.10163859E-06
0.78104388E-02 0.66544215E-02 0.56016054E-02 0.46578650E-02 0.38251810E-02 0.31019894E-02 0.24836976E-02 0.19633077E-02 0.15320922E-02 0.11802627E-02 0.89758500E-03 0.67390384E-03 0.49955881E-03 0.36568223E-03 0.26438549E-03 0.18884585E-03 0.13331368E-03 0.93058020E-04 0.64273625E-04 0.43964431E-04 0.29819043E-04 0.20088691E-04 0.13474743E-04 0.90299802E-05 0.60752898E-05 0.41315450E-05 0.28656640E-05 0.20488717E-05 0.15253868E-05 0.11899029E-05 0.97207507E-06 0.82618414E-06 0.72350457E-06 0.64662169E-06 0.58523200E-06 0.53331700E-06 0.48738629E-06 0.44543730E-06 0.40634799E-06 0.36952002E-06 0.33466508E-06 0.30167418E-06 0.27052770E-06 0.24125880E-06 0.21395711E-06 0.18862765E-06 0.16529850E-06 0.14397241E-06
0.10103876E-01 0.86350883E-02 0.72914597E-02 0.60816668E-02 0.50095490E-02 0.40744252E-02 0.32716446E-02 0.25933114E-02 0.20291069E-02 0.15671338E-02 0.11947139E-02 0.89908712E-03 0.66797801E-03 0.49001525E-03 0.35500508E-03 0.25407358E-03 0.17970057E-03 0.12566723E-03 0.86949943E-04 0.59577963E-04 0.40477238E-04 0.27314605E-04 0.18352507E-04 0.12320227E-04 0.83044543E-05 0.56594215E-05 0.39351548E-05 0.28218638E-05 0.21080466E-05 0.16503457E-05 0.13528352E-05 0.11531213E-05 0.10120699E-05 0.90599793E-06 0.82092142E-06 0.74868841E-06 0.68457914E-06 0.62589174E-06 0.57111759E-06 0.51945725E-06 0.47053072E-06 0.42419998E-06 0.38045809E-06 0.33935938E-06 0.30095544E-06 0.26535674E-06 0.23256573E-06 0.20258689E-06
0.12886604E-01 0.11047938E-01 0.93585341E-02 0.78305501E-02 0.64703436E-02 0.52786789E-02 0.42512598E-02 0.33795214E-02 0.26515946E-02 0.20533397E-02 0.15693570E-02 0.11838980E-02 0.88162289E-03 0.64817833E-03 0.47059037E-03 0.33748528E-03 0.23916499E-03 0.16756957E-03 0.11615663E-03 0.79734253E-04 0.54268244E-04 0.36686633E-04 0.24694821E-04 0.16610127E-04 0.11220115E-04 0.76654380E-05 0.53459434E-05 0.38473647E-05 0.28860673E-05 0.22692380E-05 0.18677039E-05 0.15973584E-05 0.14055792E-05 0.12605970E-05 0.11436932E-05 0.10439747E-05 0.95514841E-06 0.87362002E-06 0.79739098E-06 0.72540986E-06 0.65718653E-06 0.59255140E-06 0.53150894E-06 0.47414321E-06 0.42053653E-06 0.37083722E-06 0.32504123E-06 0.28317732E-06
0.16210576E-01 0.13940856E-01 0.11846813E-01 0.99445497E-02 0.82435282E-02 0.67465511E-02 0.54501788E-02 0.43455240E-02 0.34193202E-02 0.26551443E-02 0.20346606E-02 0.15387794E-02 0.11486501E-02 0.84644012E-03 0.61588429E-03 0.44261608E-03 0.31430644E-03 0.22065083E-03 0.15324575E-03 0.10539258E-03 0.71866878E-04 0.48676679E-04 0.32830940E-04 0.22130123E-04 0.14985231E-04 0.10267261E-04 0.71857413E-05 0.51935973E-05 0.39150702E-05 0.30939694E-05 0.25583869E-05 0.21964482E-05 0.19383183E-05 0.17419533E-05 0.15826398E-05 0.14460260E-05 0.13238364E-05 0.12113587E-05 0.11059844E-05 0.10063550E-05 0.91184918E-06 0.82226826E-06 0.73763919E-06 0.65809191E-06 0.58377762E-06 0.51480896E-06 0.45129813E-06 0.39321856E-06
0.20123459E-01 0.17357022E-01 0.14795881E-01 0.12459997E-01 0.10362200E-01 0.85077958E-02 0.68947058E-02 0.55141423E-02 0.43517060E-02 0.33887566E-02 0.26038944E-02 0.19743945E-02 0.14774761E-02 0.10913301E-02 0.79587053E-03 0.57321147E-03 0.40789841E-03 0.28693850E-03 0.19968092E-03 0.13759867E-03 0.94014071E-04 0.63806867E-04 0.43128350E-04 0.29140039E-04 0.19785888E-04 0.13601303E-04 0.95581715E-05 0.69428519E-05 0.52635227E-05 0.41838367E-05 0.34777727E-05 0.29984737E-05 0.26544555E-05 0.23908435E-05 0.21754721E-05 0.19896962E-05 0.18227892E-05 0.16686617E-05 0.15239625E-05 0.13869658E-05 0.12569037E-05 0.11335552E-05 0.10169891E-05 0.90740050E-06 0.80500852E-06 0.70997411E-06 0.62245264E-06 0.54240941E-06
0.24669532E-01 0.21334346E-01 0.18239542E-01 0.15407766E-01 0.12854766E-01 0.10588404E-01 0.86082942E-02 0.69061560E-02 0.54667872E-02 0.42695021E-02 0.32898114E-02 0.25011416E-02 0.18764156E-02 0.13893754E-02 0.10155841E-02 0.73309259E-03 0.52279732E-03 0.36853769E-03 0.25699513E-03 0.17745704E-03 0.12149926E-03 0.82638779E-04 0.55986507E-04 0.37925907E-04 0.25830144E-04 0.17823075E-04 0.12584057E-04 0.91934053E-05 0.70150651E-05 0.56126391E-05 0.46926107E-05 0.40646189E-05 0.36104987E-05 0.32596238E-05 0.29707143E-05 0.27198930E-05 0.24934551E-05 0.22836497E-05 0.20862399E-05 0.18990744E-05 0.17212287E-05 0.15524757E-05 0.13929534E-05 0.12429540E-05 0.11027904E-05 0.97269152E-06 0.85286174E-06 0.74327677E-06
0.29892892E-01 0.25906418E-01 0.22205357E-01 0.18812033E-01 0.15743352E-01 0.13008947E-01 0.10609992E-01 0.85389259E-02 0.67800529E-02 0.53108775E-02 0.41038963E-02 0.31285716E-02 0.23532400E-02 0.17467714E-02 0.12798707E-02 0.92598329E-03 0.66181898E-03 0.46754713E-03 0.32673288E-03 0.22609207E-03 0.15513489E-03 0.10575724E-03 0.71827086E-04 0.48794587E-04 0.33345665E-04 0.23106860E-04 0.16402522E-04 0.12061673E-04 0.92712332E-05 0.74716883E-05 0.62865258E-05 0.54722151E-05 0.48782702E-05 0.44150605E-05 0.40303641E-05 0.36940541E-05 0.33888781E-05 0.31051199E-05 0.28375119E-05 0.25834263E-05 0.23417837E-05 0.21123808E-05 0.18954662E-05 0.16914708E-05 0.15008377E-05 0.13239180E-05 0.11608972E-05 0.10118316E-05
0.35843206E-01 0.31105249E-01 0.26715394E-01 0.22689808E-01 0.19042674E-01 0.15783159E-01 0.12912978E-01 0.10425028E-01 0.83032415E-02 0.65235370E-02 0.50555404E-02 0.38647335E-02 0.29146701E-02 0.21689967E-02 0.15931000E-02 0.11553004E-02 0.82758827E-03 0.58595189E-03 0.41037523E-03 0.28459755E-03 0.19572285E-03 0.13374862E-03 0.91080508E-04 0.62066044E-04 0.42576064E-04 0.29644922E-04 0.21172250E-04 0.15684653E-04 0.12154756E-04 0.98734691E-05 0.83638562E-05 0.73185299E-05 0.65485148E-05 0.59417316E-05 0.54330879E-05 0.49851224E-05 0.45764442E-05 0.41950662E-05 0.38345548E-05 0.34917707E-05 0.31654982E-05 0.28556076E-05 0.25625168E-05 0.22868524E-05 0.20292350E-05 0.17901474E-05 0.15698434E-05 0.13683943E-05
0.42583667E-01 0.36965726E-01 0.31788252E-01 0.27051366E-01 0.22759509E-01 0.18916909E-01 0.15523327E-01 0.12571000E-01 0.10043184E-01 0.79142787E-02 0.61511913E-02 0.47154832E-02 0.35658284E-02 0.26603898E-02 0.19588445E-02 0.14239151E-02 0.10223650E-02 0.72549894E-03 0.50925304E-03 0.35397658E-03 0.24401342E-03 0.16717389E-03 0.11416906E-03 0.78063606E-04 0.53776188E-04 0.37646365E-04 0.27072826E-04 0.20223044E-04 0.15813514E-04 0.12956083E-04 0.11054191E-04 0.97251939E-05 0.87351853E-05 0.79461012E-05 0.72780317E-05 0.66850749E-05 0.61411361E-05 0.56316643E-05 0.51489470E-05 0.46893220E-05 0.42514911E-05 0.38354708E-05 0.34419287E-05 0.30717635E-05 0.27258338E-05 0.24047962E-05 0.21089920E-05 0.18385076E-05
0.50199926E-01 0.43531099E-01 0.37442045E-01 0.31901498E-01 0.26892823E-01 0.22407646E-01 0.18439109E-01 0.14976313E-01 0.12000778E-01 0.94851054E-02 0.73935338E-02 0.56837984E-02 0.43096846E-02 0.32237102E-02 0.23795415E-02 0.17338976E-02 0.12478539E-02 0.88755900E-03 0.62444803E-03 0.43507102E-03 0.30065829E-03 0.20653738E-03 0.14148714E-03 0.97102513E-04 0.67206719E-04 0.47336149E-04 0.34306814E-04 0.25865214E-04 0.20425664E-04 0.16888760E-04 0.14517929E-04 0.12843607E-04 0.11580574E-04 0.10561365E-04 0.96893217E-05 0.89091127E-05 0.81893780E-05 0.75127743E-05 0.68702398E-05 0.62576353E-05 0.56736554E-05 0.51185736E-05 0.45934187E-05 0.40994583E-05 0.36378648E-05 0.32095202E-05 0.28149025E-05 0.24540272E-05
0.58807872E-01 0.50858189E-01 0.43697595E-01 0.37241199E-01 0.31434383E-01 0.26244307E-01 0.21649873E-01 0.17632637E-01 0.14170177E-01 0.11232430E-01 0.87807672E-02 0.67691517E-02 0.51465301E-02 0.38597142E-02 0.28561575E-02 0.20862581E-02 0.15050107E-02 0.10729827E-02 0.75668859E-03 0.52848950E-03 0.36615974E-03 0.25225287E-03 0.17337976E-03 0.11947775E-03 0.83128936E-04 0.58954867E-04 0.43103011E-04 0.32832591E-04 0.26206049E-04 0.21878602E-04 0.18953012E-04 0.16861464E-04 0.15261524E-04 0.13953186E-04 0.12821400E-04 0.11800516E-04 0.10853481E-04 0.99599962E-05 0.91096605E-05 0.82979270E-05 0.75236353E-05 0.67874619E-05 0.60909537E-05 0.54358635E-05 0.48237722E-05 0.42558465E-05 0.37327017E-05 0.32543376E-05
0.68557261E-01 0.59020353E-01 0.50580642E-01 0.43069116E-01 0.36369535E-01 0.30407555E-01 0.25136485E-01 0.20523426E-01 0.16538254E-01 0.13146489E-01 0.10306033E-01 0.79669872E-02 0.60735255E-02 0.45667749E-02 0.33878807E-02 0.24807046E-02 0.17938545E-02 0.12819602E-02 0.90624633E-03 0.63453238E-03 0.44081768E-03 0.30460878E-03 0.21012122E-03 0.14545255E-03 0.10180072E-03 0.72760331E-04 0.53721786E-04 0.41387133E-04 0.33414529E-04 0.28179101E-04 0.24603159E-04 0.22010534E-04 0.19996662E-04 0.18326484E-04 0.16865269E-04 0.15536399E-04 0.14296870E-04 0.13123386E-04 0.12004299E-04 0.10934840E-04 0.99141898E-05 0.89436414E-05 0.80254205E-05 0.71619269E-05 0.63552753E-05 0.56069743E-05 0.49178014E-05 0.42877133E-05
0.79627744E-01 0.68105890E-01 0.58121567E-01 0.49381845E-01 0.41677611E-01 0.34870069E-01 0.28871232E-01 0.23623835E-01 0.19084354E-01 0.15211016E-01 0.11957045E-01 0.92683522E-02 0.70843568E-02 0.53405799E-02 0.39718660E-02 0.29154348E-02 0.21133033E-02 0.15138938E-02 0.10728412E-02 0.75312248E-03 0.52468300E-03 0.36373671E-03 0.25189560E-03 0.17524942E-03 0.12347553E-03 0.89032361E-04 0.66463622E-04 0.51841675E-04 0.42366823E-04 0.36100682E-04 0.31767857E-04 0.28576058E-04 0.26055132E-04 0.23933416E-04 0.22055780E-04 0.20334317E-04 0.18720055E-04 0.17186828E-04 0.15721976E-04 0.14320776E-04 0.12983033E-04 0.11710917E-04 0.10507576E-04 0.93762392E-05 0.83196594E-05 0.73397690E-05 0.64375288E-05 0.56128098E-05
0.92214006E-01 0.78209644E-01 0.66351125E-01 0.56172111E-01 0.47331406E-01 0.39596580E-01 0.32818010E-01 0.26900863E-01 0.21780350E-01 0.17403180E-01 0.13715956E-01 0.10659716E-01 0.81690362E-02 0.61739364E-02 0.46030564E-02 0.33869816E-02 0.24610463E-02 0.17672967E-02 0.12555626E-02 0.88374708E-03 0.61751555E-03 0.42958373E-03 0.29878308E-03 0.20904611E-03 0.14840661E-03 0.10808279E-03 0.81682355E-04 0.64574253E-04 0.53448565E-04 0.46023983E-04 0.40814735E-04 0.36908062E-04 0.33766959E-04 0.31082845E-04 0.28680181E-04 0.26459968E-04 0.24367527E-04 0.22374192E-04 0.20466676E-04 0.18640703E-04 0.16897079E-04 0.15239181E-04 0.13671353E-04 0.12197862E-04 0.10822245E-04 0.95469290E-05 0.83730328E-05 0.73002794E-05
0.10649774E+00 0.89416233E-01 0.75291120E-01 0.63424097E-01 0.53295212E-01 0.44543343E-01 0.36932439E-01 0.30313685E-01 0.24590956E-01 0.19693816E-01 0.15559477E-01 0.12123003E-01 0.93138744E-02 0.70567069E-02 0.52741025E-02 0.38901294E-02 0.28334661E-02 0.20397254E-02 0.14528157E-02 0.10254173E-02 0.71875661E-03 0.50189820E-03 0.35075465E-03 0.24698040E-03 0.17685937E-03 0.13027298E-03 0.99804863E-04 0.80047608E-04 0.67133475E-04 0.58416460E-04 0.52194644E-04 0.47435120E-04 0.43535495E-04 0.40151504E-04 0.37088158E-04 0.34236114E-04 0.31535687E-04 0.28956330E-04 0.26484727E-04 0.24117581E-04 0.21857177E-04 0.19708507E-04 0.17677429E-04 0.15769471E-04 0.13989097E-04 0.12339270E-04 0.10821243E-04 0.94345102E-05
0.12260620E+00 0.10177474E+00 0.84939792E-01 0.71105688E-01 0.59521219E-01 0.49656868E-01 0.41161777E-01 0.33814057E-01 0.27474263E-01 0.22047907E-01 0.17459253E-01 0.13635849E-01 0.10501638E-01 0.79758901E-02 0.59753934E-02 0.44179155E-02 0.32256233E-02 0.23277581E-02 0.16622997E-02 0.11766509E-02 0.82751926E-03 0.58022797E-03 0.40768117E-03 0.28916733E-03 0.20913563E-03 0.15604201E-03 0.12135943E-03 0.98835420E-04 0.84006833E-04 0.73853311E-04 0.66460404E-04 0.60681114E-04 0.55852383E-04 0.51597362E-04 0.47703659E-04 0.44053071E-04 0.40582041E-04 0.37259117E-04 0.34071766E-04 0.31018392E-04 0.28103337E-04 0.25333672E-04 0.22717104E-04 0.20260665E-04 0.17969859E-04 0.15848197E-04 0.13896976E-04 0.12115252E-04
0.14056014E+00 0.11526664E+00 0.95253015E-01 0.79158210E-01 0.65944532E-01 0.54872008E-01 0.45444638E-01 0.37346784E-01 0.30382464E-01 0.24425317E-01 0.19382480E-01 0.15172079E-01 0.11711893E-01 0.89158577E-02 0.66952096E-02 0.49617222E-02 0.36313102E-02 0.26270250E-02 0.18810254E-02 0.13354858E-02 0.94260283E-03 0.66394052E-03 0.46935980E-03 0.33573523E-03 0.24561528E-03 0.18594910E-03 0.14701521E-03 0.12165692E-03 0.10479562E-03 0.93043937E-04 0.84290205E-04 0.77286018E-04 0.71315978E-04 0.65975848E-04 0.61039120E-04 0.56381047E-04 0.51935908E-04 0.47672687E-04 0.43580722E-04 0.39660978E-04 0.35920539E-04 0.32369061E-04 0.29016473E-04 0.25871502E-04 0.22940746E-04 0.20228207E-04 0.17735050E-04 0.15459614E-04
0.16021783E+00 0.12977130E+00 0.10612392E+00 0.87485185E-01 0.72477617E-01 0.60109774E-01 0.49710665E-01 0.40850302E-01 0.33262771E-01 0.26781736E-01 0.21292749E-01 0.16702392E-01 0.12921530E-01 0.98587392E-02 0.74199957E-02 0.55114656E-02 0.40431781E-02 0.29322942E-02 0.21053764E-02 0.14995283E-02 0.10625381E-02 0.75227134E-03 0.53557079E-03 0.38688717E-03 0.28682052E-03 0.22073475E-03 0.17763574E-03 0.14942230E-03 0.13040726E-03 0.11686571E-03 0.10651729E-03 0.98031995E-04 0.90654241E-04 0.83959790E-04 0.77712765E-04 0.71785079E-04 0.66111198E-04 0.60662305E-04 0.55430963E-04 0.50421732E-04 0.45645195E-04 0.41114119E-04 0.36840952E-04 0.32836238E-04 0.29107647E-04 0.25659474E-04 0.22492427E-04 0.19603710E-04
0.18122584E+00 0.14503557E+00 0.11736500E+00 0.95942501E-01 0.79005541E-01 0.65275612E-01 0.53880494E-01 0.44257474E-01 0.36058534E-01 0.29069833E-01 0.23151080E-01 0.18195223E-01 0.14105448E-01 0.10784940E-01 0.81347434E-02 0.60558735E-02 0.44529369E-02 0.32376165E-02 0.23312188E-02 0.16660433E-02 0.11856708E-02 0.84440946E-03 0.60616843E-03 0.44299800E-03 0.33351041E-03 0.26140498E-03 0.21434921E-03 0.18329141E-03 0.16197981E-03 0.14640755E-03 0.13416816E-03 0.12387686E-03 0.11475388E-03 0.10636468E-03 0.98470274E-04 0.90943478E-04 0.83721985E-04 0.76781410E-04 0.70119175E-04 0.63744596E-04 0.57672541E-04 0.51919344E-04 0.46500170E-04 0.41427346E-04 0.36709378E-04 0.32350459E-04 0.28350339E-04 0.24704413E-04
