Basic/Day4/qtaim/urea/molecule/urea_mol_pl2d.SURFGRHO
DSAA
 161 161
-0.75589045E+01  0.75589045E+01  0.94486307E-01
-0.75589045E+01  0.75589045E+01  0.94486307E-01
 0.00000000E+00  0.00000000E+00
[rows 88 to 109 of 161, columns 0 to 47 of 161]
0.55595844E-04 0.71355550E-04 0.91198896E-04 0.11611801E-03 0.14735209E-03 0.18646099E-03 0.23542608E-03 0.29678904E-03 0.37384269E-03 0.47089221E-03 0.59361006E-03 0.74951355E-03 0.94859942E-03 0.12041762E-02 0.15339382E-02 0.19613264E-02 0.25172164E-02 0.32419544E-02 0.41877329E-02 0.54212321E-02 0.70263692E-02 0.91068622E-02 0.11788152E-01 0.15218042E-01 0.19565264E-01 0.25015168E-01 0.31762122E-01 0.39999341E-01 0.49909052E-01 0.61658913E-01 0.75412043E-01 0.91353041E-01 0.10971580E+00 0.13077398E+00 0.15474194E+00 0.18156407E+00 0.21065652E+00 0.24076635E+00 0.27013843E+00 0.29705203E+00 0.32052903E+00 0.34076864E+00 0.35884002E+00 0.37555982E+00 0.39026392E+00 0.40071790E+00 0.40486785E+00 0.40385661E+00
0.52916363E-04 0.67954174E-04 0.86902529E-04 0.11071485E-03 0.14058147E-03 0.17799898E-03 0.22486470E-03 0.28360591E-03 0.35735637E-03 0.45019692E-03 0.56748092E-03 0.71627040E-03 0.90591358E-03 0.11487998E-02 0.14613304E-02 0.18651447E-02 0.23886350E-02 0.30687680E-02 0.39531998E-02 0.51026201E-02 0.65931774E-02 0.85187313E-02 0.10992530E-01 0.14147770E-01 0.18136365E-01 0.23125251E-01 0.29289804E-01 0.36804667E-01 0.45833636E-01 0.56522109E-01 0.68996877E-01 0.83376275E-01 0.99786363E-01 0.11836647E+00 0.13923902E+00 0.16242901E+00 0.18775607E+00 0.21476937E+00 0.24281004E+00 0.27122454E+00 0.29962057E+00 0.32793321E+00 0.35608839E+00 0.38332392E+00 0.40767205E+00 0.42635703E+00 0.43753274E+00 0.44304853E+00
0.50049384E-04 0.64308063E-04 0.82287851E-04 0.10489914E-03 0.13327802E-03 0.16885120E-03 0.21342388E-03 0.26929894E-03 0.33943899E-03 0.42768566E-03 0.53905486E-03 0.68013044E-03 0.85958314E-03 0.10888459E-02 0.13829784E-02 0.17617538E-02 0.22509947E-02 0.28841710E-02 0.37042452E-02 0.47657033E-02 0.61366425E-02 0.79006914E-02 0.10158425E-01 0.13027821E-01 0.16643211E-01 0.21152209E-01 0.26710265E-01 0.33473036E-01 0.41587642E-01 0.51185061E-01 0.62376896E-01 0.75259301E-01 0.89923725E-01 0.10646832E+00 0.12499891E+00 0.14561074E+00 0.16835642E+00 0.19322429E+00 0.22015647E+00 0.24910514E+00 0.28006235E+00 0.31294503E+00 0.34725051E+00 0.38157690E+00 0.41338318E+00 0.43954261E+00 0.45805272E+00 0.47074727E+00
0.47038446E-04 0.60472771E-04 0.77425487E-04 0.98760420E-04 0.12555509E-03 0.15916117E-03 0.20128560E-03 0.25409988E-03 0.32038757E-03 0.40374250E-03 0.50883411E-03 0.64175903E-03 0.81050199E-03 0.10255324E-02 0.13005633E-02 0.16535005E-02 0.21076005E-02 0.26928474E-02 0.34475287E-02 0.44199563E-02 0.56702159E-02 0.72717542E-02 0.93125231E-02 0.11895313E-01 0.15136851E-01 0.19165280E-01 0.24115795E-01 0.30124632E-01 0.37322236E-01 0.45827250E-01 0.55743666E-01 0.67163433E-01 0.80175473E-01 0.94879241E-01 0.11139810E+00 0.12988755E+00 0.15053740E+00 0.17357285E+00 0.19925793E+00 0.22788710E+00 0.25971905E+00 0.29478506E+00 0.33253836E+00 0.37143980E+00 0.40878380E+00 0.44123170E+00 0.46641235E+00 0.48554081E+00
0.43927524E-04 0.56504538E-04 0.72387100E-04 0.92389712E-04 0.11752806E-03 0.14907498E-03 0.18863497E-03 0.23824382E-03 0.30050194E-03 0.37875238E-03 0.47731717E-03 0.60180867E-03 0.75953468E-03 0.96001951E-03 0.12156624E-02 0.15425539E-02 0.19614657E-02 0.24990148E-02 0.31889844E-02 0.40737485E-02 0.52056986E-02 0.66485126E-02 0.84780337E-02 0.10782470E-01 0.13661596E-01 0.17224688E-01 0.21587092E-01 0.26865657E-01 0.33173766E-01 0.40617286E-01 0.49293242E-01 0.59293083E-01 0.70711685E-01 0.83661784E-01 0.98291779E-01 0.11480403E+00 0.13347127E+00 0.15464892E+00 0.17877679E+00 0.20635055E+00 0.23782438E+00 0.27339680E+00 0.31266172E+00 0.35420728E+00 0.39541543E+00 0.43287334E+00 0.46376081E+00 0.48824005E+00
0.40759968E-04 0.52458940E-04 0.67243646E-04 0.85877310E-04 0.10931151E-03 0.13873777E-03 0.17565569E-03 0.22196337E-03 0.28007736E-03 0.35309151E-03 0.44498632E-03 0.56090243E-03 0.70749388E-03 0.89337894E-03 0.11297048E-02 0.14308422E-02 0.18152186E-02 0.23062882E-02 0.29336180E-02 0.37340413E-02 0.47527900E-02 0.60444715E-02 0.76737015E-02 0.97151708E-02 0.12252912E-01 0.15378595E-01 0.19188850E-01 0.23781879E-01 0.29254053E-01 0.35697605E-01 0.43200914E-01 0.51852864E-01 0.61752365E-01 0.73023182E-01 0.85833124E-01 0.10041585E+00 0.11709291E+00 0.13629182E+00 0.15855060E+00 0.18448812E+00 0.21470511E+00 0.24957565E+00 0.28891274E+00 0.33157102E+00 0.37519160E+00 0.41644291E+00 0.45211393E+00 0.48114325E+00
0.37577518E-04 0.48389606E-04 0.62063750E-04 0.79310690E-04 0.10101659E-03 0.12829036E-03 0.16252585E-03 0.20548352E-03 0.25939801E-03 0.32711938E-03 0.41229755E-03 0.51962139E-03 0.65512471E-03 0.82657342E-03 0.10439459E-02 0.13200178E-02 0.16710558E-02 0.21176139E-02 0.26854126E-02 0.34062527E-02 0.43188900E-02 0.54697553E-02 0.69133724E-02 0.87123024E-02 0.10936450E-01 0.13661641E-01 0.16967520E-01 0.20935086E-01 0.25644489E-01 0.31174085E-01 0.37601990E-01 0.45011382E-01 0.53500475E-01 0.63197461E-01 0.74279945E-01 0.86997767E-01 0.10169719E+00 0.11884215E+00 0.13902282E+00 0.16293168E+00 0.19127580E+00 0.22458860E+00 0.26292276E+00 0.30546646E+00 0.35023885E+00 0.39415548E+00 0.43379227E+00 0.46697761E+00
0.34419415E-04 0.44347075E-04 0.56912217E-04 0.72772628E-04 0.92748602E-04 0.11786629E-03 0.14941422E-03 0.18901700E-03 0.23873151E-03 0.30117216E-03 0.37967303E-03 0.47849600E-03 0.60309515E-03 0.76044691E-03 0.95945693E-03 0.12114486E-02 0.15307352E-02 0.19352677E-02 0.24473348E-02 0.30942748E-02 0.39091316E-02 0.49311616E-02 0.62060719E-02 0.77858624E-02 0.97281612E-02 0.12095014E-01 0.14951225E-01 0.18362576E-01 0.22394497E-01 0.27112088E-01 0.32582543E-01 0.38881049E-01 0.46100962E-01 0.54368583E-01 0.63862323E-01 0.74835507E-01 0.87641186E-01 0.10275510E+00 0.12078790E+00 0.14246901E+00 0.16857468E+00 0.19976725E+00 0.23632512E+00 0.27778658E+00 0.32261799E+00 0.36813005E+00 0.41092595E+00 0.44804324E+00
0.31321637E-04 0.40377800E-04 0.51848767E-04 0.66339558E-04 0.84604977E-04 0.10758920E-03 0.13647708E-03 0.17276050E-03 0.21832440E-03 0.27555768E-03 0.34749565E-03 0.43800107E-03 0.55199191E-03 0.69572286E-03 0.87712835E-03 0.11062292E-02 0.13956024E-02 0.17609033E-02 0.22214180E-02 0.28006095E-02 0.35265962E-02 0.44324890E-02 0.55564897E-02 0.69416567E-02 0.86352670E-02 0.10687773E-01 0.13151477E-01 0.16079243E-01 0.19523784E-01 0.23538305E-01 0.28179448E-01 0.33513442E-01 0.39626185E-01 0.46637612E-01 0.54720249E-01 0.64121441E-01 0.75187944E-01 0.88389541E-01 0.10433401E+00 0.12375854E+00 0.14747405E+00 0.17623409E+00 0.21050660E+00 0.25015724E+00 0.29411568E+00 0.34018588E+00 0.38522874E+00 0.42589064E+00
0.28316283E-04 0.36523340E-04 0.46926972E-04 0.60080228E-04 0.76673522E-04 0.97570710E-04 0.12385557E-03 0.15689155E-03 0.19839861E-03 0.25055163E-03 0.31610547E-03 0.39855272E-03 0.50232004E-03 0.63300833E-03 0.79768207E-03 0.10052076E-02 0.12666385E-02 0.15956350E-02 0.20088986E-02 0.25265853E-02 0.31726481E-02 0.39750445E-02 0.49657340E-02 0.61803957E-02 0.76578226E-02 0.94390153E-02 0.11566112E-01 0.14081450E-01 0.17027264E-01 0.20446705E-01 0.24387003E-01 0.28905597E-01 0.34079883E-01 0.40020931E-01 0.46891187E-01 0.54925765E-01 0.64456232E-01 0.75934058E-01 0.89947281E-01 0.10721805E+00 0.12856176E+00 0.15478377E+00 0.18649296E+00 0.22383044E+00 0.26615505E+00 0.31179364E+00 0.35802755E+00 0.40147917E+00
0.25431105E-04 0.32819750E-04 0.42193455E-04 0.54054649E-04 0.69031102E-04 0.87908737E-04 0.11167370E-03 0.14156611E-03 0.17914887E-03 0.22639493E-03 0.28579754E-03 0.36050794E-03 0.45450522E-03 0.57280193E-03 0.72168896E-03 0.90901811E-03 0.11445189E-02 0.14401372E-02 0.18103768E-02 0.22726119E-02 0.28473278E-02 0.35582373E-02 0.44322118E-02 0.54989775E-02 0.67905517E-02 0.83404559E-02 0.10182843E-01 0.12351817E-01 0.14881383E-01 0.17806662E-01 0.21167070E-01 0.25012218E-01 0.29411128E-01 0.34465142E-01 0.40324579E-01 0.47208843E-01 0.55429025E-01 0.65410551E-01 0.77710515E-01 0.93019677E-01 0.11213361E+00 0.13587325E+00 0.16493606E+00 0.19967002E+00 0.23979111E+00 0.28411219E+00 0.33040452E+00 0.37553105E+00
0.22689221E-04 0.29297173E-04 0.37687355E-04 0.48313391E-04 0.61742720E-04 0.78686343E-04 0.10003689E-03 0.12691699E-03 0.16074088E-03 0.20329211E-03 0.25682093E-03 0.32416508E-03 0.40889742E-03 0.51550306E-03 0.64958792E-03 0.81811664E-03 0.10296750E-02 0.12947462E-02 0.16259810E-02 0.20384368E-02 0.25497466E-02 0.31801744E-02 0.39525116E-02 0.48917738E-02 0.60246896E-02 0.73790242E-02 0.89828664E-02 0.10864133E-01 0.13050686E-01 0.15571603E-01 0.18460249E-01 0.21759804E-01 0.25531832E-01 0.29868262E-01 0.34906886E-01 0.40850141E-01 0.47986284E-01 0.56710823E-01 0.67543672E-01 0.81133924E-01 0.98239842E-01 0.11966819E+00 0.14615633E+00 0.17818669E+00 0.21574089E+00 0.25803375E+00 0.30330963E+00 0.34881148E+00
0.20108952E-04 0.25979640E-04 0.33440035E-04 0.42897193E-04 0.54860991E-04 0.69971065E-04 0.89031185E-04 0.11305283E-03 0.14331039E-03 0.18141054E-03 0.22937866E-03 0.28976526E-03 0.36577521E-03 0.46142145E-03 0.58170431E-03 0.73281392E-03 0.92235048E-03 0.11595525E-02 0.14555153E-02 0.18233772E-02 0.22784407E-02 0.28381936E-02 0.35221923E-02 0.43517788E-02 0.53496315E-02 0.65391917E-02 0.79440883E-02 0.95877847E-02 0.11493796E-01 0.13686950E-01 0.16196267E-01 0.19060056E-01 0.22333766E-01 0.26100989E-01 0.30487757E-01 0.35679914E-01 0.41942765E-01 0.49641030E-01 0.59255214E-01 0.71387699E-01 0.86748641E-01 0.10610886E+00 0.13020566E+00 0.15959039E+00 0.19441772E+00 0.23419963E+00 0.27757953E+00 0.32221154E+00
0.17703869E-04 0.22885072E-04 0.29475064E-04 0.37836892E-04 0.48426035E-04 0.61814747E-04 0.78723012E-04 0.10005789E-03 0.12696296E-03 0.16088048E-03 0.20362830E-03 0.25749425E-03 0.32534996E-03 0.41078571E-03 0.51826571E-03 0.65330305E-03 0.82264742E-03 0.10344773E-02 0.12985815E-02 0.16265088E-02 0.20316609E-02 0.25292971E-02 0.31364222E-02 0.38715379E-02 0.47542598E-02 0.58048450E-02 0.70437380E-02 0.84913337E-02 0.10168260E-01 0.12096598E-01 0.14302537E-01 0.16821016E-01 0.19702866E-01 0.23024830E-01 0.26902653E-01 0.31507052E-01 0.37081799E-01 0.43962077E-01 0.52589651E-01 0.63519186E-01 0.77407596E-01 0.94976025E-01 0.11693262E+00 0.14384548E+00 0.17596257E+00 0.21299162E+00 0.25387922E+00 0.29665429E+00
0.15482920E-04 0.20025455E-04 0.25808412E-04 0.33153654E-04 0.42465719E-04 0.54253768E-04 0.69159472E-04 0.87992410E-04 0.11177454E-03 0.14179589E-03 0.17968338E-03 0.22748490E-03 0.28777035E-03 0.36375074E-03 0.45941466E-03 0.57968111E-03 0.73056248E-03 0.91933014E-03 0.11546694E-02 0.14468065E-02 0.18075850E-02 0.22504686E-02 0.27904451E-02 0.34438201E-02 0.42279038E-02 0.51606351E-02 0.62602391E-02 0.75450902E-02 0.90340457E-02 0.10747611E-01 0.12710379E-01 0.14955243E-01 0.17529847E-01 0.20505685E-01 0.23990018E-01 0.28140481E-01 0.33181611E-01 0.39421558E-01 0.47265820E-01 0.57223021E-01 0.69895924E-01 0.85949043E-01 0.10604297E+00 0.13072612E+00 0.16027978E+00 0.19452561E+00 0.23262521E+00 0.27292435E+00
0.13450720E-04 0.17407172E-04 0.22448862E-04 0.28859460E-04 0.36996241E-04 0.47309807E-04 0.60369174E-04 0.76893603E-04 0.97792596E-04 0.12421591E-03 0.15761533E-03 0.19981986E-03 0.25312605E-03 0.32040398E-03 0.40521855E-03 0.51196466E-03 0.64601123E-03 0.81384691E-03 0.10232169E-02 0.12832352E-02 0.16044549E-02 0.19988764E-02 0.24798757E-02 0.30620429E-02 0.37609401E-02 0.45928168E-02 0.55743703E-02 0.67227006E-02 0.80556894E-02 0.95931179E-02 0.11358914E-01 0.13384971E-01 0.15716986E-01 0.18422690E-01 0.21602671E-01 0.25403668E-01 0.30033577E-01 0.35776524E-01 0.43005025E-01 0.52184780E-01 0.63866163E-01 0.78655129E-01 0.97155276E-01 0.11987339E+00 0.14708543E+00 0.17867132E+00 0.21394523E+00 0.25152597E+00
0.11607922E-04 0.15031486E-04 0.19398591E-04 0.24957824E-04 0.32023002E-04 0.40990846E-04 0.52363504E-04 0.66777155E-04 0.85037968E-04 0.10816709E-03 0.13745615E-03 0.17453489E-03 0.22145214E-03 0.28077091E-03 0.35567710E-03 0.45010045E-03 0.56884363E-03 0.71771318E-03 0.90364332E-03 0.11347999E-02 0.14206495E-02 0.17719790E-02 0.22008498E-02 0.27204835E-02 0.33450866E-02 0.40896523E-02 0.49698157E-02 0.60018944E-02 0.72033133E-02 0.85936877E-02 0.10196908E-01 0.12044624E-01 0.14181533E-01 0.16672827E-01 0.19614001E-01 0.23142885E-01 0.27453185E-01 0.32807922E-01 0.39549988E-01 0.48105709E-01 0.58976185E-01 0.72710086E-01 0.89851093E-01 0.11085412E+00 0.13596942E+00 0.16510527E+00 0.19769728E+00 0.23262606E+00
0.99516715E-05 0.12895097E-04 0.16653878E-04 0.21444676E-04 0.27541701E-04 0.35292526E-04 0.45138268E-04 0.57639202E-04 0.73507206E-04 0.93646102E-04 0.11920169E-03 0.15162266E-03 0.19273351E-03 0.24482021E-03 0.31072850E-03 0.39397265E-03 0.49885293E-03 0.63057488E-03 0.79536374E-03 0.10005634E-02 0.12547083E-02 0.15675544E-02 0.19500624E-02 0.24143261E-02 0.29734605E-02 0.36414821E-02 0.44332512E-02 0.53645925E-02 0.64527660E-02 0.77175296E-02 0.91830938E-02 0.10881320E-01 0.12856531E-01 0.15172256E-01 0.17920095E-01 0.21230549E-01 0.25285140E-01 0.30328258E-01 0.36676107E-01 0.44719005E-01 0.54912285E-01 0.67750329E-01 0.83718153E-01 0.10321667E+00 0.12646375E+00 0.15338631E+00 0.18353708E+00 0.21607926E+00
0.84761109E-05 0.10990795E-04 0.14205932E-04 0.18309389E-04 0.23539610E-04 0.30199718E-04 0.38675560E-04 0.49458664E-04 0.63175366E-04 0.80623108E-04 0.10281549E-03 0.13103719E-03 0.16690980E-03 0.21246929E-03 0.27025495E-03 0.34340838E-03 0.43578057E-03 0.55204199E-03 0.69778969E-03 0.87964325E-03 0.11053198E-02 0.13836786E-02 0.17247286E-02 0.21395978E-02 0.26404771E-02 0.32405718E-02 0.39541210E-02 0.47965913E-02 0.57851935E-02 0.69399344E-02 0.82854667E-02 0.98540476E-02 0.11689930E-01 0.13855477E-01 0.16439141E-01 0.19565170E-01 0.23404337E-01 0.28184245E-01 0.34196743E-01 0.41798996E-01 0.51403946E-01 0.63455390E-01 0.78383269E-01 0.96537303E-01 0.11810478E+00 0.14303390E+00 0.17100522E+00 0.20150027E+00
0.71729141E-05 0.93081365E-05 0.12041742E-04 0.15535869E-04 0.19996945E-04 0.25688236E-04 0.32945958E-04 0.42199817E-04 0.53999124E-04 0.69045430E-04 0.88233080E-04 0.11269872E-03 0.14388084E-03 0.18358976E-03 0.23408840E-03 0.29818278E-03 0.37931952E-03 0.48168854E-03 0.61032367E-03 0.77119630E-03 0.97129366E-03 0.12186750E-02 0.15225014E-02 0.18930402E-02 0.23416577E-02 0.28808317E-02 0.35242387E-02 0.42870106E-02 0.51862941E-02 0.62422953E-02 0.74800432E-02 0.89321394E-02 0.10642780E-01 0.12673292E-01 0.15109298E-01 0.18069339E-01 0.21714294E-01 0.26256205E-01 0.31964257E-01 0.39164760E-01 0.48231299E-01 0.59560950E-01 0.73533223E-01 0.90451905E-01 0.11047938E+00 0.13359181E+00 0.15960828E+00 0.18835202E+00
0.60318228E-05 0.78341370E-05 0.10144973E-04 0.13103682E-04 0.16888282E-04 0.21726611E-04 0.27910678E-04 0.35815033E-04 0.45920085E-04 0.58841530E-04 0.75366691E-04 0.96499191E-04 0.12351266E-03 0.15801411E-03 0.20201719E-03 0.25802464E-03 0.32911796E-03 0.41905241E-03 0.53235219E-03 0.67440140E-03 0.85152486E-03 0.10710537E-02 0.13413734E-02 0.16719578E-02 0.20734024E-02 0.25574874E-02 0.31373216E-02 0.38276515E-02 0.46454543E-02 0.56109746E-02 0.67494087E-02 0.80934671E-02 0.96870588E-02 0.11590296E-01 0.13885899E-01 0.16686797E-01 0.20144311E-01 0.24455602E-01 0.29868350E-01 0.36679821E-01 0.45226924E-01 0.55863770E-01 0.68924398E-01 0.84672612E-01 0.10325193E+00 0.12467031E+00 0.14888260E+00 0.17603903E+00
0.50411726E-05 0.65539497E-05 0.84968324E-05 0.10989164E-04 0.14183976E-04 0.18277873E-04 0.23523808E-04 0.30247473E-04 0.38868153E-04 0.49925082E-04 0.64110091E-04 0.82307774E-04 0.10564388E-03 0.13554256E-03 0.17379272E-03 0.22262304E-03 0.28478421E-03 0.36363676E-03 0.46324069E-03 0.58844337E-03 0.74496148E-03 0.93945337E-03 0.11795814E-02 0.14740692E-02 0.18327671E-02 0.22667554E-02 0.27885328E-02 0.34123647E-02 0.41548985E-02 0.50361857E-02 0.60812860E-02 0.73226524E-02 0.88034989E-02 0.10582310E-01 0.12738529E-01 0.15379216E-01 0.18646070E-01 0.22721636E-01 0.27832841E-01 0.34249350E-01 0.42273770E-01 0.52220798E-01 0.64383815E-01 0.78992242E-01 0.96175007E-01 0.11596896E+00 0.13844181E+00 0.16400586E+00
