Basic/Day4/qtaim/urea/molecule/urea_mol_pl2d.SURFGKIN
DSAA
 161 161
-0.75589045E+01  0.75589045E+01  0.94486307E-01
-0.75589045E+01  0.75589045E+01  0.94486307E-01
 0.00000000E+00  0.00000000E+00
[rows 22 to 43 of 161, columns 96 to 143 of 161]
0.17746678E-02 0.15222841E-02 0.12909038E-02 0.10819597E-02 0.89609886E-03 0.73324099E-03 0.59266888E-03 0.47314189E-03 0.37302243E-03 0.29040542E-03 0.22324072E-03 0.16944640E-03 0.12699348E-03 0.93981103E-04 0.68683150E-04 0.49576625E-04 0.35352561E-04 0.24913047E-04 0.17358053E-04 0.11965612E-04 0.81684751E-05 0.55297186E-05 0.37192042E-05 0.24920082E-05 0.16696597E-05 0.11243266E-05 0.76595748E-06 0.53212334E-06 0.38020580E-06 0.28153567E-06 0.21709774E-06 0.17443987E-06 0.14552022E-06 0.12520061E-06 0.11023792E-06 0.98608858E-07 0.89066836E-07 0.80854795E-07 0.73521327E-07 0.66803977E-07 0.60555733E-07 0.54698874E-07 0.49196246E-07 0.44033233E-07 0.39206632E-07 0.34717804E-07 0.30568559E-07 0.26758797E-07
0.23305984E-02 0.20059467E-02 0.17068524E-02 0.14354419E-02 0.11928541E-02 0.97928988E-03 0.79410771E-03 0.63595415E-03 0.50291760E-03 0.39269160E-03 0.30273488E-03 0.23041685E-03 0.17314615E-03 0.12846222E-03 0.94111579E-04 0.68089950E-04 0.48662716E-04 0.34366003E-04 0.23993210E-04 0.16571707E-04 0.11333902E-04 0.76861835E-05 0.51783345E-05 0.34752667E-05 0.23320189E-05 0.15726391E-05 0.10728501E-05 0.74628603E-06 0.53385471E-06 0.39572327E-06 0.30541991E-06 0.24558930E-06 0.20499313E-06 0.17644941E-06 0.15541786E-06 0.13906343E-06 0.12563802E-06 0.11407948E-06 0.10375426E-06 0.94293949E-07 0.85492178E-07 0.77239957E-07 0.69485158E-07 0.62207391E-07 0.55402282E-07 0.49071878E-07 0.43218863E-07 0.37843250E-07
0.30149725E-02 0.26041795E-02 0.22237892E-02 0.18768362E-02 0.15651522E-02 0.12893911E-02 0.10491186E-02 0.84295461E-03 0.66875221E-03 0.52379770E-03 0.40501354E-03 0.30914948E-03 0.23294889E-03 0.17328862E-03 0.12727289E-03 0.92305353E-04 0.66121971E-04 0.46799435E-04 0.32743195E-04 0.22661197E-04 0.15528991E-04 0.10550964E-04 0.71213840E-05 0.47877986E-05 0.32184080E-05 0.21741804E-05 0.14858112E-05 0.10353508E-05 0.74191065E-06 0.55084931E-06 0.42578305E-06 0.34281648E-06 0.28645094E-06 0.24676922E-06 0.21749411E-06 0.19470204E-06 0.17597202E-06 0.15983226E-06 0.14540462E-06 0.13217851E-06 0.11986805E-06 0.10832240E-06 0.97469675E-07 0.87281916E-07 0.77753417E-07 0.68887335E-07 0.60687677E-07 0.53154703E-07
0.38429574E-02 0.33314502E-02 0.28553309E-02 0.24187639E-02 0.20244973E-02 0.16738475E-02 0.13667637E-02 0.11019710E-02 0.87716677E-03 0.68925750E-03 0.53460879E-03 0.40928915E-03 0.30928977E-03 0.23070737E-03 0.16988886E-03 0.12352186E-03 0.88695887E-04 0.62920893E-04 0.44119580E-04 0.30599414E-04 0.21011782E-04 0.14304666E-04 0.96738971E-05 0.65166039E-05 0.43892047E-05 0.29711397E-05 0.20347473E-05 0.14209935E-05 0.10205587E-05 0.75943430E-06 0.58824208E-06 0.47449091E-06 0.39708265E-06 0.34248385E-06 0.30212637E-06 0.27064737E-06 0.24473525E-06 0.22237574E-06 0.20236690E-06 0.18401000E-06 0.16691417E-06 0.15087356E-06 0.13579053E-06 0.12162752E-06 0.10837744E-06 0.96045220E-07 0.84636849E-07 0.74153054E-07
0.48279365E-02 0.42007464E-02 0.36139630E-02 0.30730572E-02 0.25819125E-02 0.21427367E-02 0.17560790E-02 0.14209463E-02 0.11350069E-02 0.89485737E-03 0.69631955E-03 0.53474381E-03 0.40529098E-03 0.30317538E-03 0.22385687E-03 0.16318221E-03 0.11746463E-03 0.83527275E-04 0.58702243E-04 0.40803037E-04 0.28078392E-04 0.19155831E-04 0.12981818E-04 0.87635381E-05 0.59156321E-05 0.40137504E-05 0.27556271E-05 0.19295783E-05 0.13897198E-05 0.10370712E-05 0.80545805E-06 0.65125595E-06 0.54609017E-06 0.47173201E-06 0.41662712E-06 0.37353572E-06 0.33798371E-06 0.30724858E-06 0.27970557E-06 0.25441062E-06 0.23083625E-06 0.20870546E-06 0.18788759E-06 0.16833335E-06 0.15003432E-06 0.13299826E-06 0.11723409E-06 0.10274336E-06
0.59810685E-02 0.52229627E-02 0.45103531E-02 0.38500786E-02 0.32473116E-02 0.27053633E-02 0.22256112E-02 0.18075591E-02 0.14490220E-02 0.11464033E-02 0.89503660E-03 0.68955075E-03 0.52422186E-03 0.39328775E-03 0.29120533E-03 0.21284170E-03 0.15360237E-03 0.10949159E-03 0.77131121E-04 0.53735180E-04 0.37060264E-04 0.25339567E-04 0.17210938E-04 0.11645281E-04 0.78800662E-05 0.53607083E-05 0.36910028E-05 0.25927029E-05 0.18735959E-05 0.14029579E-05 0.10932078E-05 0.88650033E-06 0.74514413E-06 0.64489835E-06 0.57036457E-06 0.51189238E-06 0.46351154E-06 0.42158759E-06 0.38395167E-06 0.34934431E-06 0.31706305E-06 0.28674026E-06 0.25820392E-06 0.23139055E-06 0.20629101E-06 0.18291739E-06 0.16128290E-06 0.14139039E-06
0.73113694E-02 0.64066175E-02 0.55528600E-02 0.47581321E-02 0.40288930E-02 0.33696816E-02 0.27829048E-02 0.22687904E-02 0.18255081E-02 0.14494339E-02 0.11355185E-02 0.87770685E-03 0.66936775E-03 0.50369108E-03 0.37402237E-03 0.27412110E-03 0.19834487E-03 0.14174101E-03 0.10009174E-03 0.69896090E-04 0.48318395E-04 0.33114147E-04 0.22545049E-04 0.15292479E-04 0.10375781E-04 0.70793420E-05 0.48903572E-05 0.34476942E-05 0.25012310E-05 0.18804795E-05 0.14709640E-05 0.11969312E-05 0.10089348E-05 0.87512545E-06 0.77524404E-06 0.69658142E-06 0.63126719E-06 0.57451292E-06 0.52345746E-06 0.47644199E-06 0.43254317E-06 0.39127998E-06 0.35242949E-06 0.31591171E-06 0.28171802E-06 0.24986696E-06 0.22037788E-06 0.19325564E-06
0.88265552E-02 0.77580885E-02 0.67473726E-02 0.58030713E-02 0.49326356E-02 0.41417654E-02 0.34339931E-02 0.28104599E-02 0.22699107E-02 0.18088952E-02 0.14221299E-02 0.11029618E-02 0.84387215E-03 0.63696076E-03 0.47437373E-03 0.34864580E-03 0.25294441E-03 0.18122562E-03 0.12829390E-03 0.89808969E-04 0.62234159E-04 0.42755265E-04 0.29182533E-04 0.19847892E-04 0.13506113E-04 0.92453996E-05 0.64103300E-05 0.45380249E-05 0.33070581E-05 0.24978207E-05 0.19625316E-05 0.16032065E-05 0.13557751E-05 0.11789016E-05 0.10462663E-05 0.94132938E-06 0.85384954E-06 0.77758665E-06 0.70881844E-06 0.64538783E-06 0.58609570E-06 0.53032486E-06 0.47778908E-06 0.42839000E-06 0.38212141E-06 0.33901145E-06 0.29908811E-06 0.26235919E-06
0.10534811E-01 0.92825201E-02 0.80976202E-02 0.69882212E-02 0.59619915E-02 0.50253847E-02 0.41829396E-02 0.34367862E-02 0.27864251E-02 0.22287897E-02 0.17585498E-02 0.13685861E-02 0.10505538E-02 0.79546001E-03 0.59419277E-03 0.43795913E-03 0.31861464E-03 0.22887785E-03 0.16244347E-03 0.11400076E-03 0.79196553E-04 0.54547840E-04 0.37331307E-04 0.25463467E-04 0.17382946E-04 0.11942459E-04 0.83146940E-05 0.59136901E-05 0.43314869E-05 0.32886570E-05 0.25967881E-05 0.21306849E-05 0.18083436E-05 0.15767751E-05 0.14021953E-05 0.12633509E-05 0.11470735E-05 0.10453372E-05 0.95335689E-06 0.86836313E-06 0.78882316E-06 0.71394760E-06 0.64337995E-06 0.57700075E-06 0.51481288E-06 0.45685629E-06 0.40317072E-06 0.35376816E-06
0.12447522E-01 0.10985468E-01 0.96060303E-02 0.83146929E-02 0.71178500E-02 0.60217631E-02 0.50314900E-02 0.41500012E-02 0.33776202E-02 0.27118388E-02 0.21474785E-02 0.16771213E-02 0.12917051E-02 0.98118331E-03 0.73516004E-03 0.54344049E-03 0.39645707E-03 0.28556351E-03 0.20320771E-03 0.14297817E-03 0.99585990E-04 0.68775378E-04 0.47202109E-04 0.32296323E-04 0.22124529E-04 0.15260956E-04 0.10674166E-04 0.76314854E-05 0.56214514E-05 0.42928987E-05 0.34084974E-05 0.28102642E-05 0.23945131E-05 0.20941440E-05 0.18663180E-05 0.16840639E-05 0.15306515E-05 0.13958880E-05 0.12736980E-05 0.11605718E-05 0.10545734E-05 0.95471336E-06 0.86055207E-06 0.77195203E-06 0.68892291E-06 0.61152426E-06 0.53981606E-06 0.47381312E-06
0.14582826E-01 0.12875207E-01 0.11275118E-01 0.97821147E-02 0.83988139E-02 0.71295593E-02 0.59788799E-02 0.49500694E-02 0.40441265E-02 0.32591737E-02 0.25903555E-02 0.20301390E-02 0.15688897E-02 0.11955891E-02 0.89857319E-03 0.66620028E-03 0.48739302E-03 0.35202885E-03 0.25117548E-03 0.17719964E-03 0.12375513E-03 0.85707232E-04 0.59000339E-04 0.40503802E-04 0.27852716E-04 0.19296891E-04 0.13566069E-04 0.97552776E-05 0.72310798E-05 0.55575041E-05 0.44392572E-05 0.36793559E-05 0.31483171E-05 0.27621963E-05 0.24673353E-05 0.22299176E-05 0.20289549E-05 0.18516591E-05 0.16904142E-05 0.15408286E-05 0.14004902E-05 0.12681760E-05 0.11433535E-05 0.10258676E-05 0.91574460E-06 0.81307248E-06 0.71792787E-06 0.63033484E-06
0.16969614E-01 0.14965449E-01 0.13109258E-01 0.11389706E-01 0.98017699E-02 0.83450874E-02 0.70218248E-02 0.58345397E-02 0.47844167E-02 0.38700910E-02 0.30871182E-02 0.24280180E-02 0.18827493E-02 0.14394408E-02 0.10852149E-02 0.80697683E-03 0.59208132E-03 0.42883376E-03 0.30681562E-03 0.21704478E-03 0.15200766E-03 0.10558435E-03 0.72916853E-04 0.50237832E-04 0.34689809E-04 0.24150339E-04 0.17073946E-04 0.12356315E-04 0.92224065E-05 0.71374856E-05 0.57385625E-05 0.47830170E-05 0.41110633E-05 0.36189803E-05 0.32403667E-05 0.29333394E-05 0.26718901E-05 0.24401733E-05 0.22287607E-05 0.20322283E-05 0.18476105E-05 0.16734181E-05 0.15090171E-05 0.13542387E-05 0.12091350E-05 0.10738289E-05 0.94842350E-06 0.83295073E-06
0.19651429E-01 0.17278061E-01 0.15116563E-01 0.13137525E-01 0.11322660E-01 0.96627356E-02 0.81546885E-02 0.67985457E-02 0.55947012E-02 0.45418927E-02 0.36360201E-02 0.28697636E-02 0.22328370E-02 0.17126600E-02 0.12952335E-02 0.96603971E-03 0.71084063E-03 0.51630379E-03 0.37042880E-03 0.26278296E-03 0.18457638E-03 0.12860446E-03 0.89118361E-04 0.61639072E-04 0.42755310E-04 0.29923995E-04 0.21287273E-04 0.15513693E-04 0.11666294E-04 0.90970576E-05 0.73651237E-05 0.61752425E-05 0.53326309E-05 0.47106399E-05 0.42281165E-05 0.38338102E-05 0.34958900E-05 0.31949608E-05 0.29194986E-05 0.26628901E-05 0.24215383E-05 0.21936560E-05 0.19785021E-05 0.17759006E-05 0.15859402E-05 0.14087889E-05 0.12445821E-05 0.10933598E-05
0.22689529E-01 0.19845201E-01 0.17310432E-01 0.15027605E-01 0.12957286E-01 0.11075495E-01 0.93697887E-02 0.78349415E-02 0.64689455E-02 0.52698251E-02 0.42335265E-02 0.33528845E-02 0.26174919E-02 0.20142102E-02 0.15280389E-02 0.11431031E-02 0.84358198E-03 0.61446874E-03 0.44211341E-03 0.31454549E-03 0.22160224E-03 0.15490786E-03 0.10773827E-03 0.74831406E-04 0.52163012E-04 0.36722024E-04 0.26301494E-04 0.19315123E-04 0.14643644E-04 0.11511082E-04 0.93883834E-05 0.79205412E-05 0.68729467E-05 0.60928313E-05 0.54821989E-05 0.49790907E-05 0.45450289E-05 0.41565718E-05 0.37998088E-05 0.34667803E-05 0.31531817E-05 0.28568995E-05 0.25770823E-05 0.23135568E-05 0.20664609E-05 0.18360182E-05 0.16224019E-05 0.14256579E-05
0.26164260E-01 0.22710215E-01 0.19710313E-01 0.17064651E-01 0.14701925E-01 0.12575460E-01 0.10657764E-01 0.89345398E-02 0.73989963E-02 0.60471210E-02 0.48742973E-02 0.38733388E-02 0.30337674E-02 0.23420202E-02 0.17822300E-02 0.13372608E-02 0.98975309E-03 0.72302189E-03 0.52172670E-03 0.37229471E-03 0.26311692E-03 0.18456541E-03 0.12886910E-03 0.89917650E-04 0.63019028E-04 0.44649703E-04 0.32218705E-04 0.23858281E-04 0.18247107E-04 0.14466957E-04 0.11890451E-04 0.10095803E-04 0.88038074E-05 0.78324033E-05 0.70646427E-05 0.64265864E-05 0.58722644E-05 0.53736936E-05 0.49143004E-05 0.44846118E-05 0.40795539E-05 0.36966623E-05 0.33349765E-05 0.29943371E-05 0.26749449E-05 0.23770887E-05 0.21009828E-05 0.18466737E-05
0.30173669E-01 0.25926595E-01 0.22341145E-01 0.19255916E-01 0.16553497E-01 0.14154134E-01 0.12007904E-01 0.10086396E-01 0.83747939E-02 0.68651363E-02 0.55512589E-02 0.44255587E-02 0.34774235E-02 0.26929567E-02 0.20555588E-02 0.15469492E-02 0.11483045E-02 0.84128987E-03 0.60886411E-03 0.43581393E-03 0.30902945E-03 0.21757069E-03 0.15255769E-03 0.10697727E-03 0.75421348E-04 0.53814221E-04 0.39149269E-04 0.29252885E-04 0.22583406E-04 0.18067001E-04 0.14968447E-04 0.12792539E-04 0.11210944E-04 0.10009280E-04 0.90496978E-05 0.82449661E-05 0.75408748E-05 0.69044259E-05 0.63161023E-05 0.57648101E-05 0.52446253E-05 0.47527211E-05 0.42880148E-05 0.38503825E-05 0.34400998E-05 0.30575281E-05 0.27029206E-05 0.23763135E-05
0.34828113E-01 0.29554283E-01 0.25231052E-01 0.21609977E-01 0.18509081E-01 0.15802393E-01 0.13408339E-01 0.11278078E-01 0.93846314E-02 0.77135622E-02 0.62557599E-02 0.50025525E-02 0.39429860E-02 0.30628543E-02 0.23449401E-02 0.17699453E-02 0.13176816E-02 0.96822361E-03 0.70284961E-03 0.50469625E-03 0.35912464E-03 0.25383667E-03 0.17880487E-03 0.12606730E-03 0.89461830E-04 0.64327400E-04 0.47214952E-04 0.35624022E-04 0.27776668E-04 0.22431686E-04 0.18737549E-04 0.16119696E-04 0.14196595E-04 0.12718811E-04 0.11525806E-04 0.10515939E-04 0.96260229E-05 0.88176516E-05 0.80681316E-05 0.73646117E-05 0.67002744E-05 0.60719011E-05 0.54783229E-05 0.49194412E-05 0.43956188E-05 0.39072757E-05 0.34547028E-05 0.30379040E-05
0.40239416E-01 0.33652661E-01 0.28406965E-01 0.24134194E-01 0.20564630E-01 0.17510003E-01 0.14846009E-01 0.12495854E-01 0.10415426E-01 0.85806942E-02 0.69777996E-02 0.55960820E-02 0.44238765E-02 0.34466040E-02 0.26465103E-02 0.20034041E-02 0.14958483E-02 0.11024126E-02 0.80274516E-03 0.57835216E-03 0.41306124E-03 0.29320188E-03 0.20756983E-03 0.14722778E-03 0.10523148E-03 0.76310939E-04 0.56554046E-04 0.43117061E-04 0.33973051E-04 0.27703920E-04 0.23334907E-04 0.20207191E-04 0.17882654E-04 0.16074533E-04 0.14598110E-04 0.13336382E-04 0.12216615E-04 0.11194639E-04 0.10244398E-04 0.93511857E-05 0.85072496E-05 0.77089722E-05 0.69550803E-05 0.62455098E-05 0.55806944E-05 0.49611258E-05 0.43870967E-05 0.38585275E-05
0.46503369E-01 0.38269841E-01 0.31888094E-01 0.26830883E-01 0.22712916E-01 0.19264678E-01 0.16306401E-01 0.13724792E-01 0.11452975E-01 0.94537332E-02 0.77063139E-02 0.61969066E-02 0.49126061E-02 0.38383024E-02 0.29557377E-02 0.22439386E-02 0.16803445E-02 0.12421267E-02 0.90738126E-03 0.65603249E-03 0.47039896E-03 0.33544436E-03 0.23878329E-03 0.17049173E-03 0.12283019E-03 0.89905100E-04 0.67329257E-04 0.51904799E-04 0.41347191E-04 0.34054831E-04 0.28924794E-04 0.25210460E-04 0.22414660E-04 0.20211642E-04 0.18391416E-04 0.16820928E-04 0.15417484E-04 0.14130878E-04 0.12931583E-04 0.11802956E-04 0.10736272E-04 0.97274955E-05 0.87752326E-05 0.78794346E-05 0.70405846E-05 0.62591948E-05 0.55355069E-05 0.48693253E-05
0.53675531E-01 0.43428406E-01 0.35677533E-01 0.29692470E-01 0.24940866E-01 0.21050791E-01 0.17773069E-01 0.14948752E-01 0.12482185E-01 0.10319108E-01 0.84295078E-02 0.67950845E-02 0.54010303E-02 0.42314561E-02 0.32675819E-02 0.24877423E-02 0.18683786E-02 0.13853861E-02 0.10154102E-02 0.73686929E-03 0.53062496E-03 0.38030915E-03 0.27236803E-03 0.19590375E-03 0.14238125E-03 0.10528174E-03 0.79739137E-04 0.62197544E-04 0.50111132E-04 0.41691628E-04 0.35705478E-04 0.31316437E-04 0.27966965E-04 0.25291423E-04 0.23053967E-04 0.21105125E-04 0.19352018E-04 0.17738303E-04 0.16230858E-04 0.14811089E-04 0.13469249E-04 0.12200845E-04 0.11004316E-04 0.98795742E-05 0.88270880E-05 0.78473140E-05 0.69403618E-05 0.61058077E-05
0.61742383E-01 0.49108882E-01 0.39752850E-01 0.32696196E-01 0.27226705E-01 0.22847961E-01 0.19227106E-01 0.16150348E-01 0.13487301E-01 0.11162818E-01 0.91352240E-02 0.73803203E-02 0.58806529E-02 0.46192362E-02 0.35767006E-02 0.27307531E-02 0.20569562E-02 0.15300609E-02 0.11253832E-02 0.81993621E-03 0.59320287E-03 0.42754004E-03 0.30827013E-03 0.22354530E-03 0.16405399E-03 0.12266339E-03 0.94034381E-04 0.74257292E-04 0.60526616E-04 0.50868303E-04 0.43918559E-04 0.38751616E-04 0.34749625E-04 0.31507105E-04 0.28762369E-04 0.26349548E-04 0.24165596E-04 0.22148028E-04 0.20260126E-04 0.18481292E-04 0.16800703E-04 0.15213323E-04 0.13717330E-04 0.12312481E-04 0.10999103E-04 0.97774588E-05 0.86473828E-05 0.76080700E-05
0.70592993E-01 0.55233617E-01 0.44057208E-01 0.35799335E-01 0.29537464E-01 0.24629874E-01 0.20646719E-01 0.17310974E-01 0.14452164E-01 0.11970803E-01 0.98113448E-02 0.79423508E-02 0.63429723E-02 0.49947749E-02 0.38776961E-02 0.29688534E-02 0.22430403E-02 0.16739993E-02 0.12358522E-02 0.90432923E-03 0.65763738E-03 0.47694092E-03 0.34650212E-03 0.25357092E-03 0.18809380E-03 0.14234849E-03 0.11054056E-03 0.88417307E-04 0.72922186E-04 0.61900491E-04 0.53861729E-04 0.47793016E-04 0.43017802E-04 0.39091803E-04 0.35728221E-04 0.32745284E-04 0.30030041E-04 0.27514008E-04 0.25156920E-04 0.22936088E-04 0.20839536E-04 0.18861522E-04 0.16999768E-04 0.15253669E-04 0.13623184E-04 0.12108156E-04 0.10707908E-04 0.94210220E-05
