Basic/Day4/qtaim/urea/molecule/urea_mol_pl2d.SURFGRHO
DSAA
 161 161
-0.75589045E+01  0.75589045E+01  0.94486307E-01
-0.75589045E+01  0.75589045E+01  0.94486307E-01
 0.00000000E+00  0.00000000E+00
[rows 22 to 43 of 161, columns 48 to 95 of 161]
0.50396049E-04 0.71763493E-04 0.10101913E-03 0.14052088E-03 0.19310803E-03 0.26211942E-03 0.35138109E-03 0.46515772E-03 0.60805638E-03 0.78487970E-03 0.10004259E-02 0.12592387E-02 0.15653181E-02 0.19218029E-02 0.23306504E-02 0.27923342E-02 0.33055860E-02 0.38672084E-02 0.44719769E-02 0.51126455E-02 0.57800631E-02 0.64633918E-02 0.71504223E-02 0.78279585E-02 0.84822539E-02 0.90994720E-02 0.96661475E-02 0.10169628E-01 0.10598478E-01 0.10942837E-01 0.11194719E-01 0.11348247E-01 0.11399826E-01 0.11348247E-01 0.11194719E-01 0.10942837E-01 0.10598478E-01 0.10169628E-01 0.96661475E-02 0.90994720E-02 0.84822539E-02 0.78279585E-02 0.71504223E-02 0.64633918E-02 0.57800631E-02 0.51126455E-02 0.44719769E-02 0.38672084E-02
0.70603307E-04 0.10037070E-03 0.14104255E-03 0.19583845E-03 0.26861794E-03 0.36389515E-03 0.48681378E-03 0.64306701E-03 0.83875534E-03 0.10801750E-02 0.13735378E-02 0.17246273E-02 0.21384076E-02 0.26186069E-02 0.31673041E-02 0.37845541E-02 0.44680830E-02 0.52130869E-02 0.60121572E-02 0.68553414E-02 0.77303479E-02 0.86228739E-02 0.95170402E-02 0.10395900E-01 0.11241994E-01 0.12037912E-01 0.12766848E-01 0.13413114E-01 0.13962608E-01 0.14403216E-01 0.14725158E-01 0.14921252E-01 0.14987108E-01 0.14921252E-01 0.14725158E-01 0.14403216E-01 0.13962608E-01 0.13413114E-01 0.12766848E-01 0.12037912E-01 0.11241994E-01 0.10395900E-01 0.95170402E-02 0.86228739E-02 0.77303479E-02 0.68553414E-02 0.60121572E-02 0.52130869E-02
0.97643339E-04 0.13856904E-03 0.19436548E-03 0.26936647E-03 0.36874082E-03 0.49850172E-03 0.66545601E-03 0.87708114E-03 0.11413171E-02 0.14662675E-02 0.18598122E-02 0.23291438E-02 0.28802496E-02 0.35173754E-02 0.42425084E-02 0.50549278E-02 0.59508651E-02 0.69233105E-02 0.79619912E-02 0.90535284E-02 0.10181762E-01 0.11328222E-01 0.12472705E-01 0.13593919E-01 0.14670154E-01 0.15679948E-01 0.16602710E-01 0.17419310E-01 0.18112601E-01 0.18667875E-01 0.19073264E-01 0.19320052E-01 0.19402912E-01 0.19320052E-01 0.19073264E-01 0.18667875E-01 0.18112601E-01 0.17419310E-01 0.16602710E-01 0.15679948E-01 0.14670154E-01 0.13593919E-01 0.12472705E-01 0.11328222E-01 0.10181762E-01 0.90535284E-02 0.79619912E-02 0.69233105E-02
0.13331368E-03 0.18884585E-03 0.26438549E-03 0.36568223E-03 0.49955881E-03 0.67390384E-03 0.89758500E-03 0.11802627E-02 0.15320922E-02 0.19633077E-02 0.24836976E-02 0.31019894E-02 0.38251810E-02 0.46578650E-02 0.56016054E-02 0.66544215E-02 0.78104388E-02 0.90597409E-02 0.10388446E-01 0.11779004E-01 0.13210684E-01 0.14660208E-01 0.16102481E-01 0.17511358E-01 0.18860404E-01 0.20123627E-01 0.21276159E-01 0.22294892E-01 0.23159069E-01 0.23850823E-01 0.24355678E-01 0.24662957E-01 0.24766119E-01 0.24662957E-01 0.24355678E-01 0.23850823E-01 0.23159069E-01 0.22294892E-01 0.21276159E-01 0.20123627E-01 0.18860404E-01 0.17511358E-01 0.16102481E-01 0.14660208E-01 0.13210684E-01 0.11779004E-01 0.10388446E-01 0.90597409E-02
0.17970057E-03 0.25407358E-03 0.35500508E-03 0.49001525E-03 0.66797801E-03 0.89908712E-03 0.11947139E-02 0.15671338E-02 0.20291069E-02 0.25933114E-02 0.32716446E-02 0.40744252E-02 0.50095490E-02 0.60816668E-02 0.72914597E-02 0.86350883E-02 0.10103876E-01 0.11684267E-01 0.13358058E-01 0.15102891E-01 0.16892924E-01 0.18699642E-01 0.20492693E-01 0.22240726E-01 0.23912170E-01 0.25475962E-01 0.26902236E-01 0.28163004E-01 0.29232854E-01 0.30089658E-01 0.30715278E-01 0.31096214E-01 0.31224132E-01 0.31096214E-01 0.30715278E-01 0.30089658E-01 0.29232854E-01 0.28163004E-01 0.26902236E-01 0.25475962E-01 0.23912170E-01 0.22240726E-01 0.20492693E-01 0.18699642E-01 0.16892924E-01 0.15102891E-01 0.13358058E-01 0.11684267E-01
0.23916499E-03 0.33748528E-03 0.47059037E-03 0.64817833E-03 0.88162289E-03 0.11838980E-02 0.15693570E-02 0.20533397E-02 0.26515946E-02 0.33795214E-02 0.42512598E-02 0.52786789E-02 0.64703436E-02 0.78305501E-02 0.93585341E-02 0.11047938E-01 0.12886604E-01 0.14856718E-01 0.16935271E-01 0.19094785E-01 0.21304176E-01 0.23529671E-01 0.25735660E-01 0.27885451E-01 0.29941918E-01 0.31868108E-01 0.33627868E-01 0.35186599E-01 0.36512165E-01 0.37575966E-01 0.38354103E-01 0.38828514E-01 0.38987928E-01 0.38828514E-01 0.38354103E-01 0.37575966E-01 0.36512165E-01 0.35186599E-01 0.33627868E-01 0.31868108E-01 0.29941918E-01 0.27885451E-01 0.25735660E-01 0.23529671E-01 0.21304176E-01 0.19094785E-01 0.16935271E-01 0.14856718E-01
0.31430644E-03 0.44261608E-03 0.61588429E-03 0.84644012E-03 0.11486501E-02 0.15387794E-02 0.20346606E-02 0.26551443E-02 0.34193202E-02 0.43455240E-02 0.54501788E-02 0.67465511E-02 0.82435282E-02 0.99445497E-02 0.11846813E-01 0.13940856E-01 0.16210576E-01 0.18633662E-01 0.21182365E-01 0.23824463E-01 0.26524248E-01 0.29243384E-01 0.31941533E-01 0.34576756E-01 0.37105759E-01 0.39484182E-01 0.41667103E-01 0.43609945E-01 0.45269858E-01 0.46607545E-01 0.47589352E-01 0.48189371E-01 0.48391243E-01 0.48189371E-01 0.47589352E-01 0.46607545E-01 0.45269858E-01 0.43609945E-01 0.41667103E-01 0.39484182E-01 0.37105759E-01 0.34576756E-01 0.31941533E-01 0.29243384E-01 0.26524248E-01 0.23824463E-01 0.21182365E-01 0.18633662E-01
0.40789841E-03 0.57321147E-03 0.79587053E-03 0.10913301E-02 0.14774761E-02 0.19743945E-02 0.26038944E-02 0.33887566E-02 0.43517060E-02 0.55141423E-02 0.68947058E-02 0.85077958E-02 0.10362200E-01 0.12459997E-01 0.14795881E-01 0.17357022E-01 0.20123459E-01 0.23068961E-01 0.26162151E-01 0.29367654E-01 0.32646993E-01 0.35959049E-01 0.39260011E-01 0.42502925E-01 0.45637124E-01 0.48607909E-01 0.51356887E-01 0.53823261E-01 0.55946177E-01 0.57668012E-01 0.58938221E-01 0.59717236E-01 0.59979802E-01 0.59717236E-01 0.58938221E-01 0.57668012E-01 0.55946177E-01 0.53823261E-01 0.51356887E-01 0.48607909E-01 0.45637124E-01 0.42502925E-01 0.39260011E-01 0.35959049E-01 0.32646993E-01 0.29367654E-01 0.26162151E-01 0.23068961E-01
0.52279732E-03 0.73309259E-03 0.10155841E-02 0.13893754E-02 0.18764156E-02 0.25011416E-02 0.32898114E-02 0.42695021E-02 0.54667872E-02 0.69061560E-02 0.86082942E-02 0.10588404E-01 0.12854766E-01 0.15407766E-01 0.18239542E-01 0.21334346E-01 0.24669532E-01 0.28216976E-01 0.31944553E-01 0.35817254E-01 0.39797571E-01 0.43844913E-01 0.47914113E-01 0.51953354E-01 0.55902116E-01 0.59689896E-01 0.63236391E-01 0.66453638E-01 0.69250214E-01 0.71537181E-01 0.73235069E-01 0.74280892E-01 0.74634158E-01 0.74280892E-01 0.73235069E-01 0.71537181E-01 0.69250214E-01 0.66453638E-01 0.63236391E-01 0.59689896E-01 0.55902116E-01 0.51953354E-01 0.47914113E-01 0.43844913E-01 0.39797571E-01 0.35817254E-01 0.31944553E-01 0.28216976E-01
0.66181898E-03 0.92598329E-03 0.12798707E-02 0.17467714E-02 0.23532400E-02 0.31285716E-02 0.41038963E-02 0.53108775E-02 0.67800529E-02 0.85389259E-02 0.10609992E-01 0.13008947E-01 0.15743352E-01 0.18812033E-01 0.22205357E-01 0.25906418E-01 0.29892892E-01 0.34139128E-01 0.38617851E-01 0.43300807E-01 0.48157851E-01 0.53154270E-01 0.58246624E-01 0.63377858E-01 0.68472852E-01 0.73435699E-01 0.78149889E-01 0.82482136E-01 0.86289897E-01 0.89431919E-01 0.91780494E-01 0.93233676E-01 0.93725654E-01 0.93233676E-01 0.91780494E-01 0.89431919E-01 0.86289897E-01 0.82482136E-01 0.78149889E-01 0.73435699E-01 0.68472852E-01 0.63377858E-01 0.58246624E-01 0.53154270E-01 0.48157851E-01 0.43300807E-01 0.38617851E-01 0.34139128E-01
0.82758827E-03 0.11553004E-02 0.15931000E-02 0.21689967E-02 0.29146701E-02 0.38647335E-02 0.50555404E-02 0.65235370E-02 0.83032415E-02 0.10425028E-01 0.12912978E-01 0.15783159E-01 0.19042674E-01 0.22689808E-01 0.26715394E-01 0.31105249E-01 0.35843206E-01 0.40913933E-01 0.46304517E-01 0.52003849E-01 0.57999138E-01 0.64269495E-01 0.70777283E-01 0.77458705E-01 0.84215634E-01 0.90910879E-01 0.97368737E-01 0.10338190E+00 0.10872462E+00 0.11317089E+00 0.11651517E+00 0.11859293E+00 0.11929778E+00 0.11859293E+00 0.11651517E+00 0.11317089E+00 0.10872462E+00 0.10338190E+00 0.97368737E-01 0.90910879E-01 0.84215634E-01 0.77458705E-01 0.70777283E-01 0.64269495E-01 0.57999138E-01 0.52003849E-01 0.46304517E-01 0.40913933E-01
0.10223650E-02 0.14239151E-02 0.19588445E-02 0.26603898E-02 0.35658284E-02 0.47154832E-02 0.61511913E-02 0.79142787E-02 0.10043184E-01 0.12571000E-01 0.15523327E-01 0.18916909E-01 0.22759509E-01 0.27051366E-01 0.31788252E-01 0.36965726E-01 0.42583667E-01 0.48649751E-01 0.55180283E-01 0.62197022E-01 0.69719198E-01 0.77750933E-01 0.86265479E-01 0.95188810E-01 0.10438591E+00 0.11365331E+00 0.12272068E+00 0.13126311E+00 0.13892366E+00 0.14534360E+00 0.15019648E+00 0.15322109E+00 0.15424873E+00 0.15322109E+00 0.15019648E+00 0.14534360E+00 0.13892366E+00 0.13126311E+00 0.12272068E+00 0.11365331E+00 0.10438591E+00 0.95188810E-01 0.86265479E-01 0.77750933E-01 0.69719198E-01 0.62197022E-01 0.55180283E-01 0.48649751E-01
0.12478539E-02 0.17338976E-02 0.23795415E-02 0.32237102E-02 0.43096846E-02 0.56837984E-02 0.73935338E-02 0.94851054E-02 0.12000778E-01 0.14976313E-01 0.18439109E-01 0.22407646E-01 0.26892823E-01 0.31901498E-01 0.37442045E-01 0.43531099E-01 0.50199926E-01 0.57498287E-01 0.65493488E-01 0.74262729E-01 0.83877853E-01 0.94383175E-01 0.10576884E+00 0.11794390E+00 0.13071448E+00 0.14377264E+00 0.15670046E+00 0.16899163E+00 0.18008908E+00 0.18943434E+00 0.19652134E+00 0.20094701E+00 0.20245204E+00 0.20094701E+00 0.19652134E+00 0.18943434E+00 0.18008908E+00 0.16899163E+00 0.15670046E+00 0.14377264E+00 0.13071448E+00 0.11794390E+00 0.10576884E+00 0.94383175E-01 0.83877853E-01 0.74262729E-01 0.65493488E-01 0.57498287E-01
0.15050107E-02 0.20862581E-02 0.28561575E-02 0.38597142E-02 0.51465301E-02 0.67691517E-02 0.87807672E-02 0.11232430E-01 0.14170177E-01 0.17632637E-01 0.21649873E-01 0.26244307E-01 0.31434383E-01 0.37241199E-01 0.43697595E-01 0.50858189E-01 0.58807872E-01 0.67665571E-01 0.77580004E-01 0.88714874E-01 0.10122250E+00 0.11520720E+00 0.13068234E+00 0.14752774E+00 0.16545602E+00 0.18399703E+00 0.20250758E+00 0.22020942E+00 0.23625194E+00 0.24979063E+00 0.26006871E+00 0.26648988E+00 0.26867378E+00 0.26648988E+00 0.26006871E+00 0.24979063E+00 0.23625194E+00 0.22020942E+00 0.20250758E+00 0.18399703E+00 0.16545602E+00 0.14752774E+00 0.13068234E+00 0.11520720E+00 0.10122250E+00 0.88714874E-01 0.77580004E-01 0.67665571E-01
0.17938545E-02 0.24807046E-02 0.33878807E-02 0.45667749E-02 0.60735255E-02 0.79669872E-02 0.10306033E-01 0.13146489E-01 0.16538254E-01 0.20523426E-01 0.25136485E-01 0.30407555E-01 0.36369535E-01 0.43069116E-01 0.50580642E-01 0.59020353E-01 0.68557261E-01 0.79416075E-01 0.91867603E-01 0.10620316E+00 0.12269172E+00 0.14152180E+00 0.16273413E+00 0.18615566E+00 0.21134927E+00 0.23759428E+00 0.26390957E+00 0.28912194E+00 0.31197086E+00 0.33123056E+00 0.34582703E+00 0.35493193E+00 0.35802577E+00 0.35493193E+00 0.34582703E+00 0.33123056E+00 0.31197086E+00 0.28912194E+00 0.26390957E+00 0.23759428E+00 0.21134927E+00 0.18615566E+00 0.16273413E+00 0.14152180E+00 0.12269172E+00 0.10620316E+00 0.91867603E-01 0.79416075E-01
0.21133033E-02 0.29154348E-02 0.39718660E-02 0.53405799E-02 0.70843568E-02 0.92683522E-02 0.11957045E-01 0.15211016E-01 0.19084354E-01 0.23623835E-01 0.28871232E-01 0.34870069E-01 0.41677611E-01 0.49381845E-01 0.58121567E-01 0.68105890E-01 0.79627744E-01 0.93064961E-01 0.10886262E+00 0.12749171E+00 0.14938198E+00 0.17483167E+00 0.20390331E+00 0.23632324E+00 0.27140925E+00 0.30805282E+00 0.34477383E+00 0.37984752E+00 0.41148011E+00 0.43799327E+00 0.45797729E+00 0.47038915E+00 0.47459669E+00 0.47038915E+00 0.45797729E+00 0.43799327E+00 0.41148011E+00 0.37984752E+00 0.34477383E+00 0.30805282E+00 0.27140925E+00 0.23632324E+00 0.20390331E+00 0.17483167E+00 0.14938198E+00 0.12749171E+00 0.10886262E+00 0.93064961E-01
0.24610463E-02 0.33869816E-02 0.46030564E-02 0.61739364E-02 0.81690362E-02 0.10659716E-01 0.13715956E-01 0.17403180E-01 0.21780350E-01 0.26900863E-01 0.32818010E-01 0.39596580E-01 0.47331406E-01 0.56172111E-01 0.66351125E-01 0.78209644E-01 0.92214006E-01 0.10895367E+00 0.12911185E+00 0.15340112E+00 0.18246016E+00 0.21671438E+00 0.25621587E+00 0.30049290E+00 0.34845333E+00 0.39838708E+00 0.44809354E+00 0.49512002E+00 0.53705363E+00 0.57178591E+00 0.59768219E+00 0.61363274E+00 0.61901547E+00 0.61363274E+00 0.59768219E+00 0.57178591E+00 0.53705363E+00 0.49512002E+00 0.44809354E+00 0.39838708E+00 0.34845333E+00 0.30049290E+00 0.25621587E+00 0.21671438E+00 0.18246016E+00 0.15340112E+00 0.12911185E+00 0.10895367E+00
0.28334661E-02 0.38901294E-02 0.52741025E-02 0.70567069E-02 0.93138744E-02 0.12123003E-01 0.15559477E-01 0.19693816E-01 0.24590956E-01 0.30313685E-01 0.36932439E-01 0.44543343E-01 0.53295212E-01 0.63424097E-01 0.75291120E-01 0.89416233E-01 0.10649774E+00 0.12740539E+00 0.15313392E+00 0.18470448E+00 0.22300607E+00 0.26858079E+00 0.32137932E+00 0.38054281E+00 0.44429109E+00 0.50999368E+00 0.57445203E+00 0.63433910E+00 0.68666534E+00 0.72911947E+00 0.76018735E+00 0.77905205E+00 0.78536896E+00 0.77905205E+00 0.76018735E+00 0.72911947E+00 0.68666534E+00 0.63433910E+00 0.57445203E+00 0.50999368E+00 0.44429109E+00 0.38054281E+00 0.32137932E+00 0.26858079E+00 0.22300607E+00 0.18470448E+00 0.15313392E+00 0.12740539E+00
0.32256233E-02 0.44179155E-02 0.59753934E-02 0.79758901E-02 0.10501638E-01 0.13635849E-01 0.17459253E-01 0.22047907E-01 0.27474263E-01 0.33814057E-01 0.41161777E-01 0.49656868E-01 0.59521219E-01 0.71105688E-01 0.84939792E-01 0.10177474E+00 0.12260620E+00 0.14865976E+00 0.18131886E+00 0.22197416E+00 0.27177953E+00 0.33132160E+00 0.40025245E+00 0.47699078E+00 0.55863512E+00 0.64120861E+00 0.72024250E+00 0.79154001E+00 0.85184887E+00 0.89920022E+00 0.93283117E+00 0.95278444E+00 0.95938112E+00 0.95278444E+00 0.93283117E+00 0.89920022E+00 0.85184887E+00 0.79154001E+00 0.72024250E+00 0.64120861E+00 0.55863512E+00 0.47699078E+00 0.40025245E+00 0.33132160E+00 0.27177953E+00 0.22197416E+00 0.18131886E+00 0.14865976E+00
0.36313102E-02 0.49617222E-02 0.66952096E-02 0.89158577E-02 0.11711893E-01 0.15172079E-01 0.19382480E-01 0.24425317E-01 0.30382464E-01 0.37346784E-01 0.45444638E-01 0.54872008E-01 0.65944532E-01 0.79158210E-01 0.95253015E-01 0.11526664E+00 0.14056014E+00 0.17279095E+00 0.21380165E+00 0.26538916E+00 0.32892987E+00 0.40487688E+00 0.49222648E+00 0.58815003E+00 0.68803963E+00 0.78613013E+00 0.87660204E+00 0.95476753E+00 0.10178428E+01 0.10650416E+01 0.10970864E+01 0.11154178E+01 0.11213529E+01 0.11154178E+01 0.10970864E+01 0.10650416E+01 0.10178428E+01 0.95476753E+00 0.87660204E+00 0.78613013E+00 0.68803963E+00 0.58815003E+00 0.49222648E+00 0.40487688E+00 0.32892987E+00 0.26538916E+00 0.21380165E+00 0.17279095E+00
0.40431781E-02 0.55114656E-02 0.74199957E-02 0.98587392E-02 0.12921530E-01 0.16702392E-01 0.21292749E-01 0.26781736E-01 0.33262771E-01 0.40850302E-01 0.49710665E-01 0.60109774E-01 0.72477617E-01 0.87485185E-01 0.10612392E+00 0.12977130E+00 0.16021783E+00 0.19961965E+00 0.25032712E+00 0.31453272E+00 0.39370205E+00 0.48782938E+00 0.59470640E+00 0.70956111E+00 0.82547080E+00 0.93470009E+00 0.10305576E+01 0.11088913E+01 0.11684998E+01 0.12105122E+01 0.12373811E+01 0.12519413E+01 0.12564953E+01 0.12519413E+01 0.12373811E+01 0.12105122E+01 0.11684998E+01 0.11088913E+01 0.10305576E+01 0.93470009E+00 0.82547080E+00 0.70956111E+00 0.59470640E+00 0.48782938E+00 0.39370205E+00 0.31453272E+00 0.25032712E+00 0.19961965E+00
0.44529369E-02 0.60558735E-02 0.81347434E-02 0.10784940E-01 0.14105448E-01 0.18195223E-01 0.23151080E-01 0.29069833E-01 0.36058534E-01 0.44257474E-01 0.53880494E-01 0.65275612E-01 0.79005541E-01 0.95942501E-01 0.11736500E+00 0.14503557E+00 0.18122584E+00 0.22863640E+00 0.29013560E+00 0.36823118E+00 0.46422963E+00 0.57718114E+00 0.70296715E+00 0.83415261E+00 0.96119725E+00 0.10749697E+01 0.11694093E+01 0.12426753E+01 0.12961795E+01 0.13327132E+01 0.13553259E+01 0.13671003E+01 0.13706647E+01 0.13671003E+01 0.13553259E+01 0.13327132E+01 0.12961795E+01 0.12426753E+01 0.11694093E+01 0.10749697E+01 0.96119725E+00 0.83415261E+00 0.70296715E+00 0.57718114E+00 0.46422963E+00 0.36823118E+00 0.29013560E+00 0.22863640E+00
