Basic/Day4/qtaim/urea/molecule/urea_mol_pl2d.SURFGRHO
DSAA
 161 161
-0.75589045E+01  0.75589045E+01  0.94486307E-01
-0.75589045E+01  0.75589045E+01  0.94486307E-01
 0.00000000E+00  0.00000000E+00
[rows 110 to 131 of 161, columns 0 to 47 of 161]
0.41883796E-05 0.54515018E-05 0.70768886E-05 0.91664739E-05 0.11851492E-04 0.15301244E-04 0.19734448E-04 0.25433847E-04 0.32764830E-04 0.42198999E-04 0.54343427E-04 0.69976686E-04 0.90092334E-04 0.11595049E-03 0.14913774E-03 0.19163512E-03 0.24589353E-03 0.31491407E-03 0.40233248E-03 0.51250306E-03 0.65058007E-03 0.82259455E-03 0.10355266E-02 0.12973794E-02 0.16172696E-02 0.20055593E-02 0.24740765E-02 0.30364897E-02 0.37089313E-02 0.45109933E-02 0.54672448E-02 0.66094410E-02 0.79795869E-02 0.96339768E-02 0.11648214E-01 0.14122993E-01 0.17190071E-01 0.21017365E-01 0.25811528E-01 0.31815807E-01 0.39300637E-01 0.48544573E-01 0.59804744E-01 0.73280902E-01 0.89089263E-01 0.10728594E+00 0.12801094E+00 0.15183223E+00
0.34604059E-05 0.45100748E-05 0.58638258E-05 0.76085583E-05 0.98566511E-05 0.12753720E-04 0.16488701E-04 0.21306845E-04 0.27526338E-04 0.35559267E-04 0.45937891E-04 0.59346745E-04 0.76661653E-04 0.98995988E-04 0.12775458E-03 0.16469511E-03 0.21199660E-03 0.27233313E-03 0.34895213E-03 0.44575393E-03 0.56737120E-03 0.71924740E-03 0.90771526E-03 0.11400823E-02 0.14247370E-02 0.17713012E-02 0.21908691E-02 0.26963949E-02 0.33033092E-02 0.40304747E-02 0.49016075E-02 0.59473048E-02 0.72078115E-02 0.87366116E-02 0.10604823E-01 0.12906175E-01 0.15762039E-01 0.19325560E-01 0.23783453E-01 0.29353572E-01 0.36276094E-01 0.44796383E-01 0.55139170E-01 0.67478247E-01 0.81917149E-01 0.98518069E-01 0.11744558E+00 0.13930154E+00
0.28441223E-05 0.37128147E-05 0.48361047E-05 0.62880122E-05 0.81647295E-05 0.10591480E-04 0.13731462E-04 0.17797417E-04 0.23066398E-04 0.29898461E-04 0.38760050E-04 0.50252641E-04 0.65147540E-04 0.84427219E-04 0.10933363E-03 0.14142332E-03 0.18262929E-03 0.23532842E-03 0.30241293E-03 0.38736541E-03 0.49433486E-03 0.62821424E-03 0.79472203E-03 0.10004935E-02 0.12531965E-02 0.15616940E-02 0.19362917E-02 0.23891236E-02 0.29347494E-02 0.35910549E-02 0.43805656E-02 0.53322877E-02 0.64841818E-02 0.78863250E-02 0.96047240E-02 0.11725559E-01 0.14359379E-01 0.17644414E-01 0.21747757E-01 0.26862824E-01 0.33201281E-01 0.40977921E-01 0.50388327E-01 0.61583193E-01 0.74652703E-01 0.89652852E-01 0.10673094E+00 0.12641771E+00
0.23266616E-05 0.30431758E-05 0.39725254E-05 0.51778053E-05 0.67413969E-05 0.87710825E-05 0.11407963E-04 0.14836731E-04 0.19298785E-04 0.25108859E-04 0.32675709E-04 0.42527706E-04 0.55343627E-04 0.71989493E-04 0.93561607E-04 0.12143590E-03 0.15732335E-03 0.20333102E-03 0.26202730E-03 0.33651124E-03 0.43048425E-03 0.54832521E-03 0.69517137E-03 0.87701182E-03 0.11008059E-02 0.13746487E-02 0.17080166E-02 0.21121402E-02 0.26005686E-02 0.31900034E-02 0.39014934E-02 0.47620851E-02 0.58070064E-02 0.70824216E-02 0.86487025E-02 0.10584011E-01 0.12987760E-01 0.15983235E-01 0.19718310E-01 0.24362942E-01 0.30101946E-01 0.37121853E-01 0.45591814E-01 0.55641692E-01 0.67347989E-01 0.80752617E-01 0.95959501E-01 0.11336368E+00
0.18956795E-05 0.24852509E-05 0.32526977E-05 0.42518781E-05 0.55534884E-05 0.72504714E-05 0.94650424E-05 0.12357800E-04 0.16139348E-04 0.21085027E-04 0.27553246E-04 0.36008101E-04 0.47046661E-04 0.61431587E-04 0.80129302E-04 0.10435389E-03 0.13561653E-03 0.17578022E-03 0.22711906E-03 0.29238113E-03 0.37485548E-03 0.47844301E-03 0.60773445E-03 0.76810205E-03 0.96581609E-03 0.12082064E-02 0.15038974E-02 0.18631599E-02 0.22984308E-02 0.28250716E-02 0.34624377E-02 0.42353340E-02 0.51759194E-02 0.63260744E-02 0.77401749E-02 0.94880794E-02 0.11657953E-01 0.14358309E-01 0.17718391E-01 0.21885786E-01 0.27020102E-01 0.33281725E-01 0.40815673E-01 0.49732878E-01 0.60096686E-01 0.71932566E-01 0.85293461E-01 0.10042119E+00
0.15395585E-05 0.20240568E-05 0.26573689E-05 0.34856000E-05 0.45696017E-05 0.59897407E-05 0.78521499E-05 0.10296781E-04 0.13507696E-04 0.17726070E-04 0.23266390E-04 0.30536336E-04 0.40060970E-04 0.52511373E-04 0.68738414E-04 0.89811552E-04 0.11706272E-03 0.15213502E-03 0.19703583E-03 0.25419397E-03 0.32652029E-03 0.41747395E-03 0.53113551E-03 0.67229379E-03 0.84655689E-03 0.10605043E-02 0.13219059E-02 0.16400442E-02 0.20261838E-02 0.24942471E-02 0.30617545E-02 0.37510893E-02 0.45911325E-02 0.56192700E-02 0.68837130E-02 0.84459567E-02 0.10383053E-01 0.12789175E-01 0.15775754E-01 0.19469291E-01 0.24005902E-01 0.29521863E-01 0.36140109E-01 0.43954347E-01 0.53016045E-01 0.63336280E-01 0.74923890E-01 0.87887252E-01
0.12475583E-05 0.16457205E-05 0.21686952E-05 0.28561083E-05 0.37605281E-05 0.49517081E-05 0.65220923E-05 0.85939583E-05 0.11328491E-04 0.14937241E-04 0.19696373E-04 0.25964146E-04 0.34202154E-04 0.45000498E-04 0.59107447E-04 0.77463593E-04 0.10124055E-03 0.13188401E-03 0.17116093E-03 0.22121061E-03 0.28459944E-03 0.36438099E-03 0.46416330E-03 0.58818900E-03 0.74143772E-03 0.92976549E-03 0.11601033E-02 0.14407450E-02 0.17817628E-02 0.21955969E-02 0.26978680E-02 0.33084584E-02 0.40528926E-02 0.49640149E-02 0.60839011E-02 0.74658542E-02 0.91762045E-02 0.11295486E-01 0.13918402E-01 0.17151859E-01 0.21110348E-01 0.25908086E-01 0.31647886E-01 0.38407831E-01 0.46229154E-01 0.55112732E-01 0.65037343E-01 0.76016596E-01
0.10098973E-05 0.13375985E-05 0.17703953E-05 0.23425050E-05 0.30995471E-05 0.41022912E-05 0.54315453E-05 0.71944273E-05 0.95323790E-05 0.12631230E-04 0.16733699E-04 0.22154725E-04 0.29299993E-04 0.38688107E-04 0.50976410E-04 0.66990956E-04 0.87760420E-04 0.11455395E-03 0.14892265E-03 0.19274482E-03 0.24827485E-03 0.31819650E-03 0.40568385E-03 0.51447335E-03 0.64895583E-03 0.81430095E-03 0.10166327E-02 0.12632810E-02 0.15631415E-02 0.19271806E-02 0.23691244E-02 0.29063673E-02 0.35611197E-02 0.43617872E-02 0.53445222E-02 0.65548180E-02 0.80489113E-02 0.98946439E-02 0.12171312E-01 0.14967940E-01 0.18379413E-01 0.22500037E-01 0.27414473E-01 0.33186756E-01 0.39849494E-01 0.47397641E-01 0.55794362E-01 0.64998706E-01
0.81780227E-06 0.10883404E-05 0.14478314E-05 0.19259812E-05 0.25625649E-05 0.34107413E-05 0.45413686E-05 0.60485428E-05 0.80566170E-05 0.10729036E-04 0.14279283E-04 0.18984278E-04 0.25200549E-04 0.33383553E-04 0.44110216E-04 0.58105033E-04 0.76269628E-04 0.99715778E-04 0.12980173E-03 0.16817169E-03 0.21679881E-03 0.27803246E-03 0.35465132E-03 0.44992748E-03 0.56770699E-03 0.71251821E-03 0.88972342E-03 0.11057340E-02 0.13683154E-02 0.16870115E-02 0.20737184E-02 0.25434346E-02 0.31151994E-02 0.38132088E-02 0.46680547E-02 0.57179765E-02 0.70099343E-02 0.86002201E-02 0.10554235E-01 0.12944997E-01 0.15849944E-01 0.19345713E-01 0.23500852E-01 0.28366927E-01 0.33969325E-01 0.40300281E-01 0.47318299E-01 0.54959177E-01
0.66350880E-06 0.88788884E-06 0.11880241E-05 0.15898450E-05 0.21281838E-05 0.28497183E-05 0.38167706E-05 0.51121742E-05 0.68454501E-05 0.91605009E-05 0.12245213E-04 0.16343115E-04 0.21767476E-04 0.28918045E-04 0.38300732E-04 0.50550150E-04 0.66455309E-04 0.86988223E-04 0.11333541E-03 0.14693220E-03 0.18949996E-03 0.24308714E-03 0.31011567E-03 0.39343559E-03 0.49639485E-03 0.62293137E-03 0.77770086E-03 0.96625725E-03 0.11953058E-02 0.14730526E-02 0.18096745E-02 0.22179272E-02 0.27138999E-02 0.33179025E-02 0.40554401E-02 0.49581789E-02 0.60647494E-02 0.74211645E-02 0.90805579E-02 0.11101911E-01 0.13547442E-01 0.16478420E-01 0.19949371E-01 0.24001003E-01 0.28652654E-01 0.33895775E-01 0.39690715E-01 0.45969583E-01
0.54023617E-06 0.72745301E-06 0.97962404E-06 0.13194870E-05 0.17776761E-05 0.23953035E-05 0.32273194E-05 0.43467777E-05 0.58502429E-05 0.78645327E-05 0.10555055E-04 0.14135983E-04 0.18882486E-04 0.25145255E-04 0.33367461E-04 0.44104371E-04 0.58045389E-04 0.76038783E-04 0.99118777E-04 0.12853509E-03 0.16578490E-03 0.21264795E-03 0.27122617E-03 0.34399005E-03 0.43383717E-03 0.54416896E-03 0.67899638E-03 0.84308754E-03 0.10421739E-02 0.12832328E-02 0.15748647E-02 0.19277775E-02 0.23553836E-02 0.28744937E-02 0.35060693E-02 0.42759549E-02 0.52154677E-02 0.63616670E-02 0.77570811E-02 0.94486363E-02 0.11485547E-01 0.13915993E-01 0.16782575E-01 0.20116755E-01 0.23932847E-01 0.28222470E-01 0.32950774E-01 0.38055931E-01
0.44213553E-06 0.59945071E-06 0.81283557E-06 0.11023126E-05 0.14949055E-05 0.20269169E-05 0.27468826E-05 0.37193136E-05 0.50294212E-05 0.67890138E-05 0.91437346E-05 0.12281908E-04 0.16445138E-04 0.21940860E-04 0.29156974E-04 0.38578709E-04 0.50807582E-04 0.66582576E-04 0.86803339E-04 0.11255534E-03 0.14513711E-03 0.18608989E-03 0.23723086E-03 0.30069203E-03 0.37896796E-03 0.47497883E-03 0.59215558E-03 0.73455854E-03 0.90704152E-03 0.11154761E-02 0.13670485E-02 0.16706392E-02 0.20372861E-02 0.24807184E-02 0.30179278E-02 0.36697138E-02 0.44611051E-02 0.54215223E-02 0.65845102E-02 0.79868495E-02 0.96668710E-02 0.11661849E-01 0.14004466E-01 0.16718515E-01 0.19814215E-01 0.23283752E-01 0.27097844E-01 0.31204213E-01
0.36422875E-06 0.49742983E-06 0.67933528E-06 0.92762972E-06 0.12662044E-05 0.17271729E-05 0.23534490E-05 0.32020408E-05 0.43481719E-05 0.58904199E-05 0.79570068E-05 0.10713473E-04 0.14371822E-04 0.19201361E-04 0.25541281E-04 0.33815081E-04 0.44546871E-04 0.58379354E-04 0.76093588E-04 0.98630287E-04 0.12711277E-03 0.16287173E-03 0.20747280E-03 0.26274827E-03 0.33083594E-03 0.41422894E-03 0.51584354E-03 0.63911200E-03 0.78811082E-03 0.96773468E-03 0.11839261E-02 0.14439672E-02 0.17568325E-02 0.21335935E-02 0.25878433E-02 0.31360957E-02 0.37980792E-02 0.45968236E-02 0.55584106E-02 0.67112481E-02 0.80847387E-02 0.97072558E-02 0.11603427E-01 0.13790847E-01 0.16276492E-01 0.19053258E-01 0.22097148E-01 0.25365682E-01
0.30233761E-06 0.41598398E-06 0.57216256E-06 0.78652375E-06 0.10802191E-05 0.14816763E-05 0.20288596E-05 0.27721526E-05 0.37779556E-05 0.51331549E-05 0.69505838E-05 0.93756538E-05 0.12594259E-04 0.16842075E-04 0.22415370E-04 0.29683335E-04 0.39101920E-04 0.51229221E-04 0.66742074E-04 0.86454038E-04 0.11133452E-03 0.14252936E-03 0.18138323E-03 0.22946524E-03 0.28859965E-03 0.36090504E-03 0.44884625E-03 0.55530601E-03 0.68368266E-03 0.83802246E-03 0.10231934E-02 0.12451050E-02 0.15109729E-02 0.18296185E-02 0.22117804E-02 0.26703997E-02 0.32208194E-02 0.38808203E-02 0.46703978E-02 0.56111771E-02 0.67253746E-02 0.80342435E-02 0.95560096E-02 0.11303387E-01 0.13280871E-01 0.15482111E-01 0.17887733E-01 0.20463989E-01
0.25300986E-06 0.35065914E-06 0.48560355E-06 0.67170614E-06 0.92770173E-06 0.12787554E-05 0.17584501E-05 0.24112942E-05 0.32958666E-05 0.44886920E-05 0.60889873E-05 0.82243583E-05 0.11057629E-04 0.14794815E-04 0.19694371E-04 0.26077685E-04 0.34340871E-04 0.44967692E-04 0.58543662E-04 0.75770963E-04 0.97484354E-04 0.12466801E-03 0.15847365E-03 0.20024075E-03 0.25152046E-03 0.31410541E-03 0.39006917E-03 0.48181939E-03 0.59217099E-03 0.72444432E-03 0.88259386E-03 0.10713705E-02 0.12965156E-02 0.15649794E-02 0.18851443E-02 0.22670248E-02 0.27223981E-02 0.32648081E-02 0.39093721E-02 0.46723167E-02 0.55701764E-02 0.66186149E-02 0.78308731E-02 0.92159133E-02 0.10776402E-01 0.12506750E-01 0.14391469E-01 0.16404126E-01
0.21344279E-06 0.29785447E-06 0.41506026E-06 0.57733978E-06 0.80128139E-06 0.11091499E-05 0.15306234E-05 0.21049909E-05 0.28838719E-05 0.39345942E-05 0.53442862E-05 0.72247959E-05 0.97185505E-05 0.13005390E-04 0.17310449E-04 0.22913096E-04 0.30156890E-04 0.39460517E-04 0.51329514E-04 0.66368815E-04 0.85295740E-04 0.10895371E-03 0.13832669E-03 0.17455502E-03 0.21895350E-03 0.27303372E-03 0.33853289E-03 0.41745284E-03 0.51211259E-03 0.62521978E-03 0.75996357E-03 0.92013159E-03 0.11102494E-02 0.13357358E-02 0.16030602E-02 0.19198787E-02 0.22951166E-02 0.27389534E-02 0.32626604E-02 0.38782371E-02 0.45978014E-02 0.54327053E-02 0.63923814E-02 0.74829722E-02 0.87058457E-02 0.10056151E-01 0.11521608E-01 0.13081719E-01
0.18140444E-06 0.25471705E-06 0.35690858E-06 0.49884685E-06 0.69520372E-06 0.96565299E-06 0.13363881E-05 0.18420348E-05 0.25280160E-05 0.34534719E-05 0.46947932E-05 0.63498672E-05 0.85430686E-05 0.11431133E-04 0.15209849E-04 0.20121645E-04 0.26464001E-04 0.34598623E-04 0.44961253E-04 0.58072024E-04 0.74546131E-04 0.95104862E-04 0.12058701E-03 0.15196101E-03 0.19033843E-03 0.23699016E-03 0.29336696E-03 0.36112684E-03 0.44217218E-03 0.53869977E-03 0.65326573E-03 0.78886819E-03 0.94904444E-03 0.11379791E-02 0.13606116E-02 0.16227272E-02 0.19310051E-02 0.22929946E-02 0.27169814E-02 0.32117072E-02 0.37859111E-02 0.44476734E-02 0.52035689E-02 0.60576656E-02 0.70104442E-02 0.80577495E-02 0.91899075E-02 0.10391153E-01
0.15515265E-06 0.21903209E-06 0.30834942E-06 0.43270767E-06 0.60506094E-06 0.84276078E-06 0.11688818E-05 0.16138781E-05 0.22176434E-05 0.30320213E-05 0.41238588E-05 0.55786481E-05 0.75048010E-05 0.10038652E-04 0.13350150E-04 0.17649275E-04 0.23193125E-04 0.30293603E-04 0.39325596E-04 0.50735464E-04 0.65049819E-04 0.82884290E-04 0.10495246E-03 0.13207503E-03 0.16518969E-03 0.20536245E-03 0.25380176E-03 0.31187699E-03 0.38114355E-03 0.46337654E-03 0.56061517E-03 0.67521821E-03 0.80993061E-03 0.96795597E-03 0.11530283E-02 0.13694697E-02 0.16222168E-02 0.19167929E-02 0.22592005E-02 0.26557082E-02 0.31125093E-02 0.36352415E-02 0.42283712E-02 0.48944711E-02 0.56334428E-02 0.64417641E-02 0.73118555E-02 0.82316675E-02
0.13335574E-06 0.18911296E-06 0.26726052E-06 0.37626302E-06 0.52753097E-06 0.73633141E-06 0.10229406E-05 0.14140802E-05 0.19446985E-05 0.26601406E-05 0.36187610E-05 0.48950553E-05 0.65833090E-05 0.88018523E-05 0.11697891E-04 0.15452920E-04 0.20288685E-04 0.26473609E-04 0.34329575E-04 0.44238931E-04 0.56651556E-04 0.72091920E-04 0.91165945E-04 0.11456785E-03 0.14308714E-03 0.17761633E-03 0.21916009E-03 0.26884710E-03 0.32794614E-03 0.39788766E-03 0.48029247E-03 0.57700808E-03 0.69015161E-03 0.82215729E-03 0.97582183E-03 0.11543396E-02 0.13613140E-02 0.16007303E-02 0.18768704E-02 0.21941526E-02 0.25568814E-02 0.29688987E-02 0.34331424E-02 0.39511300E-02 0.45224066E-02 0.51440108E-02 0.58100260E-02 0.65112889E-02
0.11500689E-06 0.16369850E-06 0.23205738E-06 0.32753155E-06 0.46014068E-06 0.64327849E-06 0.89471023E-06 0.12378155E-05 0.17031242E-05 0.23301835E-05 0.31698003E-05 0.42867140E-05 0.57627219E-05 0.77002671E-05 0.10226552E-04 0.13498091E-04 0.17705712E-04 0.23079920E-04 0.29896511E-04 0.38482329E-04 0.49220981E-04 0.62558404E-04 0.79008199E-04 0.99156581E-04 0.12366726E-03 0.15328634E-03 0.18884794E-03 0.23128117E-03 0.28161954E-03 0.34101386E-03 0.41074959E-03 0.49226896E-03 0.58719758E-03 0.69737342E-03 0.82487381E-03 0.97203533E-03 0.11414559E-02 0.13359694E-02 0.15585797E-02 0.18123415E-02 0.21001786E-02 0.24246345E-02 0.27875580E-02 0.31897403E-02 0.36305257E-02 0.41074388E-02 0.46158704E-02 0.51488753E-02
0.99365273E-07 0.14184995E-06 0.20157017E-06 0.28505074E-06 0.40106244E-06 0.56131590E-06 0.78132389E-06 0.10814760E-05 0.14883548E-05 0.20363427E-05 0.27695424E-05 0.37440488E-05 0.50306116E-05 0.67176958E-05 0.89149120E-05 0.11756893E-04 0.15407459E-04 0.20064089E-04 0.25962565E-04 0.33381679E-04 0.42647866E-04 0.54139585E-04 0.68291380E-04 0.85597479E-04 0.10661505E-03 0.13196708E-03 0.16234543E-03 0.19851434E-03 0.24131525E-03 0.29167349E-03 0.35060753E-03 0.41924138E-03 0.49881938E-03 0.59072242E-03 0.69648279E-03 0.81779289E-03 0.95650256E-03 0.11145962E-02 0.12941422E-02 0.14972054E-02 0.17257167E-02 0.19812962E-02 0.22650332E-02 0.25772321E-02 0.29171435E-02 0.32827057E-02 0.36703293E-02 0.40747588E-02
0.85885344E-07 0.12288517E-06 0.17494193E-06 0.24774496E-06 0.34894747E-06 0.48874807E-06 0.68064262E-06 0.94234653E-06 0.12969245E-05 0.17741647E-05 0.24122176E-05 0.32595351E-05 0.43771193E-05 0.58411204E-05 0.77457298E-05 0.10206429E-04 0.13363479E-04 0.17385632E-04 0.22473974E-04 0.28865771E-04 0.36838200E-04 0.46711812E-04 0.58853609E-04 0.73679615E-04 0.91656899E-04 0.11330515E-03 0.13919786E-03 0.16996353E-03 0.20628728E-03 0.24891336E-03 0.29864905E-03 0.35637007E-03 0.42302762E-03 0.49965591E-03 0.58737849E-03 0.68741053E-03 0.80105278E-03 0.92967186E-03 0.10746619E-02 0.12373808E-02 0.14190576E-02 0.16206688E-02 0.18427855E-02 0.20853990E-02 0.23477362E-02 0.26280837E-02 0.29236427E-02 0.32304361E-02
