Basic/Day4/qtaim/urea/molecule/urea_mol_pl2d.SURFRHOO
DSAA
 161 161
-0.75589045E+01  0.75589045E+01  0.94486307E-01
-0.75589045E+01  0.75589045E+01  0.94486307E-01
 0.00000000E+00  0.00000000E+00
[rows 132 to 153 of 161, columns 0 to 47 of 161]
0.17269028E-07 0.25079305E-07 0.36236034E-07 0.52079110E-07 0.74440783E-07 0.10580984E-06 0.14953841E-06 0.21010892E-06 0.29346837E-06 0.40744456E-06 0.56225961E-06 0.77115426E-06 0.10511395E-05 0.14238875E-05 0.19167779E-05 0.25641004E-05 0.34084256E-05 0.45021300E-05 0.59090653E-05 0.77063440E-05 0.99861975E-05 0.12857855E-04 0.16449367E-04 0.20909284E-04 0.26408106E-04 0.33139384E-04 0.41320378E-04 0.51192169E-04 0.63019159E-04 0.77087878E-04 0.93705086E-04 0.11319512E-03 0.13589646E-03 0.16215747E-03 0.19233117E-03 0.22676875E-03 0.26581151E-03 0.30978057E-03 0.35896380E-03 0.41359902E-03 0.47385298E-03 0.53979567E-03 0.61137002E-03 0.68835801E-03 0.77034508E-03 0.85668589E-03 0.94647542E-03 0.10385305E-02
0.14794876E-07 0.21518764E-07 0.31128493E-07 0.44778434E-07 0.64046195E-07 0.91070978E-07 0.12873346E-06 0.18087955E-06 0.25260594E-06 0.35061255E-06 0.48363667E-06 0.66297981E-06 0.90313985E-06 0.12225600E-05 0.16445024E-05 0.21980537E-05 0.29192641E-05 0.38524109E-05 0.50513756E-05 0.65811087E-05 0.85191450E-05 0.10957121E-04 0.14002226E-04 0.17778524E-04 0.22428036E-04 0.28111512E-04 0.35008785E-04 0.43318617E-04 0.53257951E-04 0.65060516E-04 0.78974722E-04 0.95260825E-04 0.11418733E-03 0.13602660E-03 0.16104959E-03 0.18951957E-03 0.22168469E-03 0.25776899E-03 0.29796157E-03 0.34240349E-03 0.39117208E-03 0.44426260E-03 0.50156725E-03 0.56285268E-03 0.62773687E-03 0.69566785E-03 0.76590672E-03 0.83751829E-03
0.12640352E-07 0.18404904E-07 0.26645594E-07 0.38351579E-07 0.54873515E-07 0.78041223E-07 0.11031596E-06 0.15498036E-06 0.21637941E-06 0.30021821E-06 0.41392684E-06 0.56710351E-06 0.77204407E-06 0.10443682E-05 0.14037476E-05 0.18747436E-05 0.24877480E-05 0.32800297E-05 0.42968656E-05 0.55927397E-05 0.72325748E-05 0.92929556E-05 0.11863286E-04 0.15046817E-04 0.18961462E-04 0.23740329E-04 0.29531867E-04 0.36499562E-04 0.44821079E-04 0.54686823E-04 0.66297821E-04 0.79862946E-04 0.95595417E-04 0.11370858E-03 0.13441094E-03 0.15790038E-03 0.18435750E-03 0.21393792E-03 0.24676344E-03 0.28291172E-03 0.32240469E-03 0.36519536E-03 0.41115350E-03 0.46005071E-03 0.51154579E-03 0.56517194E-03 0.62032741E-03 0.67627175E-03
0.10760524E-07 0.15679152E-07 0.22710898E-07 0.32698550E-07 0.46791924E-07 0.66547627E-07 0.94056191E-07 0.13210469E-06 0.18437697E-06 0.25570482E-06 0.35237355E-06 0.48249247E-06 0.65643695E-06 0.88736945E-06 0.11918452E-05 0.15905041E-05 0.21088509E-05 0.27781125E-05 0.36361687E-05 0.47285285E-05 0.61093303E-05 0.78423246E-05 0.10001795E-04 0.12673357E-04 0.15954574E-04 0.19955309E-04 0.24797749E-04 0.30616021E-04 0.37555321E-04 0.45770516E-04 0.55424158E-04 0.66683882E-04 0.79719172E-04 0.94697492E-04 0.11177978E-03 0.13111531E-03 0.15283586E-03 0.17704923E-03 0.20383201E-03 0.23322161E-03 0.26520749E-03 0.29972179E-03 0.33662951E-03 0.37571880E-03 0.41669184E-03 0.45915753E-03 0.50262687E-03 0.54651255E-03
0.91205596E-08 0.13295474E-07 0.19263407E-07 0.27738218E-07 0.39693030E-07 0.56444095E-07 0.79757837E-07 0.11198567E-06 0.15623437E-06 0.21657317E-06 0.29829020E-06 0.40820013E-06 0.55501181E-06 0.74976022E-06 0.10063071E-05 0.13419127E-05 0.17778762E-05 0.23402402E-05 0.30605508E-05 0.39766517E-05 0.51334934E-05 0.65839221E-05 0.83894104E-05 0.10620679E-04 0.13358157E-04 0.16692216E-04 0.20723110E-04 0.25560573E-04 0.31322987E-04 0.38136090E-04 0.46131174E-04 0.55442742E-04 0.66205619E-04 0.78551517E-04 0.92605066E-04 0.10847934E-03 0.12627088E-03 0.14605428E-03 0.16787633E-03 0.19174979E-03 0.21764679E-03 0.24549214E-03 0.27515660E-03 0.30645060E-03 0.33911878E-03 0.37283604E-03 0.40720585E-03 0.44176159E-03
0.76915051E-08 0.11216325E-07 0.16252467E-07 0.23401960E-07 0.33483445E-07 0.47603308E-07 0.67245048E-07 0.94382012E-07 0.13161766E-06 0.18236070E-06 0.25103501E-06 0.34333598E-06 0.46653419E-06 0.62983197E-06 0.84477571E-06 0.11257255E-05 0.14903803E-05 0.19603542E-05 0.25617931E-05 0.33260218E-05 0.42901946E-05 0.54979282E-05 0.69998799E-05 0.88542318E-05 0.11127033E-04 0.13892350E-04 0.17232168E-04 0.21235991E-04 0.26000084E-04 0.31626321E-04 0.38220589E-04 0.45890741E-04 0.54744075E-04 0.64884357E-04 0.76408401E-04 0.89402254E-04 0.10393701E-03 0.12006433E-03 0.13781171E-03 0.15717761E-03 0.17812652E-03 0.20058406E-03 0.22443246E-03 0.24950645E-03 0.27559018E-03 0.30241532E-03 0.32966101E-03 0.35695609E-03
0.64525305E-08 0.94087240E-08 0.13634281E-07 0.19629359E-07 0.28079540E-07 0.39909157E-07 0.56356607E-07 0.79067827E-07 0.11021280E-06 0.15262872E-06 0.20999640E-06 0.28704887E-06 0.38982231E-06 0.52594906E-06 0.70499564E-06 0.93884689E-06 0.12421347E-05 0.16327072E-05 0.21321298E-05 0.27662061E-05 0.35655039E-05 0.45658594E-05 0.58088346E-05 0.73420934E-05 0.92196570E-05 0.11501997E-04 0.14255915E-04 0.17554175E-04 0.21474829E-04 0.26100213E-04 0.31515570E-04 0.37807288E-04 0.45060756E-04 0.53357819E-04 0.62773894E-04 0.73374760E-04 0.85213077E-04 0.98324718E-04 0.11272497E-03 0.12840470E-03 0.14532663E-03 0.16342179E-03 0.18258638E-03 0.20267922E-03 0.22351998E-03 0.24488862E-03 0.26652612E-03 0.28813705E-03
0.53819707E-08 0.78472712E-08 0.11369622E-07 0.16365453E-07 0.23404174E-07 0.33253257E-07 0.46940171E-07 0.65829466E-07 0.91718718E-07 0.12695665E-06 0.17458633E-06 0.23851951E-06 0.32373905E-06 0.43654001E-06 0.58480519E-06 0.77831815E-06 0.10291116E-05 0.13518478E-05 0.17642238E-05 0.22873916E-05 0.29463779E-05 0.37704883E-05 0.47936673E-05 0.60547899E-05 0.75978525E-05 0.94720250E-05 0.11731532E-04 0.14435316E-04 0.17646459E-04 0.21431319E-04 0.25858365E-04 0.30996690E-04 0.36914200E-04 0.43675495E-04 0.51339450E-04 0.59956561E-04 0.69566077E-04 0.80193017E-04 0.91845129E-04 0.10450989E-03 0.11815165E-03 0.13270906E-03 0.14809288E-03 0.16418439E-03 0.18083449E-03 0.19786379E-03 0.21506378E-03 0.23219930E-03
0.44619122E-08 0.65048360E-08 0.94217002E-08 0.13559113E-07 0.19384854E-07 0.27532903E-07 0.38850449E-07 0.54461824E-07 0.75847081E-07 0.10493862E-06 0.14423857E-06 0.19695926E-06 0.26719166E-06 0.36009802E-06 0.48213762E-06 0.64132004E-06 0.84748730E-06 0.11126207E-05 0.14511675E-05 0.18803779E-05 0.24206414E-05 0.30958060E-05 0.39334637E-05 0.49651760E-05 0.62266154E-05 0.77575931E-05 0.96019436E-05 0.11807233E-04 0.14424263E-04 0.17506350E-04 0.21108342E-04 0.25285386E-04 0.30091425E-04 0.35577440E-04 0.41789464E-04 0.48766394E-04 0.56537663E-04 0.65120825E-04 0.74519126E-04 0.84719155E-04 0.95688661E-04 0.10737465E-03 0.11970185E-03 0.13257174E-03 0.14586215E-03 0.15942764E-03 0.17310086E-03 0.18669477E-03
0.36759857E-08 0.53579693E-08 0.77586147E-08 0.11161434E-07 0.15952855E-07 0.22650225E-07 0.31948475E-07 0.44768262E-07 0.62320728E-07 0.86186098E-07 0.11840908E-06 0.16161323E-06 0.21913574E-06 0.29518693E-06 0.39502905E-06 0.52518279E-06 0.69365389E-06 0.91018012E-06 0.11864928E-05 0.15365868E-05 0.19769880E-05 0.25270075E-05 0.32089628E-05 0.40483561E-05 0.50739770E-05 0.63179154E-05 0.78154550E-05 0.96048250E-05 0.11726783E-04 0.14224016E-04 0.17140327E-04 0.20519625E-04 0.24404683E-04 0.28835707E-04 0.33848710E-04 0.39473737E-04 0.45732980E-04 0.52638841E-04 0.60192000E-04 0.68379572E-04 0.77173433E-04 0.86528801E-04 0.96383163E-04 0.10665565E-03 0.11724694E-03 0.12803982E-03 0.13890040E-03 0.14968011E-03
0.30090481E-08 0.43847740E-08 0.63476031E-08 0.91287576E-08 0.13042192E-07 0.18512090E-07 0.26101773E-07 0.36561180E-07 0.50875254E-07 0.70328305E-07 0.96581099E-07 0.13176318E-06 0.17858193E-06 0.24044931E-06 0.32162891E-06 0.42739871E-06 0.56423430E-06 0.74000612E-06 0.96418860E-06 0.12480747E-05 0.16049887E-05 0.20504862E-05 0.26025297E-05 0.32816222E-05 0.41108875E-05 0.51160711E-05 0.63254466E-05 0.77696064E-05 0.94811174E-05 0.11494025E-04 0.13843196E-04 0.16563484E-04 0.19688730E-04 0.23250596E-04 0.27277250E-04 0.31791941E-04 0.36811479E-04 0.42344692E-04 0.48390894E-04 0.54938445E-04 0.61963459E-04 0.69428739E-04 0.77283015E-04 0.85460554E-04 0.93881216E-04 0.10245101E-03 0.11106323E-03 0.11960013E-03
0.24469757E-08 0.35647731E-08 0.51589948E-08 0.74170316E-08 0.10593140E-07 0.15029638E-07 0.21184987E-07 0.29663088E-07 0.41260702E-07 0.57015172E-07 0.78267146E-07 0.10673469E-06 0.14460078E-06 0.19461507E-06 0.26021024E-06 0.34563465E-06 0.45609603E-06 0.59791984E-06 0.77871520E-06 0.10075452E-05 0.12950948E-05 0.16538287E-05 0.20981280E-05 0.26443947E-05 0.33111083E-05 0.41188247E-05 0.50900938E-05 0.62492863E-05 0.76223111E-05 0.92362133E-05 0.11118638E-04 0.13297161E-04 0.15798479E-04 0.18647476E-04 0.21866162E-04 0.25472540E-04 0.29479388E-04 0.33893038E-04 0.38712165E-04 0.43926662E-04 0.49516644E-04 0.55451644E-04 0.61690062E-04 0.68178926E-04 0.74854011E-04 0.81640363E-04 0.88453265E-04 0.95199650E-04
0.19766882E-08 0.28788393E-08 0.41650636E-08 0.59861740E-08 0.85467813E-08 0.12122186E-07 0.17079902E-07 0.23907811E-07 0.33243319E-07 0.45919821E-07 0.63012861E-07 0.85900044E-07 0.11633082E-06 0.15650758E-06 0.20917852E-06 0.27774186E-06 0.36636225E-06 0.48009413E-06 0.62501405E-06 0.80835489E-06 0.10386382E-05 0.13257979E-05 0.16812865E-05 0.21181557E-05 0.26511004E-05 0.32964489E-05 0.40720988E-05 0.49973726E-05 0.60927889E-05 0.73797375E-05 0.88800499E-05 0.10615461E-04 0.12606963E-04 0.14874059E-04 0.17433921E-04 0.20300484E-04 0.23483485E-04 0.26987496E-04 0.30810978E-04 0.34945397E-04 0.39374457E-04 0.44073493E-04 0.49009069E-04 0.54138826E-04 0.59411626E-04 0.64768014E-04 0.70141023E-04 0.75457330E-04
0.15860865E-08 0.23093063E-08 0.33400771E-08 0.47990137E-08 0.68496454E-08 0.97119759E-08 0.13679529E-07 0.19140815E-07 0.26607040E-07 0.36740588E-07 0.50399667E-07 0.68682065E-07 0.92981217E-07 0.12505047E-06 0.16707661E-06 0.22176246E-06 0.29241779E-06 0.38305867E-06 0.49850967E-06 0.64451037E-06 0.82781885E-06 0.10563082E-05 0.13390495E-05 0.16863730E-05 0.21099006E-05 0.26225386E-05 0.32384187E-05 0.39727859E-05 0.48418124E-05 0.58623379E-05 0.70515272E-05 0.84264419E-05 0.10003528E-04 0.11798022E-04 0.13823289E-04 0.16090103E-04 0.18605893E-04 0.21373983E-04 0.24392848E-04 0.27655432E-04 0.31148553E-04 0.34852444E-04 0.38740452E-04 0.42778951E-04 0.46927477E-04 0.51139118E-04 0.55361180E-04 0.59536111E-04
0.12640863E-08 0.18399589E-08 0.26604615E-08 0.38214153E-08 0.54526942E-08 0.77289181E-08 0.10883035E-07 0.15223213E-07 0.21153862E-07 0.29201297E-07 0.40046520E-07 0.54556276E-07 0.73834683E-07 0.99269058E-07 0.13258888E-06 0.17593079E-06 0.23191026E-06 0.30369862E-06 0.39510395E-06 0.51065531E-06 0.65568136E-06 0.83638686E-06 0.10599165E-05 0.13344020E-05 0.16689858E-05 0.20738133E-05 0.25599873E-05 0.31394728E-05 0.38249536E-05 0.46296233E-05 0.55669154E-05 0.66501645E-05 0.78922019E-05 0.93048891E-05 0.10898596E-04 0.12681636E-04 0.14659679E-04 0.16835152E-04 0.19206665E-04 0.21768477E-04 0.24510044E-04 0.27415660E-04 0.30464247E-04 0.33629288E-04 0.36878958E-04 0.40176445E-04 0.43480478E-04 0.46746075E-04
0.10006415E-08 0.14560860E-08 0.21048182E-08 0.30224533E-08 0.43114539E-08 0.61095439E-08 0.86003636E-08 0.12026776E-07 0.16707417E-07 0.23056779E-07 0.31609622E-07 0.43051608E-07 0.58248047E-07 0.78290863E-07 0.10453950E-06 0.13867275E-06 0.18274473E-06 0.23924521E-06 0.31116267E-06 0.40204848E-06 0.51608106E-06 0.65812209E-06 0.83376717E-06 0.10493815E-05 0.13121174E-05 0.16299071E-05 0.20114254E-05 0.24660158E-05 0.30035746E-05 0.36343864E-05 0.43689138E-05 0.52175300E-05 0.61902025E-05 0.72961277E-05 0.85433234E-05 0.99381892E-05 0.11485046E-04 0.13185675E-04 0.15038867E-04 0.17040016E-04 0.19180765E-04 0.21448739E-04 0.23827384E-04 0.26295927E-04 0.28829487E-04 0.31399331E-04 0.33973298E-04 0.36516385E-04
0.78671785E-09 0.11444995E-08 0.16539591E-08 0.23744025E-08 0.33861271E-08 0.47970411E-08 0.67509840E-08 0.94381359E-08 0.13107882E-07 0.18084606E-07 0.24786626E-07 0.33748904E-07 0.45651091E-07 0.61343565E-07 0.81889202E-07 0.10859898E-06 0.14307637E-06 0.18726414E-06 0.24349343E-06 0.31453343E-06 0.40363984E-06 0.51460084E-06 0.65177331E-06 0.82011135E-06 0.10251789E-05 0.12731434E-05 0.15707458E-05 0.19252423E-05 0.23443131E-05 0.28359359E-05 0.34082163E-05 0.40691852E-05 0.48265491E-05 0.56874070E-05 0.66579339E-05 0.77430395E-05 0.89460124E-05 0.10268162E-04 0.11708472E-04 0.13263286E-04 0.14926040E-04 0.16687056E-04 0.18533421E-04 0.20448965E-04 0.22414346E-04 0.24407263E-04 0.26402784E-04 0.28373800E-04
0.61432457E-09 0.89348137E-09 0.12908804E-08 0.18527093E-08 0.26414887E-08 0.37412129E-08 0.52638119E-08 0.73572375E-08 0.10215455E-07 0.14090644E-07 0.19307986E-07 0.26283167E-07 0.35543066E-07 0.47750893E-07 0.63729218E-07 0.84496256E-07 0.11129602E-06 0.14563524E-06 0.18932119E-06 0.24450017E-06 0.31369462E-06 0.39983783E-06 0.50630231E-06 0.63692230E-06 0.79600096E-06 0.98830644E-06 0.12190477E-05 0.14938290E-05 0.18185785E-05 0.21994494E-05 0.26426912E-05 0.31544891E-05 0.37407714E-05 0.44069930E-05 0.51578892E-05 0.59972126E-05 0.69274594E-05 0.79495936E-05 0.90627822E-05 0.10264153E-04 0.11548588E-04 0.12908572E-04 0.14334100E-04 0.15812660E-04 0.17329307E-04 0.18866827E-04 0.20405992E-04 0.21925918E-04
0.47641447E-09 0.69273795E-09 0.10006946E-08 0.14358839E-08 0.20467323E-08 0.28981860E-08 0.40767776E-08 0.56968574E-08 0.79083045E-08 0.10905939E-07 0.14940886E-07 0.20334090E-07 0.27492279E-07 0.36926294E-07 0.49272125E-07 0.65315983E-07 0.86014588E-07 0.11253037E-06 0.14625594E-06 0.18884458E-06 0.24223887E-06 0.30869678E-06 0.39081395E-06 0.49153898E-06 0.61418172E-06 0.76240693E-06 0.94021687E-06 0.11519153E-05 0.14020529E-05 0.16953502E-05 0.20365983E-05 0.24305357E-05 0.28817017E-05 0.33942655E-05 0.39718418E-05 0.46172872E-05 0.53324906E-05 0.61181621E-05 0.69736310E-05 0.78966605E-05 0.88832923E-05 0.99277290E-05 0.11022267E-04 0.12157285E-04 0.13321303E-04 0.14501108E-04 0.15681953E-04 0.16847832E-04
0.36698787E-09 0.53350486E-09 0.77045053E-09 0.11053383E-08 0.15752237E-08 0.22300613E-08 0.31363055E-08 0.43817633E-08 0.60814954E-08 0.83850327E-08 0.11485075E-07 0.15627856E-07 0.21125298E-07 0.28369150E-07 0.37846970E-07 0.50160128E-07 0.66044828E-07 0.86388675E-07 0.11225904E-06 0.14492168E-06 0.18586337E-06 0.23681193E-06 0.29975276E-06 0.37694089E-06 0.47090600E-06 0.58444835E-06 0.72062581E-06 0.88272438E-06 0.10742172E-05 0.12987054E-05 0.15598423E-05 0.18612383E-05 0.22063491E-05 0.25983470E-05 0.30399776E-05 0.35334048E-05 0.40800529E-05 0.46804451E-05 0.53340492E-05 0.60391382E-05 0.67926716E-05 0.75902071E-05 0.84258506E-05 0.92922492E-05 0.10180636E-04 0.11080926E-04 0.11981873E-04 0.12871274E-04
0.28077651E-09 0.40809121E-09 0.58921691E-09 0.84511404E-09 0.12041980E-08 0.17044596E-08 0.23966611E-08 0.33477812E-08 0.46455792E-08 0.64040806E-08 0.87702032E-08 0.11931639E-07 0.16126112E-07 0.21652094E-07 0.28880985E-07 0.38270817E-07 0.50381156E-07 0.65889212E-07 0.85608184E-07 0.11049869E-06 0.14169278E-06 0.18050440E-06 0.22844310E-06 0.28722294E-06 0.35876598E-06 0.44519976E-06 0.54884547E-06 0.67219834E-06 0.81789364E-06 0.98866299E-06 0.11872760E-05 0.14164686E-05 0.16788576E-05 0.19768429E-05 0.23124993E-05 0.26874593E-05 0.31027925E-05 0.35588828E-05 0.40553141E-05 0.45907631E-05 0.51629104E-05 0.57683745E-05 0.64026736E-05 0.70602221E-05 0.77343645E-05 0.84174496E-05 0.91009481E-05 0.97756103E-05
0.21336204E-09 0.31004869E-09 0.44757453E-09 0.64183934E-09 0.91435154E-09 0.12939830E-08 0.18192175E-08 0.25407509E-08 0.35251158E-08 0.48587016E-08 0.66527953E-08 0.90495471E-08 0.12228965E-07 0.16417014E-07 0.21894828E-07 0.29009008E-07 0.38182970E-07 0.49929004E-07 0.64860975E-07 0.83708333E-07 0.10732412E-06 0.13670231E-06 0.17298356E-06 0.21746270E-06 0.27159159E-06 0.33697647E-06 0.41536983E-06 0.50865419E-06 0.61881730E-06 0.74791976E-06 0.89804903E-06 0.10712665E-05 0.12695426E-05 0.14946832E-05 0.17482479E-05 0.20314616E-05 0.23451237E-05 0.26895166E-05 0.30643178E-05 0.34685217E-05 0.39003700E-05 0.43573052E-05 0.48359412E-05 0.53320604E-05 0.58406404E-05 0.63559104E-05 0.68714392E-05 0.73802554E-05
