Basic/Day4/qtaim/urea/molecule/urea_mol_pl2d.SURFRHOO
DSAA
 161 161
-0.75589045E+01  0.75589045E+01  0.94486307E-01
-0.75589045E+01  0.75589045E+01  0.94486307E-01
 0.00000000E+00  0.00000000E+00
[rows 132 to 153 of 161, columns 96 to 143 of 161]
0.13715793E-02 0.14494963E-02 0.15193483E-02 0.15789549E-02 0.16263581E-02 0.16599335E-02 0.16784872E-02 0.16813288E-02 0.16683134E-02 0.16398479E-02 0.15968613E-02 0.15407422E-02 0.14732483E-02 0.13963986E-02 0.13123562E-02 0.12233132E-02 0.11313863E-02 0.10385305E-02 0.94647542E-03 0.85668589E-03 0.77034508E-03 0.68835801E-03 0.61137002E-03 0.53979567E-03 0.47385298E-03 0.41359902E-03 0.35896380E-03 0.30978057E-03 0.26581151E-03 0.22676875E-03 0.19233117E-03 0.16215747E-03 0.13589646E-03 0.11319512E-03 0.93705086E-04 0.77087878E-04 0.63019159E-04 0.51192169E-04 0.41320378E-04 0.33139384E-04 0.26408106E-04 0.20909284E-04 0.16449367E-04 0.12857855E-04 0.99861975E-05 0.77063440E-05 0.59090653E-05 0.45021300E-05
0.10955243E-02 0.11545502E-02 0.12072974E-02 0.12521799E-02 0.12877798E-02 0.13129243E-02 0.13267525E-02 0.13287656E-02 0.13188556E-02 0.12973097E-02 0.12647898E-02 0.12222892E-02 0.11710705E-02 0.11125904E-02 0.10484191E-02 0.98015915E-03 0.90937244E-03 0.83751829E-03 0.76590672E-03 0.69566785E-03 0.62773687E-03 0.56285268E-03 0.50156725E-03 0.44426260E-03 0.39117208E-03 0.34240349E-03 0.29796157E-03 0.25776899E-03 0.22168469E-03 0.18951957E-03 0.16104959E-03 0.13602660E-03 0.11418733E-03 0.95260825E-04 0.78974722E-04 0.65060516E-04 0.53257951E-04 0.43318617E-04 0.35008785E-04 0.28111512E-04 0.22428036E-04 0.17778524E-04 0.14002226E-04 0.10957121E-04 0.85191450E-05 0.65811087E-05 0.50513756E-05 0.38524109E-05
0.87721170E-03 0.92215356E-03 0.96218816E-03 0.99615619E-03 0.10230263E-02 0.10419481E-02 0.10522984E-02 0.10537153E-02 0.10461179E-02 0.10297093E-02 0.10049627E-02 0.97259108E-03 0.93350482E-03 0.88875962E-03 0.83950021E-03 0.78690410E-03 0.73212964E-03 0.67627175E-03 0.62032741E-03 0.56517194E-03 0.51154579E-03 0.46005071E-03 0.41115350E-03 0.36519536E-03 0.32240469E-03 0.28291172E-03 0.24676344E-03 0.21393792E-03 0.18435750E-03 0.15790038E-03 0.13441094E-03 0.11370858E-03 0.95595417E-04 0.79862946E-04 0.66297821E-04 0.54686823E-04 0.44821079E-04 0.36499562E-04 0.29531867E-04 0.23740329E-04 0.18961462E-04 0.15046817E-04 0.11863286E-04 0.92929556E-05 0.72325748E-05 0.55927397E-05 0.42968656E-05 0.32800297E-05
0.70382642E-03 0.73823284E-03 0.76878891E-03 0.79464202E-03 0.81503749E-03 0.82935527E-03 0.83714149E-03 0.83813211E-03 0.83226628E-03 0.81968834E-03 0.80073806E-03 0.77593011E-03 0.74592448E-03 0.71149063E-03 0.67346825E-03 0.63272783E-03 0.59013380E-03 0.54651255E-03 0.50262687E-03 0.45915753E-03 0.41669184E-03 0.37571880E-03 0.33662951E-03 0.29972179E-03 0.26520749E-03 0.23322161E-03 0.20383201E-03 0.17704923E-03 0.15283586E-03 0.13111531E-03 0.11177978E-03 0.94697492E-04 0.79719172E-04 0.66683882E-04 0.55424158E-04 0.45770516E-04 0.37555321E-04 0.30616021E-04 0.24797749E-04 0.19955309E-04 0.15954574E-04 0.12673357E-04 0.10001795E-04 0.78423246E-05 0.61093303E-05 0.47285285E-05 0.36361687E-05 0.27781125E-05
0.56551002E-03 0.59199753E-03 0.61545320E-03 0.63524545E-03 0.65081805E-03 0.66171563E-03 0.66760538E-03 0.66829330E-03 0.66373333E-03 0.65402867E-03 0.63942501E-03 0.62029638E-03 0.59712467E-03 0.57047473E-03 0.54096695E-03 0.50924943E-03 0.47597173E-03 0.44176159E-03 0.40720585E-03 0.37283604E-03 0.33911878E-03 0.30645060E-03 0.27515660E-03 0.24549214E-03 0.21764679E-03 0.19174979E-03 0.16787633E-03 0.14605428E-03 0.12627088E-03 0.10847934E-03 0.92605066E-04 0.78551517E-04 0.66205619E-04 0.55442742E-04 0.46131174E-04 0.38136090E-04 0.31322987E-04 0.25560573E-04 0.20723110E-04 0.16692216E-04 0.13358157E-04 0.10620679E-04 0.83894104E-05 0.65839221E-05 0.51334934E-05 0.39766517E-05 0.30605508E-05 0.23402402E-05
0.45469560E-03 0.47519485E-03 0.49329966E-03 0.50853840E-03 0.52049783E-03 0.52884080E-03 0.53332132E-03 0.53379570E-03 0.53022887E-03 0.52269521E-03 0.51137388E-03 0.49653893E-03 0.47854511E-03 0.45781045E-03 0.43479697E-03 0.40999095E-03 0.38388402E-03 0.35695609E-03 0.32966101E-03 0.30241532E-03 0.27559018E-03 0.24950645E-03 0.22443246E-03 0.20058406E-03 0.17812652E-03 0.15717761E-03 0.13781171E-03 0.12006433E-03 0.10393701E-03 0.89402254E-04 0.76408401E-04 0.64884357E-04 0.54744075E-04 0.45890741E-04 0.38220589E-04 0.31626321E-04 0.26000084E-04 0.21235991E-04 0.17232168E-04 0.13892350E-04 0.11127033E-04 0.88542318E-05 0.69998799E-05 0.54979282E-05 0.42901946E-05 0.33260218E-05 0.25617931E-05 0.19603542E-05
0.36557491E-03 0.38151441E-03 0.39555864E-03 0.40735253E-03 0.41658647E-03 0.42300871E-03 0.42643584E-03 0.42676056E-03 0.42395603E-03 0.41807637E-03 0.40925342E-03 0.39768981E-03 0.38364901E-03 0.36744308E-03 0.34941897E-03 0.32994438E-03 0.30939402E-03 0.28813705E-03 0.26652612E-03 0.24488862E-03 0.22351998E-03 0.20267922E-03 0.18258638E-03 0.16342179E-03 0.14532663E-03 0.12840470E-03 0.11272497E-03 0.98324718E-04 0.85213077E-04 0.73374760E-04 0.62773894E-04 0.53357819E-04 0.45060756E-04 0.37807288E-04 0.31515570E-04 0.26100213E-04 0.21474829E-04 0.17554175E-04 0.14255915E-04 0.11501997E-04 0.92196570E-05 0.73420934E-05 0.58088346E-05 0.45658594E-05 0.35655039E-05 0.27662061E-05 0.21321298E-05 0.16327072E-05
0.29367856E-03 0.30612042E-03 0.31706005E-03 0.32622805E-03 0.33339053E-03 0.33835790E-03 0.34099227E-03 0.34121282E-03 0.33899890E-03 0.33439031E-03 0.32748500E-03 0.31843420E-03 0.30743536E-03 0.29472341E-03 0.28056099E-03 0.26522819E-03 0.24901248E-03 0.23219930E-03 0.21506378E-03 0.19786379E-03 0.18083449E-03 0.16418439E-03 0.14809288E-03 0.13270906E-03 0.11815165E-03 0.10450989E-03 0.91845129E-04 0.80193017E-04 0.69566077E-04 0.59956561E-04 0.51339450E-04 0.43675495E-04 0.36914200E-04 0.30996690E-04 0.25858365E-04 0.21431319E-04 0.17646459E-04 0.14435316E-04 0.11731532E-04 0.94720250E-05 0.75978525E-05 0.60547899E-05 0.47936673E-05 0.37704883E-05 0.29463779E-05 0.22873916E-05 0.17642238E-05 0.13518478E-05
0.23555040E-03 0.24528970E-03 0.25383776E-03 0.26098875E-03 0.26656464E-03 0.27042152E-03 0.27245489E-03 0.27260343E-03 0.27085116E-03 0.26722767E-03 0.26180642E-03 0.25470128E-03 0.24606148E-03 0.23606529E-03 0.22491299E-03 0.21281931E-03 0.20000601E-03 0.18669477E-03 0.17310086E-03 0.15942764E-03 0.14586215E-03 0.13257174E-03 0.11970185E-03 0.10737465E-03 0.95688661E-04 0.84719155E-04 0.74519126E-04 0.65120825E-04 0.56537663E-04 0.48766394E-04 0.41789464E-04 0.35577440E-04 0.30091425E-04 0.25285386E-04 0.21108342E-04 0.17506350E-04 0.14424263E-04 0.11807233E-04 0.96019436E-05 0.77575931E-05 0.62266154E-05 0.49651760E-05 0.39334637E-05 0.30958060E-05 0.24206414E-05 0.18803779E-05 0.14511675E-05 0.11126207E-05
0.18849859E-03 0.19613557E-03 0.20282836E-03 0.20841876E-03 0.21277040E-03 0.21577332E-03 0.21734775E-03 0.21744686E-03 0.21605825E-03 0.21320413E-03 0.20894006E-03 0.20335248E-03 0.19655500E-03 0.18868385E-03 0.17989267E-03 0.17034697E-03 0.16021854E-03 0.14968011E-03 0.13890040E-03 0.12803982E-03 0.11724694E-03 0.10665565E-03 0.96383163E-04 0.86528801E-04 0.77173433E-04 0.68379572E-04 0.60192000E-04 0.52638841E-04 0.45732980E-04 0.39473737E-04 0.33848710E-04 0.28835707E-04 0.24404683E-04 0.20519625E-04 0.17140327E-04 0.14224016E-04 0.11726783E-04 0.96048250E-05 0.78154550E-05 0.63179154E-05 0.50739770E-05 0.40483561E-05 0.32089628E-05 0.25270075E-05 0.19769880E-05 0.15365868E-05 0.11864928E-05 0.91018012E-06
0.15040777E-03 0.15639989E-03 0.16164464E-03 0.16601990E-03 0.16942066E-03 0.17176244E-03 0.17298402E-03 0.17304945E-03 0.17194909E-03 0.16969975E-03 0.16634376E-03 0.16194716E-03 0.15659697E-03 0.15039785E-03 0.14346824E-03 0.13593621E-03 0.12793523E-03 0.11960013E-03 0.11106323E-03 0.10245101E-03 0.93881216E-04 0.85460554E-04 0.77283015E-04 0.69428739E-04 0.61963459E-04 0.54938445E-04 0.48390894E-04 0.42344692E-04 0.36811479E-04 0.31791941E-04 0.27277250E-04 0.23250596E-04 0.19688730E-04 0.16563484E-04 0.13843196E-04 0.11494025E-04 0.94811174E-05 0.77696064E-05 0.63254466E-05 0.51160711E-05 0.41108875E-05 0.32816222E-05 0.26025297E-05 0.20504862E-05 0.16049887E-05 0.12480747E-05 0.96418860E-06 0.74000612E-06
0.11959892E-03 0.12429832E-03 0.12840741E-03 0.13183160E-03 0.13448980E-03 0.13631684E-03 0.13726556E-03 0.13730823E-03 0.13643736E-03 0.13466576E-03 0.13202587E-03 0.12856838E-03 0.12436026E-03 0.11948221E-03 0.11402583E-03 0.10809046E-03 0.10177996E-03 0.95199650E-04 0.88453265E-04 0.81640363E-04 0.74854011E-04 0.68178926E-04 0.61690062E-04 0.55451644E-04 0.49516644E-04 0.43926662E-04 0.38712165E-04 0.33893038E-04 0.29479388E-04 0.25472540E-04 0.21866162E-04 0.18647476E-04 0.15798479E-04 0.13297161E-04 0.11118638E-04 0.92362133E-05 0.76223111E-05 0.62492863E-05 0.50900938E-05 0.41188247E-05 0.33111083E-05 0.26443947E-05 0.20981280E-05 0.16538287E-05 0.12950948E-05 0.10075452E-05 0.77871520E-06 0.59791984E-06
0.94725843E-04 0.98406148E-04 0.10162150E-03 0.10429857E-03 0.10637457E-03 0.10779914E-03 0.10853585E-03 0.10856327E-03 0.10787560E-03 0.10648262E-03 0.10440930E-03 0.10169467E-03 0.98390399E-04 0.94558881E-04 0.90271059E-04 0.85604060E-04 0.80638752E-04 0.75457330E-04 0.70141023E-04 0.64768014E-04 0.59411626E-04 0.54138826E-04 0.49009069E-04 0.44073493E-04 0.39374457E-04 0.34945397E-04 0.30810978E-04 0.26987496E-04 0.23483485E-04 0.20300484E-04 0.17433921E-04 0.14874059E-04 0.12606963E-04 0.10615461E-04 0.88800499E-05 0.73797375E-05 0.60927889E-05 0.49973726E-05 0.40720988E-05 0.32964489E-05 0.26511004E-05 0.21181557E-05 0.16812865E-05 0.13257979E-05 0.10386382E-05 0.80835489E-06 0.62501405E-06 0.48009413E-06
0.74698903E-04 0.77574518E-04 0.80085180E-04 0.82174021E-04 0.83792424E-04 0.84901429E-04 0.85472872E-04 0.85490195E-04 0.84948873E-04 0.83856441E-04 0.82232120E-04 0.80106033E-04 0.77518090E-04 0.74516555E-04 0.71156394E-04 0.67497475E-04 0.63602693E-04 0.59536111E-04 0.55361180E-04 0.51139118E-04 0.46927477E-04 0.42778951E-04 0.38740452E-04 0.34852444E-04 0.31148553E-04 0.27655432E-04 0.24392848E-04 0.21373983E-04 0.18605893E-04 0.16090103E-04 0.13823289E-04 0.11798022E-04 0.10003528E-04 0.84264419E-05 0.70515272E-05 0.58623379E-05 0.48418124E-05 0.39727859E-05 0.32384187E-05 0.26225386E-05 0.21099006E-05 0.16863730E-05 0.13390495E-05 0.10563082E-05 0.82781885E-06 0.64451037E-06 0.49850967E-06 0.38305867E-06
0.58629086E-04 0.60869166E-04 0.62823914E-04 0.64449281E-04 0.65707652E-04 0.66568906E-04 0.67011283E-04 0.67021986E-04 0.66597507E-04 0.65743643E-04 0.64475209E-04 0.62815449E-04 0.60795182E-04 0.58451720E-04 0.55827610E-04 0.52969253E-04 0.49925472E-04 0.46746075E-04 0.43480478E-04 0.40176445E-04 0.36878958E-04 0.33629288E-04 0.30464247E-04 0.27415660E-04 0.24510044E-04 0.21768477E-04 0.19206665E-04 0.16835152E-04 0.14659679E-04 0.12681636E-04 0.10898596E-04 0.93048891E-05 0.78922019E-05 0.66501645E-05 0.55669154E-05 0.46296233E-05 0.38249536E-05 0.31394728E-05 0.25599873E-05 0.20738133E-05 0.16689858E-05 0.13344020E-05 0.10599165E-05 0.83638686E-06 0.65568136E-06 0.51065531E-06 0.39510395E-06 0.30369862E-06
0.45786639E-04 0.47525292E-04 0.49041840E-04 0.50302238E-04 0.51277438E-04 0.51944195E-04 0.52285722E-04 0.52292148E-04 0.51960759E-04 0.51296016E-04 0.50309326E-04 0.49018600E-04 0.47447604E-04 0.45625133E-04 0.43584051E-04 0.41360236E-04 0.38991480E-04 0.36516385E-04 0.33973298E-04 0.31399331E-04 0.28829487E-04 0.26295927E-04 0.23827384E-04 0.21448739E-04 0.19180765E-04 0.17040016E-04 0.15038867E-04 0.13185675E-04 0.11485046E-04 0.99381892E-05 0.85433234E-05 0.72961277E-05 0.61902025E-05 0.52175300E-05 0.43689138E-05 0.36343864E-05 0.30035746E-05 0.24660158E-05 0.20114254E-05 0.16299071E-05 0.13121174E-05 0.10493815E-05 0.83376717E-06 0.65812209E-06 0.51608106E-06 0.40204848E-06 0.31116267E-06 0.23924521E-06
0.35570184E-04 0.36914056E-04 0.38085855E-04 0.39059350E-04 0.39812173E-04 0.40326433E-04 0.40589215E-04 0.40592922E-04 0.40335468E-04 0.39820273E-04 0.39056105E-04 0.38056732E-04 0.36840437E-04 0.35429380E-04 0.33848871E-04 0.32126562E-04 0.30291605E-04 0.28373800E-04 0.26402784E-04 0.24407263E-04 0.22414346E-04 0.20448965E-04 0.18533421E-04 0.16687056E-04 0.14926040E-04 0.13263286E-04 0.11708472E-04 0.10268162E-04 0.89460124E-05 0.77430395E-05 0.66579339E-05 0.56874070E-05 0.48265491E-05 0.40691852E-05 0.34082163E-05 0.28359359E-05 0.23443131E-05 0.19252423E-05 0.15707458E-05 0.12731434E-05 0.10251789E-05 0.82011135E-06 0.65177331E-06 0.51460084E-06 0.40363984E-06 0.31453343E-06 0.24349343E-06 0.18726414E-06
0.27483251E-04 0.28517243E-04 0.29418594E-04 0.30167166E-04 0.30745798E-04 0.31140770E-04 0.31342175E-04 0.31344194E-04 0.31145221E-04 0.30747876E-04 0.30158875E-04 0.29388773E-04 0.28451581E-04 0.27364298E-04 0.26146343E-04 0.24818947E-04 0.23404502E-04 0.21925918E-04 0.20405992E-04 0.18866827E-04 0.17329307E-04 0.15812660E-04 0.14334100E-04 0.12908572E-04 0.11548588E-04 0.10264153E-04 0.90627822E-05 0.79495936E-05 0.69274594E-05 0.59972126E-05 0.51578892E-05 0.44069930E-05 0.37407714E-05 0.31544891E-05 0.26426912E-05 0.21994494E-05 0.18185785E-05 0.14938290E-05 0.12190477E-05 0.98830644E-06 0.79600096E-06 0.63692230E-06 0.50630231E-06 0.39983783E-06 0.31369462E-06 0.24450017E-06 0.18932119E-06 0.14563524E-06
0.21116044E-04 0.21907715E-04 0.22597676E-04 0.23170537E-04 0.23613184E-04 0.23915139E-04 0.24068838E-04 0.24069833E-04 0.23916900E-04 0.23612038E-04 0.23160371E-04 0.22569956E-04 0.21851492E-04 0.21017963E-04 0.20084206E-04 0.19066447E-04 0.17981813E-04 0.16847832E-04 0.15681953E-04 0.14501108E-04 0.13321303E-04 0.12157285E-04 0.11022267E-04 0.99277290E-05 0.88832923E-05 0.78966605E-05 0.69736310E-05 0.61181621E-05 0.53324906E-05 0.46172872E-05 0.39718418E-05 0.33942655E-05 0.28817017E-05 0.24305357E-05 0.20365983E-05 0.16953502E-05 0.14020529E-05 0.11519153E-05 0.94021687E-06 0.76240693E-06 0.61418172E-06 0.49153898E-06 0.39081395E-06 0.30869678E-06 0.24223887E-06 0.18884458E-06 0.14625594E-06 0.11253037E-06
0.16130929E-04 0.16733935E-04 0.17259375E-04 0.17695540E-04 0.18032460E-04 0.18262167E-04 0.18378910E-04 0.18379309E-04 0.18262432E-04 0.18029798E-04 0.17685300E-04 0.17235063E-04 0.16687218E-04 0.16051635E-04 0.15339599E-04 0.14563454E-04 0.13736231E-04 0.12871274E-04 0.11981873E-04 0.11080926E-04 0.10180636E-04 0.92922492E-05 0.84258506E-05 0.75902071E-05 0.67926716E-05 0.60391382E-05 0.53340492E-05 0.46804451E-05 0.40800529E-05 0.35334048E-05 0.30399776E-05 0.25983470E-05 0.22063491E-05 0.18612383E-05 0.15598423E-05 0.12987054E-05 0.10742172E-05 0.88272438E-06 0.72062581E-06 0.58444835E-06 0.47090600E-06 0.37694089E-06 0.29975276E-06 0.23681193E-06 0.18586337E-06 0.14492168E-06 0.11225904E-06 0.86388675E-07
0.12250630E-04 0.12707456E-04 0.13105462E-04 0.13435785E-04 0.13690879E-04 0.13864717E-04 0.13952949E-04 0.13953018E-04 0.13864219E-04 0.13687700E-04 0.13426406E-04 0.13084968E-04 0.12669537E-04 0.12187578E-04 0.11647631E-04 0.11059037E-04 0.10431663E-04 0.97756103E-05 0.91009481E-05 0.84174496E-05 0.77343645E-05 0.70602221E-05 0.64026736E-05 0.57683745E-05 0.51629104E-05 0.45907631E-05 0.40553141E-05 0.35588828E-05 0.31027925E-05 0.26874593E-05 0.23124993E-05 0.19768429E-05 0.16788576E-05 0.14164686E-05 0.11872760E-05 0.98866299E-06 0.81789364E-06 0.67219834E-06 0.54884547E-06 0.44519976E-06 0.35876598E-06 0.28722294E-06 0.22844310E-06 0.18050440E-06 0.14169278E-06 0.11049869E-06 0.85608184E-07 0.65889212E-07
0.92484170E-05 0.95925749E-05 0.98923818E-05 0.10141167E-04 0.10333252E-04 0.10464099E-04 0.10530436E-04 0.10530338E-04 0.10463276E-04 0.10330111E-04 0.10133060E-04 0.98756061E-05 0.95623784E-05 0.91989953E-05 0.87918829E-05 0.83480735E-05 0.78749947E-05 0.73802554E-05 0.68714392E-05 0.63559104E-05 0.58406404E-05 0.53320604E-05 0.48359412E-05 0.43573052E-05 0.39003700E-05 0.34685217E-05 0.30643178E-05 0.26895166E-05 0.23451237E-05 0.20314616E-05 0.17482479E-05 0.14946832E-05 0.12695426E-05 0.10712665E-05 0.89804903E-06 0.74791976E-06 0.61881730E-06 0.50865419E-06 0.41536983E-06 0.33697647E-06 0.27159159E-06 0.21746270E-06 0.17298356E-06 0.13670231E-06 0.10732412E-06 0.83708333E-07 0.64860975E-07 0.49929004E-07
