Basic/Day4/qtaim/urea/molecule/urea_mol_pl2d.SURFELFB
DSAA
 161 161
-0.75589045E+01  0.75589045E+01  0.94486307E-01
-0.75589045E+01  0.75589045E+01  0.94486307E-01
 0.00000000E+00  0.00000000E+00
[rows 63 to 83 of 161, columns 0 to 46 of 161]
-0.47008853E-05 -0.60646686E-05 -0.77724030E-05 -0.98946674E-05 -0.12511753E-04 -0.15713512E-04 -0.19598901E-04 -0.24275082E-04 -0.29856292E-04 -0.36462874E-04 -0.44221233E-04 -0.53265766E-04 -0.63745008E-04 -0.75833092E-04 -0.89750427E-04 -0.10579542E-03 -0.12438989E-03 -0.14613933E-03 -0.17190786E-03 -0.20290436E-03 -0.24077485E-03 -0.28769188E-03 -0.34642518E-03 -0.42040727E-03 -0.51372495E-03 -0.63109158E-03 -0.77774377E-03 -0.95926796E-03 -0.11813367E-02 -0.14493523E-02 -0.17679622E-02 -0.21404587E-02 -0.25680643E-02 -0.30491549E-02 -0.35785176E-02 -0.41467959E-02 -0.47403072E-02 -0.53414241E-02 -0.59296567E-02 -0.64834680E-02 -0.69827039E-02 -0.74113590E-02 -0.77602723E-02 -0.80293034E-02 -0.82285960E-02 -0.83787359E-02 -0.85098034E-02
-0.52362931E-05 -0.67552547E-05 -0.86570625E-05 -0.11020051E-04 -0.13933177E-04 -0.17495788E-04 -0.21817069E-04 -0.27015062E-04 -0.33215616E-04 -0.40551865E-04 -0.49165257E-04 -0.59210145E-04 -0.70863547E-04 -0.84343996E-04 -0.99942342E-04 -0.11806825E-03 -0.13931528E-03 -0.16454593E-03 -0.19499597E-03 -0.23239315E-03 -0.27908328E-03 -0.33814739E-03 -0.41351813E-03 -0.51003327E-03 -0.63346705E-03 -0.79048787E-03 -0.98854202E-03 -0.12356447E-02 -0.15400492E-02 -0.19097770E-02 -0.23519478E-02 -0.28719018E-02 -0.34721021E-02 -0.41508849E-02 -0.49012000E-02 -0.57095833E-02 -0.65556666E-02 -0.74125375E-02 -0.82481933E-02 -0.90281679E-02 -0.97191818E-02 -0.10293405E-01 -0.10732692E-01 -0.11032046E-01 -0.11201608E-01 -0.11266787E-01 -0.11266481E-01
-0.57947212E-05 -0.74755037E-05 -0.95796380E-05 -0.12193489E-04 -0.15414959E-04 -0.19353181E-04 -0.24127879E-04 -0.29868373E-04 -0.36712774E-04 -0.44808228E-04 -0.54313652E-04 -0.65407790E-04 -0.78304655E-04 -0.93281714E-04 -0.11072448E-03 -0.13119238E-03 -0.15550935E-03 -0.18488104E-03 -0.22103627E-03 -0.26638768E-03 -0.32419699E-03 -0.39874811E-03 -0.49547405E-03 -0.62106371E-03 -0.78350327E-03 -0.99204737E-03 -0.12571013E-02 -0.15899898E-02 -0.20025627E-02 -0.25065954E-02 -0.31128770E-02 -0.38299410E-02 -0.46624082E-02 -0.56090258E-02 -0.66606313E-02 -0.77984144E-02 -0.89929485E-02 -0.10204468E-01 -0.11384762E-01 -0.12480848E-01 -0.13440272E-01 -0.14217518E-01 -0.14780600E-01 -0.15116644E-01 -0.15235271E-01 -0.15168945E-01 -0.14970142E-01
-0.63709973E-05 -0.82187540E-05 -0.10531609E-04 -0.13404159E-04 -0.16943459E-04 -0.21268647E-04 -0.26510244E-04 -0.32809257E-04 -0.40316820E-04 -0.49195547E-04 -0.59625078E-04 -0.71814138E-04 -0.86024268E-04 -0.10260988E-03 -0.12208075E-03 -0.14519258E-03 -0.17307008E-03 -0.20736429E-03 -0.25044110E-03 -0.30559091E-03 -0.37725895E-03 -0.47125071E-03 -0.59492569E-03 -0.75733896E-03 -0.96932228E-03 -0.12434886E-02 -0.15941387E-02 -0.20370327E-02 -0.25889450E-02 -0.32669096E-02 -0.40869789E-02 -0.50623900E-02 -0.62010860E-02 -0.75027403E-02 -0.89556606E-02 -0.10534149E-01 -0.12196970E-01 -0.13887522E-01 -0.15536159E-01 -0.17064948E-01 -0.18394839E-01 -0.19454801E-01 -0.20191803E-01 -0.20579876E-01 -0.20626153E-01 -0.20372206E-01 -0.19890042E-01
-0.69590658E-05 -0.89772147E-05 -0.11503023E-04 -0.14639447E-04 -0.18502824E-04 -0.23222442E-04 -0.28939849E-04 -0.35808165E-04 -0.43992447E-04 -0.53672707E-04 -0.65052906E-04 -0.78378931E-04 -0.93972366E-04 -0.11228592E-03 -0.13398831E-03 -0.16008565E-03 -0.19208461E-03 -0.23219917E-03 -0.28359677E-03 -0.35066976E-03 -0.43933715E-03 -0.55730989E-03 -0.71435245E-03 -0.92248651E-03 -0.11961361E-02 -0.15521995E-02 -0.20100208E-02 -0.25911952E-02 -0.33190906E-02 -0.42178625E-02 -0.53107202E-02 -0.66172236E-02 -0.81496058E-02 -0.99084600E-02 -0.11878481E-01 -0.14025094E-01 -0.16292662E-01 -0.18604653E-01 -0.20866093E-01 -0.22968714E-01 -0.24799393E-01 -0.26252040E-01 -0.27242054E-01 -0.27720944E-01 -0.27687593E-01 -0.27192590E-01 -0.26333667E-01
-0.75520675E-05 -0.97420691E-05 -0.12482637E-04 -0.15885144E-04 -0.20075218E-04 -0.25192431E-04 -0.31389531E-04 -0.38832220E-04 -0.47700472E-04 -0.58194119E-04 -0.70545661E-04 -0.85046396E-04 -0.10209236E-03 -0.12225879E-03 -0.14641237E-03 -0.17587004E-03 -0.21261056E-03 -0.25954089E-03 -0.32080836E-03 -0.40216230E-03 -0.51131260E-03 -0.65830036E-03 -0.85583397E-03 -0.11195848E-02 -0.14684336E-02 -0.19246560E-02 -0.25140103E-02 -0.32656099E-02 -0.42113630E-02 -0.53845866E-02 -0.68173870E-02 -0.85365366E-02 -0.10558089E-01 -0.12881643E-01 -0.15485555E-01 -0.18324087E-01 -0.21326465E-01 -0.24397157E-01 -0.27417102E-01 -0.30247010E-01 -0.32734926E-01 -0.34729811E-01 -0.36101083E-01 -0.36761437E-01 -0.36687622E-01 -0.35932409E-01 -0.34622313E-01
-0.81424536E-05 -0.10503623E-04 -0.13458100E-04 -0.17125625E-04 -0.21641137E-04 -0.27154467E-04 -0.33829756E-04 -0.41845792E-04 -0.51398712E-04 -0.62710574E-04 -0.76047506E-04 -0.91755240E-04 -0.11032005E-03 -0.13246595E-03 -0.15929953E-03 -0.19251308E-03 -0.23465360E-03 -0.28945907E-03 -0.36225131E-03 -0.46039400E-03 -0.59374312E-03 -0.77512516E-03 -0.10207843E-02 -0.13508048E-02 -0.17895063E-02 -0.23658025E-02 -0.31134509E-02 -0.40709760E-02 -0.52808423E-02 -0.67871884E-02 -0.86314938E-02 -0.10846087E-01 -0.13446626E-01 -0.16425905E-01 -0.19751209E-01 -0.23365275E-01 -0.27187846E-01 -0.31114293E-01 -0.35011212E-01 -0.38713717E-01 -0.42030259E-01 -0.44757559E-01 -0.46704695E-01 -0.47724088E-01 -0.47745231E-01 -0.46802040E-01 -0.45041363E-01
-0.87221310E-05 -0.11251492E-04 -0.14416202E-04 -0.18344250E-04 -0.23179786E-04 -0.29082874E-04 -0.36229192E-04 -0.44811100E-04 -0.55042369E-04 -0.67169871E-04 -0.81498697E-04 -0.98438547E-04 -0.11858232E-03 -0.14282980E-03 -0.17257039E-03 -0.20993743E-03 -0.25814364E-03 -0.32189543E-03 -0.40789564E-03 -0.52538362E-03 -0.68672814E-03 -0.90802399E-03 -0.12096878E-02 -0.16170533E-02 -0.21609755E-02 -0.28784198E-02 -0.38128851E-02 -0.50142239E-02 -0.65370379E-02 -0.84364640E-02 -0.10760585E-01 -0.13540339E-01 -0.16780596E-01 -0.20457758E-01 -0.24526372E-01 -0.28929316E-01 -0.33599383E-01 -0.38444427E-01 -0.43324394E-01 -0.48040806E-01 -0.52351116E-01 -0.55998455E-01 -0.58738893E-01 -0.60364254E-01 -0.60734837E-01 -0.59826505E-01 -0.57770154E-01
-0.92826366E-05 -0.11974826E-04 -0.15343152E-04 -0.19523655E-04 -0.24669526E-04 -0.30950976E-04 -0.38555344E-04 -0.47689141E-04 -0.58585006E-04 -0.71517545E-04 -0.86836072E-04 -0.10502367E-03 -0.12679587E-03 -0.15325437E-03 -0.18611256E-03 -0.22800798E-03 -0.28291285E-03 -0.35663967E-03 -0.45745882E-03 -0.59675898E-03 -0.78978565E-03 -0.10563983E-02 -0.14218556E-02 -0.19176400E-02 -0.25823349E-02 -0.34624836E-02 -0.46130981E-02 -0.60969470E-02 -0.79810701E-02 -0.10328647E-01 -0.13185900E-01 -0.16568090E-01 -0.20454432E-01 -0.24802311E-01 -0.29578432E-01 -0.34781198E-01 -0.40417759E-01 -0.46428226E-01 -0.52609057E-01 -0.58614827E-01 -0.64058920E-01 -0.68632949E-01 -0.72140561E-01 -0.74436896E-01 -0.75372249E-01 -0.74829305E-01 -0.72833694E-01
-0.98153356E-05 -0.12662560E-04 -0.16224899E-04 -0.20646170E-04 -0.26088378E-04 -0.32731691E-04 -0.40775240E-04 -0.50440183E-04 -0.61979318E-04 -0.75697646E-04 -0.91993627E-04 -0.11143235E-03 -0.13486639E-03 -0.16362268E-03 -0.19977527E-03 -0.24652198E-03 -0.30867540E-03 -0.39328602E-03 -0.51036032E-03 -0.67369100E-03 -0.90175421E-03 -0.12186683E-02 -0.16552192E-02 -0.22499790E-02 -0.30505162E-02 -0.41145117E-02 -0.55100900E-02 -0.73136948E-02 -0.96027847E-02 -0.12440856E-01 -0.15856900E-01 -0.19831811E-01 -0.24314862E-01 -0.29286573E-01 -0.34842690E-01 -0.41213409E-01 -0.48622363E-01 -0.57003364E-01 -0.65781753E-01 -0.73983688E-01 -0.80697585E-01 -0.85546241E-01 -0.88754384E-01 -0.90765153E-01 -0.91786877E-01 -0.91672378E-01 -0.90170077E-01
-0.10311636E-04 -0.13303688E-04 -0.17047475E-04 -0.21694238E-04 -0.27414469E-04 -0.34398146E-04 -0.42856105E-04 -0.53024748E-04 -0.65178011E-04 -0.79653613E-04 -0.96903291E-04 -0.11758119E-03 -0.14268847E-03 -0.17379582E-03 -0.21336683E-03 -0.26520410E-03 -0.33502992E-03 -0.43122799E-03 -0.56569758E-03 -0.75485495E-03 -0.10207312E-02 -0.13921740E-02 -0.19061722E-02 -0.26093360E-02 -0.35594819E-02 -0.48269118E-02 -0.64940478E-02 -0.86504513E-02 -0.11378901E-01 -0.14730359E-01 -0.18697267E-01 -0.23217072E-01 -0.28254949E-01 -0.33984389E-01 -0.40971447E-01 -0.50124472E-01 -0.62180670E-01 -0.76843824E-01 -0.92216444E-01 -0.10529276E+00 -0.11352725E+00 -0.11637589E+00 -0.11548990E+00 -0.11338966E+00 -0.11179353E+00 -0.11090397E+00 -0.10991152E+00
-0.10763214E-04 -0.13887549E-04 -0.17797351E-04 -0.22650860E-04 -0.28626672E-04 -0.35924308E-04 -0.44766283E-04 -0.55404408E-04 -0.68134712E-04 -0.83329255E-04 -0.10149595E-03 -0.12338272E-03 -0.15014680E-03 -0.18361419E-03 -0.22665606E-03 -0.28370820E-03 -0.36144643E-03 -0.46965839E-03 -0.62224700E-03 -0.83842703E-03 -0.11440572E-02 -0.15731336E-02 -0.21694763E-02 -0.29886358E-02 -0.40998689E-02 -0.55873826E-02 -0.75484856E-02 -0.10083799E-01 -0.13273497E-01 -0.17140412E-01 -0.21626534E-01 -0.26653716E-01 -0.32363479E-01 -0.39544659E-01 -0.49993079E-01 -0.66231160E-01 -0.90075682E-01 -0.12040567E+00 -0.15180355E+00 -0.17604032E+00 -0.18640277E+00 -0.18189998E+00 -0.16780198E+00 -0.15202213E+00 -0.14044094E+00 -0.13463738E+00 -0.13283417E+00
-0.11162241E-04 -0.14404113E-04 -0.18461793E-04 -0.23500026E-04 -0.29705063E-04 -0.37285631E-04 -0.46475695E-04 -0.57542619E-04 -0.70804933E-04 -0.86669874E-04 -0.10570281E-03 -0.12874719E-03 -0.15711858E-03 -0.19290127E-03 -0.23937851E-03 -0.30162331E-03 -0.38729046E-03 -0.50759125E-03 -0.67849413E-03 -0.92212173E-03 -0.12683559E-02 -0.17566718E-02 -0.24382490E-02 -0.33783632E-02 -0.46587380E-02 -0.63784731E-02 -0.86497566E-02 -0.11581141E-01 -0.15241224E-01 -0.19611691E-01 -0.24589040E-01 -0.30174235E-01 -0.37019926E-01 -0.47312223E-01 -0.65420030E-01 -0.97104382E-01 -0.14622082E+00 -0.20971434E+00 -0.27464695E+00 -0.32173963E+00 -0.33545779E+00 -0.31380817E+00 -0.26961575E+00 -0.22215418E+00 -0.18626571E+00 -0.16685947E+00 -0.16063211E+00
-0.11501600E-04 -0.14844255E-04 -0.19029208E-04 -0.24227144E-04 -0.30631441E-04 -0.38459575E-04 -0.47956717E-04 -0.59405554E-04 -0.73147065E-04 -0.89623506E-04 -0.10945709E-03 -0.13358506E-03 -0.16347754E-03 -0.20147018E-03 -0.25124700E-03 -0.31850443E-03 -0.41184889E-03 -0.54390430E-03 -0.73269479E-03 -0.10032753E-02 -0.13896383E-02 -0.19369346E-02 -0.27040664E-02 -0.37666110E-02 -0.52195178E-02 -0.71774293E-02 -0.97670599E-02 -0.13101810E-01 -0.17231687E-01 -0.22092766E-01 -0.27568157E-01 -0.33904351E-01 -0.42762883E-01 -0.58827197E-01 -0.90898820E-01 -0.15023450E+00 -0.24409057E+00 -0.36594535E+00 -0.48965840E+00 -0.57652563E+00 -0.59546198E+00 -0.54266140E+00 -0.44415542E+00 -0.33908055E+00 -0.25802222E+00 -0.21199203E+00 -0.19546408E+00
-0.11775097E-04 -0.15200018E-04 -0.19489462E-04 -0.24819423E-04 -0.31389807E-04 -0.39426251E-04 -0.49184812E-04 -0.60962905E-04 -0.75123378E-04 -0.92142263E-04 -0.11269594E-03 -0.13781004E-03 -0.16909909E-03 -0.20913248E-03 -0.26196419E-03 -0.33387925E-03 -0.43436991E-03 -0.57740074E-03 -0.78296735E-03 -0.10789761E-02 -0.15034771E-02 -0.21073090E-02 -0.29572176E-02 -0.41393471E-02 -0.57622598E-02 -0.79564596E-02 -0.10862923E-01 -0.14598321E-01 -0.19191990E-01 -0.24541017E-01 -0.30565807E-01 -0.37946517E-01 -0.49863553E-01 -0.74588431E-01 -0.12719526E+00 -0.22670797E+00 -0.38522217E+00 -0.59128387E+00 -0.79977574E+00 -0.94390391E+00 -0.97002189E+00 -0.87168373E+00 -0.69402629E+00 -0.50482178E+00 -0.35730006E+00 -0.27135765E+00 -0.23855675E+00
-0.11977639E-04 -0.15464839E-04 -0.19834168E-04 -0.25266232E-04 -0.31966783E-04 -0.40169023E-04 -0.50139154E-04 -0.62188633E-04 -0.76700998E-04 -0.94183695E-04 -0.11536259E-03 -0.14134264E-03 -0.17386630E-03 -0.21570858E-03 -0.27124997E-03 -0.34728954E-03 -0.45411222E-03 -0.60688745E-03 -0.82741157E-03 -0.11462393E-02 -0.16052554E-02 -0.22607624E-02 -0.31871500E-02 -0.44809758E-02 -0.62643213E-02 -0.86835406E-02 -0.11894084E-01 -0.16016992E-01 -0.21065240E-01 -0.26911261E-01 -0.33554248E-01 -0.42214184E-01 -0.57831850E-01 -0.92749626E-01 -0.16912843E+00 -0.31480883E+00 -0.54746618E+00 -0.85012813E+00 -0.11559866E+01 -0.13659125E+01 -0.14001988E+01 -0.12493558E+01 -0.98060072E+00 -0.69471201E+00 -0.47095752E+00 -0.33948540E+00 -0.28863860E+00
-0.12105387E-04 -0.15633745E-04 -0.20056924E-04 -0.25559388E-04 -0.32351975E-04 -0.40674697E-04 -0.50803077E-04 -0.63061643E-04 -0.77852802E-04 -0.95712116E-04 -0.11740842E-03 -0.14411368E-03 -0.17767614E-03 -0.22103874E-03 -0.27884735E-03 -0.35832122E-03 -0.47039958E-03 -0.63126276E-03 -0.86424707E-03 -0.12022196E-02 -0.16904828E-02 -0.23903020E-02 -0.33831222E-02 -0.47752429E-02 -0.67015722E-02 -0.93238903E-02 -0.12812881E-01 -0.17297968E-01 -0.22785868E-01 -0.29139568E-01 -0.36438157E-01 -0.46363877E-01 -0.65325507E-01 -0.10904229E+00 -0.20556567E+00 -0.39011022E+00 -0.68509005E+00 -0.10690123E+01 -0.14569134E+01 -0.17224264E+01 -0.17638071E+01 -0.15689782E+01 -0.12239058E+01 -0.85746752E+00 -0.57119171E+00 -0.40408449E+00 -0.34179125E+00
-0.12155875E-04 -0.15703497E-04 -0.20153504E-04 -0.25693392E-04 -0.32538252E-04 -0.40934048E-04 -0.51164652E-04 -0.63566347E-04 -0.78558209E-04 -0.96699767E-04 -0.11879486E-03 -0.14606755E-03 -0.18044525E-03 -0.22499327E-03 -0.28454893E-03 -0.36663578E-03 -0.48267438E-03 -0.64960604E-03 -0.89195914E-03 -0.12444433E-02 -0.17551594E-02 -0.24895350E-02 -0.35350497E-02 -0.50064830E-02 -0.70501584E-02 -0.98422353E-02 -0.13569523E-01 -0.18375849E-01 -0.24275533E-01 -0.31133923E-01 -0.39062334E-01 -0.49927765E-01 -0.70747496E-01 -0.11867475E+00 -0.22429889E+00 -0.42604167E+00 -0.74840804E+00 -0.11679974E+01 -0.15920150E+01 -0.18822665E+01 -0.19273649E+01 -0.17140906E+01 -0.13368429E+01 -0.93743326E+00 -0.62797497E+00 -0.45191022E+00 -0.39361059E+00
-0.12128084E-04 -0.15672696E-04 -0.20121977E-04 -0.25665587E-04 -0.32521928E-04 -0.40942033E-04 -0.51216918E-04 -0.63693126E-04 -0.78803787E-04 -0.97127745E-04 -0.11949488E-03 -0.14716481E-03 -0.18211450E-03 -0.22747877E-03 -0.28820974E-03 -0.37199714E-03 -0.49054451E-03 -0.66125848E-03 -0.90943605E-03 -0.12710377E-02 -0.17961528E-02 -0.25532775E-02 -0.36344730E-02 -0.51611223E-02 -0.72887438E-02 -0.10205913E-01 -0.14115756E-01 -0.19182674E-01 -0.25443680E-01 -0.32776877E-01 -0.41256458E-01 -0.52564077E-01 -0.73197040E-01 -0.11919893E+00 -0.21929869E+00 -0.40962912E+00 -0.71324441E+00 -0.11082052E+01 -0.15074799E+01 -0.17814736E+01 -0.18257036E+01 -0.16278669E+01 -0.12771617E+01 -0.90808459E+00 -0.62757427E+00 -0.47737046E+00 -0.44233297E+00
-0.12022478E-04 -0.15541822E-04 -0.19962776E-04 -0.25476244E-04 -0.32302982E-04 -0.40697944E-04 -0.50958114E-04 -0.63438529E-04 -0.78583672E-04 -0.96986621E-04 -0.11949401E-03 -0.14738383E-03 -0.18265195E-03 -0.22845183E-03 -0.28975717E-03 -0.37428962E-03 -0.49381683E-03 -0.66588439E-03 -0.91607944E-03 -0.12809271E-02 -0.18115381E-02 -0.25781352E-02 -0.36755262E-02 -0.52292560E-02 -0.74010010E-02 -0.10388621E-01 -0.14410102E-01 -0.19654477E-01 -0.26194961E-01 -0.33936445E-01 -0.42870309E-01 -0.54202590E-01 -0.72988613E-01 -0.11205531E+00 -0.19462046E+00 -0.34998748E+00 -0.59686982E+00 -0.91759843E+00 -0.12420706E+01 -0.14660406E+01 -0.15055951E+01 -0.13512703E+01 -0.10760408E+01 -0.79029394E+00 -0.58235263E+00 -0.48672080E+00 -0.49003130E+00
-0.11840994E-04 -0.15313226E-04 -0.19678690E-04 -0.25128563E-04 -0.31884913E-04 -0.40205451E-04 -0.50391764E-04 -0.62805542E-04 -0.77899779E-04 -0.96276713E-04 -0.11879067E-03 -0.14672131E-03 -0.18205366E-03 -0.22790820E-03 -0.28919403E-03 -0.37352484E-03 -0.49251220E-03 -0.66350319E-03 -0.91187004E-03 -0.12739621E-02 -0.18008452E-02 -0.25629570E-02 -0.36557435E-02 -0.52060409E-02 -0.73779517E-02 -0.10374271E-01 -0.14424102E-01 -0.19741097E-01 -0.26443384E-01 -0.34481319E-01 -0.43770259E-01 -0.54951964E-01 -0.71270665E-01 -0.10142525E+00 -0.16151805E+00 -0.27205989E+00 -0.44624085E+00 -0.67193589E+00 -0.90069531E+00 -0.10606102E+01 -0.10941271E+01 -0.99568292E+00 -0.81758703E+00 -0.63879799E+00 -0.52269265E+00 -0.49360054E+00 -0.54036636E+00
