Basic/Day4/qtaim/urea/molecule/urea_mol_pl2d.SURFRHOO
DSAA
 161 161
-0.75589045E+01  0.75589045E+01  0.94486307E-01
-0.75589045E+01  0.75589045E+01  0.94486307E-01
 0.00000000E+00  0.00000000E+00
[rows 88 to 109 of 161, columns 0 to 47 of 161]
0.19134351E-04 0.24994501E-04 0.32495797E-04 0.42059912E-04 0.54211215E-04 0.69602945E-04 0.89051414E-04 0.11358125E-03 0.14448576E-03 0.18340806E-03 0.23245028E-03 0.29432082E-03 0.37253204E-03 0.47166452E-03 0.59771719E-03 0.75856676E-03 0.96456308E-03 0.12292889E-02 0.15705118E-02 0.20113514E-02 0.25816687E-02 0.33196645E-02 0.42736303E-02 0.55037402E-02 0.70836984E-02 0.91019734E-02 0.11662285E-01 0.14883006E-01 0.18895298E-01 0.23840143E-01 0.29864998E-01 0.37121095E-01 0.45761810E-01 0.55940308E-01 0.67801708E-01 0.81464582E-01 0.96993029E-01 0.11437392E+00 0.13352463E+00 0.15434902E+00 0.17682684E+00 0.20108382E+00 0.22737960E+00 0.25598780E+00 0.28700856E+00 0.32021290E+00 0.35504155E+00 0.39084974E+00
0.18106753E-04 0.23658277E-04 0.30767475E-04 0.39835716E-04 0.51362368E-04 0.65969677E-04 0.84435151E-04 0.10773418E-03 0.13709660E-03 0.17408226E-03 0.22068224E-03 0.27945447E-03 0.35370495E-03 0.44772861E-03 0.56712699E-03 0.71922286E-03 0.91359481E-03 0.11627558E-02 0.14829987E-02 0.18954249E-02 0.24271620E-02 0.31127493E-02 0.39956396E-02 0.51297108E-02 0.65806209E-02 0.84267688E-02 0.10759567E-01 0.13682726E-01 0.17310343E-01 0.21763832E-01 0.27168127E-01 0.33647960E-01 0.41325043E-01 0.50316315E-01 0.60732281E-01 0.72674153E-01 0.86230614E-01 0.10147932E+00 0.11850107E+00 0.13740959E+00 0.15838576E+00 0.18168917E+00 0.20761688E+00 0.23639769E+00 0.26804886E+00 0.30226790E+00 0.33846429E+00 0.37602724E+00
0.17018155E-04 0.22241301E-04 0.28932644E-04 0.37471535E-04 0.48330175E-04 0.62097090E-04 0.79507570E-04 0.10148352E-03 0.12918606E-03 0.16408534E-03 0.20805350E-03 0.26348847E-03 0.33347832E-03 0.42201846E-03 0.53429633E-03 0.67706083E-03 0.85909550E-03 0.10918154E-02 0.13900050E-02 0.17727100E-02 0.22642817E-02 0.28955533E-02 0.37050973E-02 0.47404662E-02 0.60592722E-02 0.77299002E-02 0.98316141E-02 0.12453809E-01 0.15694247E-01 0.19656299E-01 0.24445535E-01 0.30166375E-01 0.36919753E-01 0.44802709E-01 0.53910426E-01 0.64340896E-01 0.76202563E-01 0.89625938E-01 0.10477984E+00 0.12188958E+00 0.14124783E+00 0.16320186E+00 0.18810045E+00 0.21619414E+00 0.24750957E+00 0.28175685E+00 0.31836541E+00 0.35674685E+00
0.15886208E-04 0.20766651E-04 0.27021341E-04 0.35006306E-04 0.45164924E-04 0.58049935E-04 0.74351859E-04 0.94936011E-04 0.12089107E-03 0.15359317E-03 0.19479056E-03 0.24671579E-03 0.31223339E-03 0.39503393E-03 0.49988648E-03 0.63296397E-03 0.80225694E-03 0.10180913E-02 0.12937631E-02 0.16462986E-02 0.20973343E-02 0.26740965E-02 0.34104294E-02 0.43477891E-02 0.55360742E-02 0.70341288E-02 0.89097218E-02 0.11238823E-01 0.14104067E-01 0.17592470E-01 0.21792723E-01 0.26792716E-01 0.32678253E-01 0.39534033E-01 0.47447832E-01 0.56518473E-01 0.66867655E-01 0.78655053E-01 0.92094828E-01 0.10746921E+00 0.12513106E+00 0.14548374E+00 0.16892626E+00 0.19575893E+00 0.22606506E+00 0.25961831E+00 0.29590216E+00 0.33433846E+00
0.14728370E-04 0.19257183E-04 0.25063357E-04 0.32478693E-04 0.41916608E-04 0.53892646E-04 0.69050843E-04 0.88197913E-04 0.11234784E-03 0.14278032E-03 0.18111749E-03 0.22942477E-03 0.29034277E-03 0.36725923E-03 0.46453097E-03 0.58776785E-03 0.74419066E-03 0.94307517E-03 0.11962914E-02 0.15189421E-02 0.19300932E-02 0.24535744E-02 0.31188045E-02 0.39615668E-02 0.50246291E-02 0.63580736E-02 0.80191891E-02 0.10071801E-01 0.12584988E-01 0.15631289E-01 0.19284728E-01 0.23619277E-01 0.28708612E-01 0.34628215E-01 0.41460735E-01 0.49305210E-01 0.58290073E-01 0.68588916E-01 0.80436595E-01 0.94141261E-01 0.11008528E+00 0.12870545E+00 0.15044228E+00 0.17565295E+00 0.20449864E+00 0.23684647E+00 0.27226141E+00 0.31017842E+00
0.13561466E-04 0.17734953E-04 0.23087473E-04 0.29926098E-04 0.38633643E-04 0.49687672E-04 0.63684826E-04 0.81372234E-04 0.10368824E-03 0.13181546E-03 0.16724998E-03 0.21189151E-03 0.26816061E-03 0.33915007E-03 0.42881889E-03 0.54223817E-03 0.68589833E-03 0.86808649E-03 0.10993400E-02 0.13929768E-02 0.17656942E-02 0.22382137E-02 0.28359321E-02 0.35895135E-02 0.45353373E-02 0.57156946E-02 0.71786269E-02 0.89773264E-02 0.11169096E-01 0.13813998E-01 0.16973523E-01 0.20709839E-01 0.25086392E-01 0.30170757E-01 0.36040552E-01 0.42792912E-01 0.50557386E-01 0.59511249E-01 0.69894949E-01 0.82023823E-01 0.96290034E-01 0.11314649E+00 0.13306332E+00 0.15645069E+00 0.18355356E+00 0.21434903E+00 0.24850831E+00 0.28550249E+00
0.12401299E-04 0.16220700E-04 0.21120788E-04 0.27383773E-04 0.35361709E-04 0.45493980E-04 0.58329666E-04 0.74556254E-04 0.95036700E-04 0.12085740E-03 0.15339036E-03 0.19437357E-03 0.24601472E-03 0.31112403E-03 0.39328300E-03 0.49705635E-03 0.62825434E-03 0.79425157E-03 0.10043658E-02 0.12702950E-02 0.16066040E-02 0.20312383E-02 0.25660308E-02 0.32371464E-02 0.40753952E-02 0.51163332E-02 0.64000736E-02 0.79707670E-02 0.98757779E-02 0.12164705E-01 0.14888564E-01 0.18099630E-01 0.21852617E-01 0.26207957E-01 0.31237834E-01 0.37035399E-01 0.43727015E-01 0.51486677E-01 0.60550721E-01 0.71229599E-01 0.83911720E-01 0.99052218E-01 0.11713808E+00 0.13862249E+00 0.16383003E+00 0.19285339E+00 0.22548958E+00 0.26128158E+00
0.11262319E-04 0.14733411E-04 0.19188135E-04 0.24884068E-04 0.32142762E-04 0.41365778E-04 0.53055129E-04 0.67839436E-04 0.86507536E-04 0.11005174E-03 0.13972352E-03 0.17710507E-03 0.22420086E-03 0.28355391E-03 0.35839241E-03 0.45281193E-03 0.57199889E-03 0.72249910E-03 0.91253311E-03 0.11523553E-02 0.14546471E-02 0.18349247E-02 0.23119300E-02 0.29079614E-02 0.36490867E-02 0.45651788E-02 0.56897227E-02 0.70593766E-02 0.87133339E-02 0.10692642E-01 0.13039766E-01 0.15798850E-01 0.19017241E-01 0.22748920E-01 0.27060391E-01 0.32039352E-01 0.37806062E-01 0.44526708E-01 0.52427300E-01 0.61805551E-01 0.73036641E-01 0.86566896E-01 0.10288767E+00 0.12248206E+00 0.14574263E+00 0.17287261E+00 0.20380440E+00 0.23818760E+00
0.10157358E-04 0.13289966E-04 0.17311625E-04 0.22455816E-04 0.29014248E-04 0.37351489E-04 0.47923575E-04 0.61301752E-04 0.78202870E-04 0.99528311E-04 0.12641382E-03 0.16029310E-03 0.20297866E-03 0.25676362E-03 0.32454902E-03 0.41000065E-03 0.51773946E-03 0.65356795E-03 0.82473289E-03 0.10402204E-02 0.13110743E-02 0.16507191E-02 0.20752631E-02 0.26037421E-02 0.32582636E-02 0.40640027E-02 0.50490205E-02 0.62439029E-02 0.76812788E-02 0.93953676E-02 0.11421819E-01 0.13798236E-01 0.16565867E-01 0.19773000E-01 0.23480527E-01 0.27769940E-01 0.32753730E-01 0.38587650E-01 0.45483758E-01 0.53722233E-01 0.63658756E-01 0.75722491E-01 0.90397994E-01 0.10818383E+00 0.12952391E+00 0.15471714E+00 0.18382753E+00 0.21663304E+00
0.90974389E-05 0.11904886E-04 0.15510305E-04 0.20123890E-04 0.26008510E-04 0.33492988E-04 0.42988975E-04 0.55012443E-04 0.70211096E-04 0.89399362E-04 0.11360294E-03 0.14411537E-03 0.18256941E-03 0.23102640E-03 0.29208701E-03 0.36902661E-03 0.46595803E-03 0.58802324E-03 0.74161319E-03 0.93461175E-03 0.11766547E-02 0.14793884E-02 0.18567059E-02 0.23249301E-02 0.29029109E-02 0.36120028E-02 0.44759050E-02 0.55203725E-02 0.67728624E-02 0.82622546E-02 0.10018880E-01 0.12075193E-01 0.14467503E-01 0.17239216E-01 0.20445968E-01 0.24162909E-01 0.28494117E-01 0.33583779E-01 0.39628332E-01 0.46888033E-01 0.55695450E-01 0.66456859E-01 0.79640868E-01 0.95747574E-01 0.11525302E+00 0.13852985E+00 0.16575682E+00 0.19684333E+00
0.80916593E-05 0.10590176E-04 0.13799944E-04 0.17908920E-04 0.23152418E-04 0.29825113E-04 0.38296291E-04 0.49029234E-04 0.62605915E-04 0.79758394E-04 0.10140866E-03 0.12871899E-03 0.16315508E-03 0.20656471E-03 0.26127446E-03 0.33020711E-03 0.41702161E-03 0.52627644E-03 0.66361515E-03 0.83596997E-03 0.10517753E-02 0.13211775E-02 0.16562234E-02 0.20710009E-02 0.25817092E-02 0.32066318E-02 0.39660041E-02 0.48817916E-02 0.59774405E-02 0.72777263E-02 0.88089068E-02 0.10599467E-01 0.12681809E-01 0.15095268E-01 0.17890791E-01 0.21137502E-01 0.24931182E-01 0.29404417E-01 0.34737821E-01 0.41171168E-01 0.49012489E-01 0.58641885E-01 0.70505319E-01 0.85092361E-01 0.10289223E+00 0.12432600E+00 0.14966094E+00 0.17892354E+00
0.71471465E-05 0.93552570E-05 0.12192946E-04 0.15827167E-04 0.20467199E-04 0.26375449E-04 0.33881183E-04 0.43397977E-04 0.55445905E-04 0.70679703E-04 0.89924409E-04 0.11422022E-03 0.14487854E-03 0.18355140E-03 0.23231640E-03 0.29377909E-03 0.37119429E-03 0.46860663E-03 0.59100884E-03 0.74451405E-03 0.93653469E-03 0.11759568E-02 0.14732940E-02 0.18408023E-02 0.22925351E-02 0.28443226E-02 0.35136701E-02 0.43195967E-02 0.52824701E-02 0.64239522E-02 0.77672310E-02 0.93377884E-02 0.11165004E-01 0.13284921E-01 0.15744470E-01 0.18607364E-01 0.21961714E-01 0.25929217E-01 0.30675466E-01 0.36420505E-01 0.43448072E-01 0.52110906E-01 0.62828161E-01 0.76069630E-01 0.92321164E-01 0.11202758E+00 0.13551464E+00 0.16289980E+00
0.62690768E-05 0.82069934E-05 0.10698377E-04 0.13890557E-04 0.17968469E-04 0.23164349E-04 0.29770046E-04 0.38152690E-04 0.48774599E-04 0.62218530E-04 0.79219552E-04 0.10070509E-03 0.12784478E-03 0.16211202E-03 0.20535890E-03 0.25990618E-03 0.32864931E-03 0.41518056E-03 0.52392589E-03 0.66029305E-03 0.83082453E-03 0.10433460E-02 0.13070974E-02 0.16328314E-02 0.20328640E-02 0.25210651E-02 0.31127905E-02 0.38247728E-02 0.46750272E-02 0.56828695E-02 0.68691999E-02 0.82572652E-02 0.98741578E-02 0.11753334E-01 0.13938415E-01 0.16488471E-01 0.19484860E-01 0.23039542E-01 0.27304507E-01 0.32481656E-01 0.38831824E-01 0.46680824E-01 0.56419123E-01 0.68490570E-01 0.83364887E-01 0.10148956E+00 0.12322027E+00 0.14873517E+00
0.54607595E-05 0.71497958E-05 0.93220946E-05 0.12106837E-04 0.15666438E-04 0.20205199E-04 0.25980326E-04 0.33315962E-04 0.42621009E-04 0.54411749E-04 0.69340370E-04 0.88230740E-04 0.11212289E-03 0.14232776E-03 0.18049368E-03 0.22868596E-03 0.28948035E-03 0.36607033E-03 0.46238699E-03 0.58322842E-03 0.73439329E-03 0.92281072E-03 0.11566562E-02 0.14454410E-02 0.18000646E-02 0.22328207E-02 0.27573601E-02 0.33886308E-02 0.41428418E-02 0.50375384E-02 0.60919214E-02 0.73275910E-02 0.87699411E-02 0.10450449E-01 0.12410098E-01 0.14704122E-01 0.17408160E-01 0.20625774E-01 0.24497058E-01 0.29207770E-01 0.34997905E-01 0.42167863E-01 0.51079341E-01 0.62146919E-01 0.75815545E-01 0.92519524E-01 0.11262103E+00 0.13633109E+00
0.47237662E-05 0.61857893E-05 0.80669644E-05 0.10479859E-04 0.13566257E-04 0.17504854E-04 0.22521090E-04 0.28899673E-04 0.37000529E-04 0.47279034E-04 0.60311547E-04 0.76827404E-04 0.97748683E-04 0.12423907E-03 0.15776312E-03 0.20015708E-03 0.25371192E-03 0.32126851E-03 0.40632396E-03 0.51314638E-03 0.64689376E-03 0.81373057E-03 0.10209336E-02 0.12769776E-02 0.15915923E-02 0.19757857E-02 0.24418367E-02 0.30032775E-02 0.36749084E-02 0.44729202E-02 0.54152383E-02 0.65222480E-02 0.78180928E-02 0.93327639E-02 0.11105195E-01 0.13187537E-01 0.15650715E-01 0.18591234E-01 0.22139020E-01 0.26465785E-01 0.31792980E-01 0.38397684E-01 0.46613936E-01 0.56825954E-01 0.69448980E-01 0.84893712E-01 0.10351220E+00 0.12552729E+00
0.40581014E-05 0.53150363E-05 0.69331487E-05 0.90099476E-05 0.11668499E-04 0.15064254E-04 0.19393787E-04 0.24905962E-04 0.31916169E-04 0.40824406E-04 0.52138126E-04 0.66500873E-04 0.84727873E-04 0.10784977E-03 0.13716562E-03 0.17430630E-03 0.22130865E-03 0.28070073E-03 0.35559699E-03 0.44980147E-03 0.56791529E-03 0.71544341E-03 0.89889385E-03 0.11258623E-02 0.14050956E-02 0.17465314E-02 0.21613186E-02 0.26618376E-02 0.32617585E-02 0.39762028E-02 0.48221109E-02 0.58189488E-02 0.69899260E-02 0.83639158E-02 0.99782699E-02 0.11882692E-01 0.14144270E-01 0.16853646E-01 0.20132140E-01 0.24139356E-01 0.29080408E-01 0.35211285E-01 0.42840101E-01 0.52321112E-01 0.64037786E-01 0.78371502E-01 0.95654315E-01 0.11610826E+00
0.34624027E-05 0.45357969E-05 0.59184443E-05 0.76943356E-05 0.99697177E-05 0.12879134E-04 0.16593172E-04 0.21328391E-04 0.27360014E-04 0.35038070E-04 0.44807821E-04 0.57235393E-04 0.73039664E-04 0.93131462E-04 0.11866112E-03 0.15107536E-03 0.19218394E-03 0.24423640E-03 0.31000798E-03 0.39289324E-03 0.49700448E-03 0.62727085E-03 0.78953295E-03 0.99062763E-03 0.12384582E-02 0.15420494E-02 0.19115923E-02 0.23584973E-02 0.28954900E-02 0.35368078E-02 0.42985864E-02 0.51995540E-02 0.62621832E-02 0.75144696E-02 0.89925105E-02 0.10744033E-01 0.12832967E-01 0.15345042E-01 0.18394244E-01 0.22129673E-01 0.26742002E-01 0.32468164E-01 0.39592218E-01 0.48439663E-01 0.59362037E-01 0.72709213E-01 0.88788981E-01 0.10781785E+00
0.29341571E-05 0.38448125E-05 0.50186529E-05 0.65276467E-05 0.84630688E-05 0.10940827E-04 0.14108317E-04 0.18153232E-04 0.23314860E-04 0.29898470E-04 0.38293565E-04 0.48996818E-04 0.62640636E-04 0.80028326E-04 0.10217684E-03 0.13036788E-03 0.16620808E-03 0.21169823E-03 0.26931139E-03 0.34207826E-03 0.43367797E-03 0.54853090E-03 0.69188961E-03 0.86992403E-03 0.10897979E-02 0.13597365E-02 0.16890931E-02 0.20884295E-02 0.25696435E-02 0.31461959E-02 0.38335136E-02 0.46496747E-02 0.56165056E-02 0.67612422E-02 0.81189062E-02 0.97355349E-02 0.11672343E-01 0.14010805E-01 0.16858476E-01 0.20355130E-01 0.24678440E-01 0.30047911E-01 0.36725223E-01 0.45008566E-01 0.55218437E-01 0.67673283E-01 0.82656250E-01 0.10037940E+00
0.24699248E-05 0.32376007E-05 0.42279658E-05 0.55023952E-05 0.71389550E-05 0.92370893E-05 0.11923675E-04 0.15360824E-04 0.19755920E-04 0.25374431E-04 0.32556195E-04 0.41735928E-04 0.53468806E-04 0.68462013E-04 0.87613148E-04 0.11205625E-03 0.14321610E-03 0.18287096E-03 0.23322356E-03 0.29697937E-03 0.37743057E-03 0.47854322E-03 0.60504487E-03 0.76250974E-03 0.95743985E-03 0.11973436E-02 0.14908190E-02 0.18476570E-02 0.22789953E-02 0.27975693E-02 0.34181293E-02 0.41581166E-02 0.50387142E-02 0.60864055E-02 0.73351746E-02 0.88294696E-02 0.10627996E-01 0.12808315E-01 0.15472072E-01 0.18750438E-01 0.22809014E-01 0.27851007E-01 0.34116989E-01 0.41879173E-01 0.51428275E-01 0.63052505E-01 0.77011938E-01 0.93517812E-01
0.20655617E-05 0.27087467E-05 0.35393456E-05 0.46094826E-05 0.59856725E-05 0.77529390E-05 0.10020153E-04 0.12926936E-04 0.16652558E-04 0.21427339E-04 0.27547161E-04 0.35391781E-04 0.45447729E-04 0.58336575E-04 0.74849431E-04 0.95988404E-04 0.12301555E-03 0.15750977E-03 0.20143137E-03 0.25719380E-03 0.32774138E-03 0.41663112E-03 0.52811679E-03 0.66723331E-03 0.83988101E-03 0.10529120E-02 0.13142263E-02 0.16328928E-02 0.20193230E-02 0.24855401E-02 0.30456048E-02 0.37162808E-02 0.45180415E-02 0.54765344E-02 0.66246219E-02 0.80050995E-02 0.96741455E-02 0.11705468E-01 0.14194967E-01 0.17265499E-01 0.21071039E-01 0.25799117E-01 0.31670013E-01 0.38930972E-01 0.47844120E-01 0.58668794E-01 0.71643662E-01 0.86981586E-01
0.17164305E-05 0.22521819E-05 0.29448920E-05 0.38386754E-05 0.49900301E-05 0.64714523E-05 0.83761373E-05 0.10824079E-04 0.13969952E-04 0.18013244E-04 0.23211164E-04 0.29894987E-04 0.38490504E-04 0.49543337E-04 0.63749883E-04 0.81994578E-04 0.10539404E-03 0.13534853E-03 0.17360064E-03 0.22230091E-03 0.28407958E-03 0.36212318E-03 0.46025461E-03 0.58301583E-03 0.73575335E-03 0.92470956E-03 0.11571276E-02 0.14413847E-02 0.17871797E-02 0.22058128E-02 0.27106143E-02 0.33175939E-02 0.40464017E-02 0.49217006E-02 0.59750542E-02 0.72474121E-02 0.87922335E-02 0.10679201E-01 0.12998335E-01 0.15864122E-01 0.19418954E-01 0.23834881E-01 0.29312298E-01 0.36074136E-01 0.44354830E-01 0.54385776E-01 0.66384564E-01 0.80563877E-01
0.14175958E-05 0.18614417E-05 0.24361796E-05 0.31790464E-05 0.41379242E-05 0.53745092E-05 0.69684509E-05 0.90227359E-05 0.11670664E-04 0.15084838E-04 0.19488640E-04 0.25170784E-04 0.32503567E-04 0.41965489E-04 0.54168955E-04 0.69893717E-04 0.90126585E-04 0.11610785E-03 0.14938452E-03 0.19187012E-03 0.24591068E-03 0.31435595E-03 0.40063517E-03 0.50883688E-03 0.64379394E-03 0.81117695E-03 0.10176040E-02 0.12707813E-02 0.15796975E-02 0.19549077E-02 0.24089572E-02 0.29570076E-02 0.36177462E-02 0.44146648E-02 0.53777938E-02 0.65459609E-02 0.79695964E-02 0.97140274E-02 0.11863070E-01 0.14522538E-01 0.17823021E-01 0.21921003E-01 0.26997121E-01 0.33250396E-01 0.40888168E-01 0.50114204E-01 0.61123474E-01 0.74121271E-01
