Basic/Day4/qtaim/urea/molecule/urea_mol_pl2d.SURFGKIN
DSAA
 161 161
-0.75589045E+01  0.75589045E+01  0.94486307E-01
-0.75589045E+01  0.75589045E+01  0.94486307E-01
 0.00000000E+00  0.00000000E+00
[rows 0 to 21 of 161, columns 96 to 143 of 161]
0.97101965E-07 0.80081957E-07 0.65263011E-07 0.52558414E-07 0.41822026E-07 0.32883932E-07 0.25549605E-07 0.19616396E-07 0.14883688E-07 0.11160693E-07 0.82719676E-08 0.60608055E-08 0.43908426E-08 0.31462065E-08 0.22305900E-08 0.15655937E-08 0.10886409E-08 0.75071569E-09 0.51412746E-09 0.35033065E-09 0.23815493E-09 0.16209700E-09 0.11099169E-09 0.76917818E-10 0.54335781E-10 0.39424222E-10 0.29580911E-10 0.23055111E-10 0.18682092E-10 0.15694934E-10 0.13593425E-10 0.12054519E-10 0.10870297E-10 0.99095496E-11 0.90897108E-11 0.83597791E-11 0.76889968E-11 0.70595197E-11 0.64616696E-11 0.58908511E-11 0.53455384E-11 0.48259544E-11 0.43332024E-11 0.38686979E-11 0.34338039E-11 0.30242163E-11 0.26534051E-11 0.23134633E-11
0.17714204E-06 0.14621917E-06 0.11926730E-06 0.96130970E-07 0.76563855E-07 0.60259473E-07 0.46861563E-07 0.36011112E-07 0.27346515E-07 0.20523011E-07 0.15222828E-07 0.11161538E-07 0.80911400E-08 0.58005072E-08 0.41138469E-08 0.28878094E-08 0.20077894E-08 0.13838766E-08 0.94680219E-09 0.64412394E-09 0.43680267E-09 0.29624622E-09 0.20184043E-09 0.13894642E-09 0.97312503E-10 0.69876751E-10 0.51818081E-10 0.39894546E-10 0.31949604E-10 0.26563856E-10 0.22812154E-10 0.20096955E-10 0.18035698E-10 0.16385710E-10 0.14994731E-10 0.13769018E-10 0.12650711E-10 0.11606928E-10 0.10619253E-10 0.96785560E-11 0.87813302E-11 0.79273077E-11 0.71178969E-11 0.63551669E-11 0.56411953E-11 0.49776666E-11 0.43596997E-11 0.38017614E-11
0.31850352E-06 0.26314518E-06 0.21484256E-06 0.17333133E-06 0.13818364E-06 0.10885635E-06 0.84736013E-07 0.65182355E-07 0.49544897E-07 0.37215835E-07 0.27628194E-07 0.20273351E-07 0.14706892E-07 0.10549729E-07 0.74856213E-08 0.52562287E-08 0.36546550E-08 0.25183187E-08 0.17217660E-08 0.11698767E-08 0.79174171E-09 0.53535953E-09 0.36319380E-09 0.24856012E-09 0.17276516E-09 0.12289632E-09 0.90151943E-10 0.68608059E-10 0.54323830E-10 0.44687497E-10 0.38047874E-10 0.33295449E-10 0.29732657E-10 0.26917344E-10 0.24572165E-10 0.22525489E-10 0.20673146E-10 0.18953784E-10 0.17333023E-10 0.15793711E-10 0.14327456E-10 0.12933265E-10 0.11612752E-10 0.10368863E-10 0.92047165E-11 0.81228972E-11 0.71146992E-11 0.62052082E-11
0.56440943E-06 0.46676430E-06 0.38146505E-06 0.30807134E-06 0.24585310E-06 0.19387413E-06 0.15107074E-06 0.11632136E-06 0.88504793E-07 0.66549589E-07 0.49450819E-07 0.36318387E-07 0.26367619E-07 0.18927773E-07 0.13438198E-07 0.94400123E-08 0.65650485E-08 0.45234906E-08 0.30913357E-08 0.20984740E-08 0.14179050E-08 0.95636256E-09 0.64643756E-09 0.44015329E-09 0.30386606E-09 0.21431597E-09 0.15563849E-09 0.11715002E-09 0.91742589E-10 0.74739063E-10 0.63093467E-10 0.54840969E-10 0.48725596E-10 0.43925829E-10 0.39997780E-10 0.36603588E-10 0.33555342E-10 0.30741786E-10 0.28099861E-10 0.25596458E-10 0.23216681E-10 0.20956274E-10 0.18817235E-10 0.16802508E-10 0.14917307E-10 0.13165548E-10 0.11549725E-10 0.10059467E-10
0.98570963E-06 0.81601785E-06 0.66759750E-06 0.53973093E-06 0.43119459E-06 0.34040184E-06 0.26553800E-06 0.20468061E-06 0.15590070E-06 0.11734257E-06 0.87282151E-07 0.64168308E-07 0.46628510E-07 0.33498860E-07 0.23799813E-07 0.16728022E-07 0.11637709E-07 0.80195955E-08 0.54793614E-08 0.37170578E-08 0.25083951E-08 0.16884161E-08 0.11377312E-08 0.77126149E-09 0.52927775E-09 0.37044570E-09 0.26655035E-09 0.19858102E-09 0.15388333E-09 0.12413060E-09 0.10390062E-09 0.89697030E-10 0.79286080E-10 0.71253675E-10 0.64713458E-10 0.59116508E-10 0.54094990E-10 0.49521783E-10 0.45244421E-10 0.41201984E-10 0.37365740E-10 0.33725859E-10 0.30282855E-10 0.27042081E-10 0.24010229E-10 0.21193709E-10 0.18595091E-10 0.16216054E-10
0.16965416E-05 0.14060125E-05 0.11515675E-05 0.93206405E-06 0.74548935E-06 0.58920031E-06 0.46015166E-06 0.35510067E-06 0.27078034E-06 0.20403702E-06 0.15193182E-06 0.11180776E-06 0.81326447E-07 0.58482338E-07 0.41582878E-07 0.29246615E-07 0.20357057E-07 0.14032003E-07 0.95871256E-08 0.65009579E-08 0.43829174E-08 0.29452914E-08 0.19795394E-08 0.13368499E-08 0.91262334E-09 0.63439562E-09 0.45265748E-09 0.33402623E-09 0.25627143E-09 0.20475902E-09 0.16996066E-09 0.14573328E-09 0.12815366E-09 0.11473934E-09 0.10393477E-09 0.94776404E-10 0.86676491E-10 0.79284383E-10 0.72398040E-10 0.65868924E-10 0.59727252E-10 0.53906278E-10 0.48403785E-10 0.43226433E-10 0.38383750E-10 0.33884395E-10 0.29733981E-10 0.25933933E-10
0.28775683E-05 0.23875525E-05 0.19577952E-05 0.15865241E-05 0.12704912E-05 0.10053701E-05 0.78613547E-06 0.60740571E-06 0.46373489E-06 0.34984652E-06 0.26080740E-06 0.19214430E-06 0.13990973E-06 0.10070491E-06 0.71669511E-07 0.50449212E-07 0.35137011E-07 0.24230014E-07 0.16557385E-07 0.11225273E-07 0.75629964E-08 0.50756913E-08 0.34041090E-08 0.22915241E-08 0.15572457E-08 0.10759480E-08 0.76191771E-09 0.55731273E-09 0.42358929E-09 0.33536639E-09 0.27611226E-09 0.23517097E-09 0.20573846E-09 0.18351081E-09 0.16579179E-09 0.15091111E-09 0.13784886E-09 0.12599493E-09 0.11499565E-09 0.10465630E-09 0.94879046E-10 0.85573344E-10 0.76840010E-10 0.68625752E-10 0.60943834E-10 0.53806895E-10 0.47223211E-10 0.41194725E-10
0.48096753E-05 0.39955479E-05 0.32804681E-05 0.26617636E-05 0.21342982E-05 0.16911168E-05 0.13240669E-05 0.10243634E-05 0.78307283E-06 0.59150474E-06 0.44150551E-06 0.32565829E-06 0.23739884E-06 0.17106007E-06 0.12186055E-06 0.85851887E-07 0.59841876E-07 0.41289310E-07 0.28223848E-07 0.19134847E-07 0.12886721E-07 0.86401010E-08 0.57846364E-08 0.38834868E-08 0.26287557E-08 0.18066152E-08 0.12706594E-08 0.92199421E-09 0.69467086E-09 0.54523765E-09 0.44538650E-09 0.37686508E-09 0.32802230E-09 0.29148927E-09 0.26265061E-09 0.23864684E-09 0.21773050E-09 0.19885395E-09 0.18140695E-09 0.16505009E-09 0.14960911E-09 0.13500772E-09 0.12122486E-09 0.10826744E-09 0.96103697E-10 0.84860823E-10 0.74489012E-10 0.64990849E-10
0.79216704E-05 0.65893675E-05 0.54172842E-05 0.44015221E-05 0.35341294E-05 0.28041315E-05 0.21985318E-05 0.17032270E-05 0.13037996E-05 0.98616245E-06 0.73704750E-06 0.54434487E-06 0.39730312E-06 0.28661336E-06 0.20440010E-06 0.14414338E-06 0.10055500E-06 0.69431898E-07 0.47483585E-07 0.32198477E-07 0.21680635E-07 0.14526079E-07 0.97121097E-08 0.65055680E-08 0.43889219E-08 0.30022612E-08 0.20988566E-08 0.15118711E-08 0.11299497E-08 0.87967489E-09 0.71319432E-09 0.59964697E-09 0.51933217E-09 0.45979122E-09 0.41322164E-09 0.37478895E-09 0.34153680E-09 0.31168958E-09 0.28420886E-09 0.25851233E-09 0.23429581E-09 0.21142052E-09 0.18984150E-09 0.16956218E-09 0.15060581E-09 0.13299773E-09 0.11669717E-09 0.10183512E-09
0.12856103E-04 0.10708741E-04 0.88163795E-05 0.71735623E-05 0.57682479E-05 0.45834505E-05 0.35988182E-05 0.27920940E-05 0.21403905E-05 0.16212365E-05 0.12133801E-05 0.89735216E-06 0.65580932E-06 0.47368878E-06 0.33821015E-06 0.23876394E-06 0.16672288E-06 0.11520840E-06 0.78838947E-07 0.53481986E-07 0.36012493E-07 0.24118064E-07 0.16108648E-07 0.10770572E-07 0.72457400E-08 0.49365231E-08 0.34326842E-08 0.24565007E-08 0.18224241E-08 0.14080231E-08 0.11334513E-08 0.94720028E-09 0.81637556E-09 0.72017850E-09 0.64558295E-09 0.58451690E-09 0.53204148E-09 0.48518593E-09 0.44220711E-09 0.40212088E-09 0.36440602E-09 0.32881702E-09 0.29526562E-09 0.26374589E-09 0.23428709E-09 0.20692455E-09 0.18168229E-09 0.15856360E-09
0.20557573E-04 0.17149116E-04 0.14139912E-04 0.11522667E-04 0.92796008E-05 0.73849603E-05 0.58074507E-05 0.45125547E-05 0.34645441E-05 0.26281541E-05 0.19698818E-05 0.14589114E-05 0.10676925E-05 0.77221706E-06 0.55205187E-06 0.39018532E-06 0.27274631E-06 0.18864675E-06 0.12919049E-06 0.87681331E-07 0.59055853E-07 0.39542818E-07 0.26391603E-07 0.17620526E-07 0.11826109E-07 0.80293526E-08 0.55572784E-08 0.39537137E-08 0.29135531E-08 0.22352952E-08 0.17874333E-08 0.14850893E-08 0.12740480E-08 0.11200165E-08 0.10015206E-08 0.90525054E-09 0.82305847E-09 0.75003740E-09 0.68330013E-09 0.62120750E-09 0.56288151E-09 0.50789816E-09 0.45609357E-09 0.40744168E-09 0.36197739E-09 0.31974919E-09 0.28079080E-09 0.24510566E-09
0.32387821E-04 0.27060416E-04 0.22347766E-04 0.18240785E-04 0.14713917E-04 0.11728905E-04 0.92385513E-05 0.71902857E-05 0.55292745E-05 0.42010837E-05 0.31537414E-05 0.23392348E-05 0.17144702E-05 0.12417595E-05 0.88892002E-06 0.62907484E-06 0.44024483E-06 0.30481275E-06 0.20892587E-06 0.14189129E-06 0.95601575E-07 0.64017343E-07 0.42706666E-07 0.28482153E-07 0.19079410E-07 0.12916282E-07 0.89035194E-08 0.63017767E-08 0.46159601E-08 0.35187609E-08 0.27963910E-08 0.23107798E-08 0.19736965E-08 0.17293251E-08 0.15426983E-08 0.13921440E-08 0.12643888E-08 0.11514300E-08 0.10485482E-08 0.95305169E-09 0.86348515E-09 0.77913179E-09 0.69969953E-09 0.62512346E-09 0.55544207E-09 0.49072087E-09 0.43100673E-09 0.37630262E-09
0.50270692E-04 0.42072284E-04 0.34804518E-04 0.28457237E-04 0.22994797E-04 0.18361659E-04 0.14488042E-04 0.11295307E-04 0.87007732E-05 0.66218330E-05 0.49791623E-05 0.36991361E-05 0.27153902E-05 0.19696598E-05 0.14120133E-05 0.10006125E-05 0.70113750E-06 0.48599915E-06 0.33344407E-06 0.22663763E-06 0.15278448E-06 0.10232796E-06 0.68252521E-07 0.45483887E-07 0.30422386E-07 0.20545475E-07 0.14113678E-07 0.99445773E-08 0.72453537E-08 0.54912828E-08 0.43393113E-08 0.35677223E-08 0.30347562E-08 0.26506978E-08 0.23593371E-08 0.21258158E-08 0.19287819E-08 0.17553488E-08 0.15979021E-08 0.14520821E-08 0.13155140E-08 0.11870092E-08 0.10660638E-08 0.95254271E-09 0.84648308E-09 0.74797202E-09 0.65707413E-09 0.57379080E-09
0.76868043E-04 0.64447355E-04 0.53411342E-04 0.43750843E-04 0.35417868E-04 0.28333731E-04 0.22397380E-04 0.17493425E-04 0.13499413E-04 0.10292070E-04 0.77523528E-05 0.57691568E-05 0.42418754E-05 0.30818100E-05 0.22126541E-05 0.15702429E-05 0.11017673E-05 0.76464345E-06 0.52519791E-06 0.35729972E-06 0.24103666E-06 0.16150068E-06 0.10771952E-06 0.71752769E-07 0.47937852E-07 0.32311158E-07 0.22131873E-07 0.15534016E-07 0.11264688E-07 0.84936546E-08 0.66775601E-08 0.54649356E-08 0.46309142E-08 0.40331162E-08 0.35823035E-08 0.32231189E-08 0.29216387E-08 0.26573722E-08 0.24181924E-08 0.21971335E-08 0.19903772E-08 0.17959877E-08 0.16131189E-08 0.14415156E-08 0.12812034E-08 0.11322966E-08 0.99488347E-09 0.86896212E-09
0.11578392E-03 0.97261143E-04 0.80762476E-04 0.66284240E-04 0.53764549E-04 0.43094859E-04 0.34132028E-04 0.26710057E-04 0.20650900E-04 0.15773841E-04 0.11903155E-04 0.88739131E-05 0.65360173E-05 0.47565083E-05 0.34205350E-05 0.24311511E-05 0.17082856E-05 0.11871583E-05 0.81638558E-06 0.55597827E-06 0.37538133E-06 0.25166006E-06 0.16789415E-06 0.11180814E-06 0.74641761E-07 0.50233515E-07 0.34326403E-07 0.24014638E-07 0.17344250E-07 0.13018730E-07 0.10188601E-07 0.83038569E-08 0.70123398E-08 0.60909421E-08 0.53997616E-08 0.48519948E-08 0.43944031E-08 0.39948172E-08 0.36341693E-08 0.33014776E-08 0.29906910E-08 0.26987103E-08 0.24241477E-08 0.21665496E-08 0.19259125E-08 0.17023840E-08 0.14960846E-08 0.13070063E-08
0.17178904E-03 0.14460277E-03 0.12032225E-03 0.98957852E-04 0.80434065E-04 0.64605594E-04 0.51274392E-04 0.40206563E-04 0.31148120E-04 0.23838852E-04 0.18023813E-04 0.13462196E-04 0.99335829E-05 0.72418078E-05 0.52166203E-05 0.37137286E-05 0.26135058E-05 0.18188287E-05 0.12524076E-05 0.85390748E-06 0.57709569E-06 0.38717654E-06 0.25841479E-06 0.17209551E-06 0.11483081E-06 0.77196288E-07 0.52651969E-07 0.36736341E-07 0.26442013E-07 0.19770690E-07 0.15411467E-07 0.12514686E-07 0.10535857E-07 0.91297857E-08 0.80798965E-08 0.72517487E-08 0.65628642E-08 0.59633497E-08 0.54236093E-08 0.49265568E-08 0.44627381E-08 0.40272701E-08 0.36179249E-08 0.32339312E-08 0.28752276E-08 0.25420028E-08 0.22344205E-08 0.19524633E-08
0.25105172E-03 0.21178489E-03 0.17661398E-03 0.14557711E-03 0.11858918E-03 0.95462301E-04 0.75929386E-04 0.59668007E-04 0.46322961E-04 0.35526442E-04 0.26915006E-04 0.20142914E-04 0.14891760E-04 0.10876591E-04 0.78489204E-05 0.55972199E-05 0.39453846E-05 0.27499083E-05 0.18961923E-05 0.12944875E-05 0.87581381E-06 0.58810906E-06 0.39276553E-06 0.26163808E-06 0.17454620E-06 0.11725057E-06 0.79860452E-07 0.55601600E-07 0.39909216E-07 0.29743371E-07 0.23107190E-07 0.18704923E-07 0.15705410E-07 0.13581300E-07 0.12001526E-07 0.10760469E-07 0.97319146E-08 0.88394813E-08 0.80377906E-08 0.73006101E-08 0.66133716E-08 0.59685004E-08 0.53624894E-08 0.47940722E-08 0.42630852E-08 0.37697680E-08 0.33143434E-08 0.28967798E-08
0.36134676E-03 0.30554650E-03 0.25540726E-03 0.21102160E-03 0.17230714E-03 0.13902937E-03 0.11083815E-03 0.87299266E-04 0.67926153E-04 0.52208767E-04 0.39638229E-04 0.29726580E-04 0.22021369E-04 0.16115261E-04 0.11651164E-04 0.83236062E-05 0.58772049E-05 0.41029847E-05 0.28334548E-05 0.19369928E-05 0.13121126E-05 0.88199026E-06 0.58949760E-06 0.39288003E-06 0.26212640E-06 0.17601347E-06 0.11976610E-06 0.83254012E-07 0.59626551E-07 0.44322049E-07 0.34337894E-07 0.27723311E-07 0.23225657E-07 0.20049463E-07 0.17694984E-07 0.15851653E-07 0.14328737E-07 0.13010738E-07 0.11828975E-07 0.10743688E-07 0.97327315E-08 0.87845314E-08 0.78936681E-08 0.70581226E-08 0.62775639E-08 0.55522954E-08 0.48826228E-08 0.42684949E-08
0.51222149E-03 0.43421228E-03 0.36387684E-03 0.30140152E-03 0.24672386E-03 0.19956855E-03 0.15949240E-03 0.12592396E-03 0.98211147E-04 0.75660563E-04 0.57572739E-04 0.43270936E-04 0.32122899E-04 0.23555666E-04 0.17064035E-04 0.12213586E-04 0.86393862E-05 0.60415898E-05 0.41788883E-05 0.28609686E-05 0.19405972E-05 0.13059708E-05 0.87370746E-06 0.58269855E-06 0.38891126E-06 0.26113323E-06 0.17758786E-06 0.12331474E-06 0.88176535E-07 0.65413493E-07 0.50568762E-07 0.40742931E-07 0.34072082E-07 0.29371430E-07 0.25896051E-07 0.23182714E-07 0.20946758E-07 0.19015703E-07 0.17286931E-07 0.15700920E-07 0.14224473E-07 0.12840160E-07 0.11539750E-07 0.10320109E-07 0.91806454E-08 0.81217464E-08 0.71438358E-08 0.62468379E-08
0.71506806E-03 0.60779623E-03 0.51071719E-03 0.42416914E-03 0.34814810E-03 0.28235291E-03 0.22623833E-03 0.17907785E-03 0.14001583E-03 0.10812890E-03 0.82473780E-04 0.62128558E-04 0.46224616E-04 0.33969082E-04 0.24658394E-04 0.17684145E-04 0.12532660E-04 0.87798968E-05 0.60831942E-05 0.41712639E-05 0.28334620E-05 0.19093128E-05 0.12787693E-05 0.85360193E-06 0.57006788E-06 0.38287247E-06 0.26034220E-06 0.18066827E-06 0.12905743E-06 0.95609241E-07 0.73797474E-07 0.59367700E-07 0.49581559E-07 0.42696614E-07 0.37616371E-07 0.33658479E-07 0.30403376E-07 0.27596689E-07 0.25086971E-07 0.22786322E-07 0.20645594E-07 0.18638927E-07 0.16754030E-07 0.14986146E-07 0.13334302E-07 0.11798999E-07 0.10380835E-07 0.90797054E-08
0.98306823E-03 0.83798926E-03 0.70616767E-03 0.58817812E-03 0.48413387E-03 0.39373956E-03 0.31635821E-03 0.25108670E-03 0.19683344E-03 0.15239646E-03 0.11652731E-03 0.87992903E-04 0.65620395E-04 0.48330584E-04 0.35159146E-04 0.25267045E-04 0.17941999E-04 0.12593108E-04 0.87407342E-05 0.60035617E-05 0.40844417E-05 0.27561837E-05 0.18482948E-05 0.12350983E-05 0.82554678E-06 0.55477804E-06 0.37732810E-06 0.26182417E-06 0.18694003E-06 0.13838699E-06 0.10671597E-06 0.85766996E-07 0.71567893E-07 0.61588289E-07 0.54234355E-07 0.48513472E-07 0.43814909E-07 0.39768178E-07 0.36152574E-07 0.32839899E-07 0.29758390E-07 0.26870209E-07 0.24157298E-07 0.21612595E-07 0.19234587E-07 0.17023946E-07 0.14981521E-07 0.13107188E-07
0.13309695E-02 0.11380098E-02 0.96192389E-03 0.80363921E-03 0.66347415E-03 0.54119612E-03 0.43610141E-03 0.34710939E-03 0.27286338E-03 0.21182995E-03 0.16239485E-03 0.12293808E-03 0.91903728E-04 0.67847279E-04 0.49468064E-04 0.35626810E-04 0.25350607E-04 0.17828053E-04 0.12397373E-04 0.85301655E-05 0.58129943E-05 0.39286510E-05 0.26382609E-05 0.17652009E-05 0.11811477E-05 0.79444117E-06 0.54067539E-06 0.37530562E-06 0.26798830E-06 0.19835451E-06 0.15290947E-06 0.12284353E-06 0.10246741E-06 0.88152607E-07 0.77611274E-07 0.69417382E-07 0.62692935E-07 0.56905021E-07 0.51736014E-07 0.47001305E-07 0.42597523E-07 0.38470040E-07 0.34592753E-07 0.30955403E-07 0.27555739E-07 0.24394698E-07 0.21473512E-07 0.18792049E-07
