Basic/Day4/qtaim/urea/molecule/urea_mol_pl2d.SURFRHOO
DSAA
 161 161
-0.75589045E+01  0.75589045E+01  0.94486307E-01
-0.75589045E+01  0.75589045E+01  0.94486307E-01
 0.00000000E+00  0.00000000E+00
[rows 88 to 109 of 161, columns 48 to 95 of 161]
0.42742243E+00 0.46582049E+00 0.51027812E+00 0.57548698E+00 0.71761098E+00 0.11354889E+01 0.23891953E+01 0.56957393E+01 0.12027138E+02 0.16609601E+02 0.12518620E+02 0.60509714E+01 0.25455136E+01 0.12002359E+01 0.74979788E+00 0.59809153E+00 0.53028913E+00 0.48514745E+00 0.44673460E+00 0.41048508E+00 0.37520805E+00 0.34108890E+00 0.30885095E+00 0.27924960E+00 0.25280634E+00 0.22974781E+00 0.21007178E+00 0.19365574E+00 0.18035293E+00 0.17005178E+00 0.16269618E+00 0.15827560E+00 0.15679991E+00 0.15827560E+00 0.16269618E+00 0.17005178E+00 0.18035293E+00 0.19365574E+00 0.21007178E+00 0.22974781E+00 0.25280634E+00 0.27924960E+00 0.30885095E+00 0.34108890E+00 0.37520805E+00 0.41048508E+00 0.44673460E+00 0.48514745E+00
0.41488801E+00 0.45654604E+00 0.50678121E+00 0.58726535E+00 0.78807632E+00 0.14547465E+01 0.37449252E+01 0.11409648E+02 0.32988796E+02 0.59612783E+02 0.35224988E+02 0.12344922E+02 0.40411750E+01 0.15504396E+01 0.82591457E+00 0.60979586E+00 0.52560432E+00 0.47444068E+00 0.43264230E+00 0.39398745E+00 0.35685294E+00 0.32129989E+00 0.28801715E+00 0.25774248E+00 0.23096890E+00 0.20787685E+00 0.18840293E+00 0.17235361E+00 0.15950533E+00 0.14966776E+00 0.14270961E+00 0.13855653E+00 0.13717514E+00 0.13855653E+00 0.14270961E+00 0.14966776E+00 0.15950533E+00 0.17235361E+00 0.18840293E+00 0.20787685E+00 0.23096890E+00 0.25774248E+00 0.28801715E+00 0.32129989E+00 0.35685294E+00 0.39398745E+00 0.43264230E+00 0.47444068E+00
0.39686531E+00 0.44034195E+00 0.49353198E+00 0.58099306E+00 0.80731072E+00 0.15843055E+01 0.43889247E+01 0.14743827E+02 0.52639944E+02 0.18473057E+03 0.57606154E+02 0.16087393E+02 0.47583030E+01 0.16921217E+01 0.84591991E+00 0.60221052E+00 0.51085187E+00 0.45678799E+00 0.41316930E+00 0.37316990E+00 0.33506099E+00 0.29889157E+00 0.26533780E+00 0.23510399E+00 0.20863136E+00 0.18603785E+00 0.16719331E+00 0.15183677E+00 0.13967808E+00 0.13046256E+00 0.12399964E+00 0.12016580E+00 0.11889470E+00 0.12016580E+00 0.12399964E+00 0.13046256E+00 0.13967808E+00 0.15183677E+00 0.16719331E+00 0.18603785E+00 0.20863136E+00 0.23510399E+00 0.26533780E+00 0.29889157E+00 0.33506099E+00 0.37316990E+00 0.41316930E+00 0.45678799E+00
0.37481117E+00 0.41869410E+00 0.47158942E+00 0.55465490E+00 0.75491603E+00 0.14025130E+01 0.35826747E+01 0.10682077E+02 0.29637699E+02 0.51019328E+02 0.31510532E+02 0.11529548E+02 0.38556895E+01 0.14889143E+01 0.78719318E+00 0.57316706E+00 0.48718351E+00 0.43374549E+00 0.38981691E+00 0.34941569E+00 0.31109635E+00 0.27501264E+00 0.24184599E+00 0.21224934E+00 0.18658955E+00 0.16490863E+00 0.14700822E+00 0.13256817E+00 0.12124615E+00 0.11274061E+00 0.10681953E+00 0.10332576E+00 0.10217063E+00 0.10332576E+00 0.10681953E+00 0.11274061E+00 0.12124615E+00 0.13256817E+00 0.14700822E+00 0.16490863E+00 0.18658955E+00 0.21224934E+00 0.24184599E+00 0.27501264E+00 0.31109635E+00 0.34941569E+00 0.38981691E+00 0.43374549E+00
0.35033365E+00 0.39359566E+00 0.44391766E+00 0.51533234E+00 0.66047513E+00 0.10617799E+01 0.22193300E+01 0.51558802E+01 0.10540079E+02 0.14298456E+02 0.10943609E+02 0.54561950E+01 0.23510351E+01 0.11127707E+01 0.68321204E+00 0.53064962E+00 0.45783793E+00 0.40740964E+00 0.36422982E+00 0.32411655E+00 0.28617560E+00 0.25073445E+00 0.21847753E+00 0.18998301E+00 0.16552238E+00 0.14505218E+00 0.12830815E+00 0.11492179E+00 0.10451437E+00 0.96754979E-01 0.91387042E-01 0.88233837E-01 0.87193752E-01 0.88233837E-01 0.91387042E-01 0.96754979E-01 0.10451437E+00 0.11492179E+00 0.12830815E+00 0.14505218E+00 0.16552238E+00 0.18998301E+00 0.21847753E+00 0.25073445E+00 0.28617560E+00 0.32411655E+00 0.36422982E+00 0.40740964E+00
0.32491900E+00 0.36705969E+00 0.41411376E+00 0.47343353E+00 0.56896362E+00 0.77333359E+00 0.12518573E+01 0.22097441E+01 0.35275702E+01 0.42691257E+01 0.36115876E+01 0.22940659E+01 0.13016178E+01 0.79841567E+00 0.58413376E+00 0.48617231E+00 0.42669463E+00 0.37988471E+00 0.33791657E+00 0.29850042E+00 0.26134994E+00 0.22696399E+00 0.19600352E+00 0.16894460E+00 0.14594645E+00 0.12687594E+00 0.11140876E+00 0.99140238E-01 0.89670351E-01 0.82654503E-01 0.77825948E-01 0.74999988E-01 0.74069627E-01 0.74999988E-01 0.77825948E-01 0.82654503E-01 0.89670351E-01 0.99140238E-01 0.11140876E+00 0.12687594E+00 0.14594645E+00 0.16894460E+00 0.19600352E+00 0.22696399E+00 0.26134994E+00 0.29850042E+00 0.33791657E+00 0.37988471E+00
0.29972111E+00 0.34064073E+00 0.38485332E+00 0.43539081E+00 0.50074610E+00 0.60243967E+00 0.78107741E+00 0.10678913E+01 0.13946936E+01 0.15563630E+01 0.14135418E+01 0.10910157E+01 0.79895489E+00 0.61539259E+00 0.51191998E+00 0.44659530E+00 0.39655715E+00 0.35276636E+00 0.31203323E+00 0.27351893E+00 0.23743653E+00 0.20439753E+00 0.17499784E+00 0.14958656E+00 0.12820136E+00 0.11062171E+00 0.96472549E-01 0.85325593E-01 0.76772954E-01 0.70469188E-01 0.66148588E-01 0.63627257E-01 0.62798436E-01 0.63627257E-01 0.66148588E-01 0.70469188E-01 0.76772954E-01 0.85325593E-01 0.96472549E-01 0.11062171E+00 0.12820136E+00 0.14958656E+00 0.17499784E+00 0.20439753E+00 0.23743653E+00 0.27351893E+00 0.31203323E+00 0.35276636E+00
0.27549349E+00 0.31524940E+00 0.35737838E+00 0.40262501E+00 0.45316104E+00 0.51346486E+00 0.58983791E+00 0.68270844E+00 0.77059296E+00 0.81021207E+00 0.77578476E+00 0.69057568E+00 0.59839484E+00 0.52241806E+00 0.46284531E+00 0.41316949E+00 0.36864013E+00 0.32695199E+00 0.28731565E+00 0.24982021E+00 0.21500541E+00 0.18351410E+00 0.15583639E+00 0.13217933E+00 0.11246006E+00 0.96379854E-01 0.83524962E-01 0.73455708E-01 0.65767518E-01 0.60123784E-01 0.56267830E-01 0.54022605E-01 0.53285383E-01 0.54022605E-01 0.56267830E-01 0.60123784E-01 0.65767518E-01 0.73455708E-01 0.83524962E-01 0.96379854E-01 0.11246006E+00 0.13217933E+00 0.15583639E+00 0.18351410E+00 0.21500541E+00 0.24982021E+00 0.28731565E+00 0.32695199E+00
0.25265283E+00 0.29126698E+00 0.33189598E+00 0.37416238E+00 0.41793023E+00 0.46310263E+00 0.50891489E+00 0.55225301E+00 0.58574230E+00 0.59949002E+00 0.58838913E+00 0.55711703E+00 0.51554711E+00 0.47123103E+00 0.42734608E+00 0.38460789E+00 0.34305119E+00 0.30277414E+00 0.26414896E+00 0.22779240E+00 0.19440832E+00 0.16459785E+00 0.13871848E+00 0.11683475E+00 0.98755184E-01 0.84117889E-01 0.72484200E-01 0.63414189E-01 0.56515239E-01 0.51466234E-01 0.48024596E-01 0.46023776E-01 0.45367333E-01 0.46023776E-01 0.48024596E-01 0.51466234E-01 0.56515239E-01 0.63414189E-01 0.72484200E-01 0.84117889E-01 0.98755184E-01 0.11683475E+00 0.13871848E+00 0.16459785E+00 0.19440832E+00 0.22779240E+00 0.26414896E+00 0.30277414E+00
0.23140132E+00 0.26878270E+00 0.30816606E+00 0.34863563E+00 0.38917138E+00 0.42848574E+00 0.46471531E+00 0.49511574E+00 0.51614377E+00 0.52444068E+00 0.51852495E+00 0.49972883E+00 0.47131800E+00 0.43678645E+00 0.39883946E+00 0.35930389E+00 0.31943996E+00 0.28025879E+00 0.24269742E+00 0.20763776E+00 0.17582629E+00 0.14777394E+00 0.12369906E+00 0.10353825E+00 0.87012067E-01 0.73714187E-01 0.63194980E-01 0.55023682E-01 0.48825720E-01 0.44299413E-01 0.41218902E-01 0.39429889E-01 0.38843243E-01 0.39429889E-01 0.41218902E-01 0.44299413E-01 0.48825720E-01 0.55023682E-01 0.63194980E-01 0.73714187E-01 0.87012067E-01 0.10353825E+00 0.12369906E+00 0.14777394E+00 0.17582629E+00 0.20763776E+00 0.24269742E+00 0.28025879E+00
0.21183591E+00 0.24779625E+00 0.28590444E+00 0.32500570E+00 0.36370863E+00 0.40034951E+00 0.43293250E+00 0.45915503E+00 0.47666460E+00 0.48359587E+00 0.47918401E+00 0.46405194E+00 0.43994544E+00 0.40912912E+00 0.37384711E+00 0.33606123E+00 0.29742397E+00 0.25934240E+00 0.22301996E+00 0.18944002E+00 0.15931483E+00 0.13304504E+00 0.11072265E+00 0.92182075E-01 0.77081605E-01 0.64990058E-01 0.55459537E-01 0.48075668E-01 0.42485601E-01 0.38408783E-01 0.35636813E-01 0.34027960E-01 0.33500547E-01 0.34027960E-01 0.35636813E-01 0.38408783E-01 0.42485601E-01 0.48075668E-01 0.55459537E-01 0.64990058E-01 0.77081605E-01 0.92182075E-01 0.11072265E+00 0.13304504E+00 0.15931483E+00 0.18944002E+00 0.22301996E+00 0.25934240E+00
0.19400975E+00 0.22832485E+00 0.26496269E+00 0.30269657E+00 0.33999132E+00 0.37504387E+00 0.40584338E+00 0.43029914E+00 0.44648485E+00 0.45298405E+00 0.44921857E+00 0.43559452E+00 0.41338176E+00 0.38440038E+00 0.35067756E+00 0.31419883E+00 0.27677633E+00 0.23998793E+00 0.20513591E+00 0.17320573E+00 0.14483627E+00 0.12032164E+00 0.99653463E-01 0.82595113E-01 0.68768837E-01 0.57736587E-01 0.49062532E-01 0.42353561E-01 0.37280148E-01 0.33582854E-01 0.31070126E-01 0.29612151E-01 0.29134263E-01 0.29612151E-01 0.31070126E-01 0.33582854E-01 0.37280148E-01 0.42353561E-01 0.49062532E-01 0.57736587E-01 0.68768837E-01 0.82595113E-01 0.99653463E-01 0.12032164E+00 0.14483627E+00 0.17320573E+00 0.20513591E+00 0.23998793E+00
0.17794587E+00 0.21042318E+00 0.24535431E+00 0.28154038E+00 0.31743213E+00 0.35119936E+00 0.38083883E+00 0.40433864E+00 0.41991200E+00 0.42627521E+00 0.42289126E+00 0.41008076E+00 0.38894867E+00 0.36116240E+00 0.32867575E+00 0.29348567E+00 0.25745755E+00 0.22221037E+00 0.18904101E+00 0.15887952E+00 0.13227903E+00 0.10944521E+00 0.90300358E-01 0.74567335E-01 0.61855625E-01 0.51734934E-01 0.43788969E-01 0.37648550E-01 0.33007465E-01 0.29626203E-01 0.27328610E-01 0.25995573E-01 0.25558652E-01 0.25995573E-01 0.27328610E-01 0.29626203E-01 0.33007465E-01 0.37648550E-01 0.43788969E-01 0.51734934E-01 0.61855625E-01 0.74567335E-01 0.90300358E-01 0.10944521E+00 0.13227903E+00 0.15887952E+00 0.18904101E+00 0.22221037E+00
0.16362257E+00 0.19415063E+00 0.22719782E+00 0.26165621E+00 0.29605071E+00 0.32860275E+00 0.35733850E+00 0.38025591E+00 0.39556014E+00 0.40194323E+00 0.39883376E+00 0.38651992E+00 0.36608946E+00 0.33921234E+00 0.30785590E+00 0.27402367E+00 0.23956384E+00 0.20604670E+00 0.17469342E+00 0.14634502E+00 0.12146965E+00 0.10020643E+00 0.82436897E-01 0.67868949E-01 0.56117459E-01 0.46770437E-01 0.39435778E-01 0.33769112E-01 0.29486434E-01 0.26366309E-01 0.24246134E-01 0.23016018E-01 0.22612830E-01 0.23016018E-01 0.24246134E-01 0.26366309E-01 0.29486434E-01 0.33769112E-01 0.39435778E-01 0.46770437E-01 0.56117459E-01 0.67868949E-01 0.82436897E-01 0.10020643E+00 0.12146965E+00 0.14634502E+00 0.17469342E+00 0.20604670E+00
0.15095354E+00 0.17952299E+00 0.21063025E+00 0.24330612E+00 0.27622005E+00 0.30770918E+00 0.33584581E+00 0.35857700E+00 0.37397099E+00 0.38055533E+00 0.37764824E+00 0.36553818E+00 0.34541694E+00 0.31909812E+00 0.28865405E+00 0.25610783E+00 0.22324184E+00 0.19150742E+00 0.16199333E+00 0.13542442E+00 0.11218409E+00 0.92361307E-01 0.75817926E-01 0.62265040E-01 0.51335299E-01 0.42641639E-01 0.35818433E-01 0.30545733E-01 0.26560046E-01 0.23655939E-01 0.21682440E-01 0.20537410E-01 0.20162111E-01 0.20537410E-01 0.21682440E-01 0.23655939E-01 0.26560046E-01 0.30545733E-01 0.35818433E-01 0.42641639E-01 0.51335299E-01 0.62265040E-01 0.75817926E-01 0.92361307E-01 0.11218409E+00 0.13542442E+00 0.16199333E+00 0.19150742E+00
0.13977904E+00 0.16647598E+00 0.19572803E+00 0.22675484E+00 0.25843935E+00 0.28929169E+00 0.31742998E+00 0.34065757E+00 0.35672990E+00 0.36381909E+00 0.36102340E+00 0.34866423E+00 0.32819356E+00 0.30176338E+00 0.27169441E+00 0.24007892E+00 0.20860379E+00 0.17853630E+00 0.15077239E+00 0.12588492E+00 0.10416178E+00 0.85646940E-01 0.70193687E-01 0.57526790E-01 0.47303711E-01 0.39165681E-01 0.32774126E-01 0.27832424E-01 0.24095751E-01 0.21372704E-01 0.19522221E-01 0.18448612E-01 0.18096736E-01 0.18448612E-01 0.19522221E-01 0.21372704E-01 0.24095751E-01 0.27832424E-01 0.32774126E-01 0.39165681E-01 0.47303711E-01 0.57526790E-01 0.70193687E-01 0.85646940E-01 0.10416178E+00 0.12588492E+00 0.15077239E+00 0.17853630E+00
0.12987224E+00 0.15485111E+00 0.18245297E+00 0.21214936E+00 0.24311603E+00 0.27409488E+00 0.30323159E+00 0.32804357E+00 0.34571661E+00 0.35378761E+00 0.35097004E+00 0.33766112E+00 0.31579909E+00 0.28816145E+00 0.25753647E+00 0.22617720E+00 0.19565715E+00 0.16698779E+00 0.14079703E+00 0.11745329E+00 0.97122806E-01 0.79797035E-01 0.65322123E-01 0.53440244E-01 0.43836463E-01 0.36181322E-01 0.30162837E-01 0.25506381E-01 0.21984134E-01 0.19417102E-01 0.17672759E-01 0.16660857E-01 0.16329234E-01 0.16660857E-01 0.17672759E-01 0.19417102E-01 0.21984134E-01 0.25506381E-01 0.30162837E-01 0.36181322E-01 0.43836463E-01 0.53440244E-01 0.65322123E-01 0.79797035E-01 0.97122806E-01 0.11745329E+00 0.14079703E+00 0.16698779E+00
0.12095713E+00 0.14439968E+00 0.17062086E+00 0.19941847E+00 0.23035222E+00 0.26246369E+00 0.29390351E+00 0.32172610E+00 0.34221616E+00 0.35190293E+00 0.34889033E+00 0.33370748E+00 0.30908231E+00 0.27879733E+00 0.24639107E+00 0.21439327E+00 0.18424458E+00 0.15661689E+00 0.13178104E+00 0.10983531E+00 0.90786629E-01 0.74556958E-01 0.60979707E-01 0.49813378E-01 0.40770538E-01 0.33550616E-01 0.27867298E-01 0.23466737E-01 0.20136852E-01 0.17709913E-01 0.16061007E-01 0.15104655E-01 0.14791277E-01 0.15104655E-01 0.16061007E-01 0.17709913E-01 0.20136852E-01 0.23466737E-01 0.27867298E-01 0.33550616E-01 0.40770538E-01 0.49813378E-01 0.60979707E-01 0.74556958E-01 0.90786629E-01 0.10983531E+00 0.13178104E+00 0.15661689E+00
0.11273199E+00 0.13479794E+00 0.15988743E+00 0.18819341E+00 0.21974821E+00 0.25396927E+00 0.28900911E+00 0.32129663E+00 0.34587196E+00 0.35784567E+00 0.35445553E+00 0.33642563E+00 0.30761543E+00 0.27322406E+00 0.23782553E+00 0.20432461E+00 0.17399371E+00 0.14707710E+00 0.12340270E+00 0.10273681E+00 0.84890428E-01 0.69697580E-01 0.56970880E-01 0.46481879E-01 0.37969110E-01 0.31159829E-01 0.25792438E-01 0.21632987E-01 0.18484368E-01 0.16189498E-01 0.14630610E-01 0.13726678E-01 0.13430523E-01 0.13726678E-01 0.14630610E-01 0.16189498E-01 0.18484368E-01 0.21632987E-01 0.25792438E-01 0.31159829E-01 0.37969110E-01 0.46481879E-01 0.56970880E-01 0.69697580E-01 0.84890428E-01 0.10273681E+00 0.12340270E+00 0.14707710E+00
0.10489640E+00 0.12567381E+00 0.14976143E+00 0.17778041E+00 0.21028891E+00 0.24714484E+00 0.28653630E+00 0.32419440E+00 0.35368904E+00 0.36840378E+00 0.36450588E+00 0.34296458E+00 0.30903834E+00 0.26964169E+00 0.23055799E+00 0.19509428E+00 0.16430267E+00 0.13793502E+00 0.11532777E+00 0.95885392E-01 0.79206233E-01 0.65027389E-01 0.53135896E-01 0.43313699E-01 0.35323674E-01 0.28919825E-01 0.23864546E-01 0.19943320E-01 0.16973741E-01 0.14809237E-01 0.13339146E-01 0.12486893E-01 0.12207711E-01 0.12486893E-01 0.13339146E-01 0.14809237E-01 0.16973741E-01 0.19943320E-01 0.23864546E-01 0.28919825E-01 0.35323674E-01 0.43313699E-01 0.53135896E-01 0.65027389E-01 0.79206233E-01 0.95885392E-01 0.11532777E+00 0.13793502E+00
0.97182647E-01 0.11665277E+00 0.13966940E+00 0.16724542E+00 0.20043779E+00 0.23955511E+00 0.28288370E+00 0.32554826E+00 0.35971556E+00 0.37705608E+00 0.37265528E+00 0.34773128E+00 0.30895034E+00 0.26491244E+00 0.22253215E+00 0.18543522E+00 0.15441018E+00 0.12872144E+00 0.10724456E+00 0.89053902E-01 0.73556278E-01 0.60402206E-01 0.49356600E-01 0.40212072E-01 0.32755134E-01 0.26765832E-01 0.22030144E-01 0.18352895E-01 0.15566513E-01 0.13535193E-01 0.12155656E-01 0.11356026E-01 0.11094112E-01 0.11356026E-01 0.12155656E-01 0.13535193E-01 0.15566513E-01 0.18352895E-01 0.22030144E-01 0.26765832E-01 0.32755134E-01 0.40212072E-01 0.49356600E-01 0.60402206E-01 0.73556278E-01 0.89053902E-01 0.10724456E+00 0.12872144E+00
0.89391199E-01 0.10742590E+00 0.12908511E+00 0.15565029E+00 0.18853837E+00 0.22841969E+00 0.27373687E+00 0.31929174E+00 0.35633554E+00 0.37534974E+00 0.37064798E+00 0.34362387E+00 0.30193690E+00 0.25533659E+00 0.21144674E+00 0.17401706E+00 0.14358001E+00 0.11902846E+00 0.98913122E-01 0.82085073E-01 0.67825506E-01 0.55731508E-01 0.45559371E-01 0.37116466E-01 0.30213520E-01 0.24656363E-01 0.20254405E-01 0.16831958E-01 0.14236663E-01 0.12343968E-01 0.11058462E-01 0.10313366E-01 0.10069328E-01 0.10313366E-01 0.11058462E-01 0.12343968E-01 0.14236663E-01 0.16831958E-01 0.20254405E-01 0.24656363E-01 0.30213520E-01 0.37116466E-01 0.45559371E-01 0.55731508E-01 0.67825506E-01 0.82085073E-01 0.98913122E-01 0.11902846E+00
