Basic/Day4/qtaim/urea/molecule/urea_mol_pl2d.SURFELFB
DSAA
 161 161
-0.75589045E+01  0.75589045E+01  0.94486307E-01
-0.75589045E+01  0.75589045E+01  0.94486307E-01
 0.00000000E+00  0.00000000E+00
[rows 105 to 125 of 161, columns 47 to 93 of 161]
-0.11852131E+00 -0.14818684E+00 -0.18020189E+00 -0.21346651E+00 -0.24870268E+00 -0.28968627E+00 -0.34218671E+00 -0.40930403E+00 -0.48511482E+00 -0.55226097E+00 -0.58842592E+00 -0.57936785E+00 -0.52851165E+00 -0.45460419E+00 -0.37957722E+00 -0.31701682E+00 -0.26908511E+00 -0.23105290E+00 -0.19749588E+00 -0.16566399E+00 -0.13552020E+00 -0.10825148E+00 -0.84944211E-01 -0.66028000E-01 -0.51307659E-01 -0.40217377E-01 -0.32062633E-01 -0.26174815E-01 -0.21986095E-01 -0.19052695E-01 -0.17050194E-01 -0.15756321E-01 -0.15030630E-01 -0.14796761E-01 -0.15030630E-01 -0.15756321E-01 -0.17050194E-01 -0.19052695E-01 -0.21986095E-01 -0.26174815E-01 -0.32062633E-01 -0.40217377E-01 -0.51307659E-01 -0.66028000E-01 -0.84944211E-01 -0.10825148E+00 -0.13552020E+00
-0.10831023E+00 -0.13354408E+00 -0.16028028E+00 -0.18911547E+00 -0.22477515E+00 -0.27753915E+00 -0.36021115E+00 -0.47867162E+00 -0.61991263E+00 -0.74816038E+00 -0.81826369E+00 -0.80162144E+00 -0.70510896E+00 -0.56640034E+00 -0.42992345E+00 -0.32380516E+00 -0.25314416E+00 -0.20819729E+00 -0.17632938E+00 -0.14917472E+00 -0.12368432E+00 -0.10000232E+00 -0.79162163E-01 -0.61853152E-01 -0.48150201E-01 -0.37689562E-01 -0.29915197E-01 -0.24251967E-01 -0.20194276E-01 -0.17338020E-01 -0.15382184E-01 -0.14116806E-01 -0.13406951E-01 -0.13178218E-01 -0.13406951E-01 -0.14116806E-01 -0.15382184E-01 -0.17338020E-01 -0.20194276E-01 -0.24251967E-01 -0.29915197E-01 -0.37689562E-01 -0.48150201E-01 -0.61853152E-01 -0.79162163E-01 -0.10000232E+00 -0.12368432E+00
-0.10023577E+00 -0.12209080E+00 -0.14534252E+00 -0.17306450E+00 -0.21534201E+00 -0.29084208E+00 -0.42120024E+00 -0.61536394E+00 -0.85022185E+00 -0.10646730E+01 -0.11822588E+01 -0.11546794E+01 -0.99357287E+00 -0.76262155E+00 -0.53714727E+00 -0.36540921E+00 -0.25706769E+00 -0.19629583E+00 -0.16127599E+00 -0.13628590E+00 -0.11411861E+00 -0.93256691E-01 -0.74395103E-01 -0.58363708E-01 -0.45455689E-01 -0.35480140E-01 -0.27997778E-01 -0.22509307E-01 -0.18557507E-01 -0.15767796E-01 -0.13855642E-01 -0.12619021E-01 -0.11925990E-01 -0.11702848E-01 -0.11925990E-01 -0.12619021E-01 -0.13855642E-01 -0.15767796E-01 -0.18557507E-01 -0.22509307E-01 -0.27997778E-01 -0.35480140E-01 -0.45455689E-01 -0.58363708E-01 -0.74395103E-01 -0.93256691E-01 -0.11411861E+00
-0.93170358E-01 -0.11242994E+00 -0.13351635E+00 -0.16224660E+00 -0.21435583E+00 -0.31718104E+00 -0.50142117E+00 -0.77906735E+00 -0.11161544E+01 -0.14243974E+01 -0.15935482E+01 -0.15539587E+01 -0.13224399E+01 -0.99084113E+00 -0.66778452E+00 -0.42312621E+00 -0.27151201E+00 -0.19090875E+00 -0.15003767E+00 -0.12551510E+00 -0.10567750E+00 -0.87089033E-01 -0.69919091E-01 -0.55021338E-01 -0.42841867E-01 -0.33327456E-01 -0.26135995E-01 -0.20832407E-01 -0.17000743E-01 -0.14291747E-01 -0.12435149E-01 -0.11235923E-01 -0.10564871E-01 -0.10349025E-01 -0.10564871E-01 -0.11235923E-01 -0.12435149E-01 -0.14291747E-01 -0.17000743E-01 -0.20832407E-01 -0.26135995E-01 -0.33327456E-01 -0.42841867E-01 -0.55021338E-01 -0.69919091E-01 -0.87089033E-01 -0.10567750E+00
-0.86351263E-01 -0.10351159E+00 -0.12302480E+00 -0.15287645E+00 -0.21308320E+00 -0.33744130E+00 -0.56338801E+00 -0.90519930E+00 -0.13207328E+01 -0.17009923E+01 -0.19097646E+01 -0.18609108E+01 -0.15752386E+01 -0.11663246E+01 -0.76831984E+00 -0.46748489E+00 -0.28220509E+00 -0.18580894E+00 -0.13997890E+00 -0.11559266E+00 -0.97565584E-01 -0.80902146E-01 -0.65271874E-01 -0.51481577E-01 -0.40064442E-01 -0.31065483E-01 -0.24220587E-01 -0.19150808E-01 -0.15478739E-01 -0.12880247E-01 -0.11100280E-01 -0.99521631E-02 -0.93107221E-02 -0.91046114E-02 -0.93107221E-02 -0.99521631E-02 -0.11100280E-01 -0.12880247E-01 -0.15478739E-01 -0.19150808E-01 -0.24220587E-01 -0.31065483E-01 -0.40064442E-01 -0.51481577E-01 -0.65271874E-01 -0.80902146E-01 -0.97565584E-01
-0.79345975E-01 -0.94649227E-01 -0.11247916E+00 -0.14165192E+00 -0.20361693E+00 -0.33416196E+00 -0.57272038E+00 -0.93421909E+00 -0.13740059E+01 -0.17766634E+01 -0.19978086E+01 -0.19460602E+01 -0.16434960E+01 -0.12105775E+01 -0.78945289E+00 -0.47144691E+00 -0.27610140E+00 -0.17538265E+00 -0.12885900E+00 -0.10559457E+00 -0.89313917E-01 -0.74388251E-01 -0.60226851E-01 -0.47578644E-01 -0.37007504E-01 -0.28616871E-01 -0.22201751E-01 -0.17433066E-01 -0.13971548E-01 -0.11520119E-01 -0.98415809E-02 -0.87601723E-02 -0.81568142E-02 -0.79631103E-02 -0.81568142E-02 -0.87601723E-02 -0.98415809E-02 -0.11520119E-01 -0.13971548E-01 -0.17433066E-01 -0.22201751E-01 -0.28616871E-01 -0.37007504E-01 -0.47578644E-01 -0.60226851E-01 -0.74388251E-01 -0.89313917E-01
-0.71994765E-01 -0.85534181E-01 -0.10122444E+00 -0.12712660E+00 -0.18282172E+00 -0.30092845E+00 -0.51734616E+00 -0.84565299E+00 -0.12452418E+01 -0.16111708E+01 -0.18121657E+01 -0.17651393E+01 -0.14901604E+01 -0.10967518E+01 -0.71416042E+00 -0.42543111E+00 -0.24833835E+00 -0.15736959E+00 -0.11569832E+00 -0.95112919E-01 -0.80750421E-01 -0.67468989E-01 -0.54744839E-01 -0.43292323E-01 -0.33661372E-01 -0.25977878E-01 -0.20078688E-01 -0.15679340E-01 -0.12479099E-01 -0.10210477E-01 -0.86571953E-02 -0.76572477E-02 -0.70998811E-02 -0.69210595E-02 -0.70998811E-02 -0.76572477E-02 -0.86571953E-02 -0.10210477E-01 -0.12479099E-01 -0.15679340E-01 -0.20078688E-01 -0.25977878E-01 -0.33661372E-01 -0.43292323E-01 -0.54744839E-01 -0.67468989E-01 -0.80750421E-01
-0.64337509E-01 -0.76184425E-01 -0.89402645E-01 -0.11011845E+00 -0.15359524E+00 -0.24546139E+00 -0.41399040E+00 -0.66992955E+00 -0.98156414E+00 -0.12669416E+01 -0.14236741E+01 -0.13870126E+01 -0.11725882E+01 -0.86576663E+00 -0.56740096E+00 -0.34237265E+00 -0.20452437E+00 -0.13373797E+00 -0.10102557E+00 -0.84264047E-01 -0.71937722E-01 -0.60226645E-01 -0.48917670E-01 -0.38706359E-01 -0.30093332E-01 -0.23198355E-01 -0.17886140E-01 -0.13912421E-01 -0.11015208E-01 -0.89586572E-02 -0.75499816E-02 -0.66433559E-02 -0.61382791E-02 -0.59762997E-02 -0.61382791E-02 -0.66433559E-02 -0.75499816E-02 -0.89586572E-02 -0.11015208E-01 -0.13912421E-01 -0.17886140E-01 -0.23198355E-01 -0.30093332E-01 -0.38706359E-01 -0.48917670E-01 -0.60226645E-01 -0.71937722E-01
-0.56533246E-01 -0.66809799E-01 -0.77621388E-01 -0.92769896E-01 -0.12236893E+00 -0.18376925E+00 -0.29628183E+00 -0.46739617E+00 -0.67591891E+00 -0.86689492E+00 -0.97176767E+00 -0.94724211E+00 -0.80376293E+00 -0.59843019E+00 -0.39881489E+00 -0.24842770E+00 -0.15640707E+00 -0.10892841E+00 -0.86245761E-01 -0.73465040E-01 -0.63072234E-01 -0.52836461E-01 -0.42914332E-01 -0.33966393E-01 -0.26416724E-01 -0.20360217E-01 -0.15679981E-01 -0.12168360E-01 -0.96015873E-02 -0.77764123E-02 -0.65250606E-02 -0.57194751E-02 -0.52707361E-02 -0.51268474E-02 -0.52707361E-02 -0.57194751E-02 -0.65250606E-02 -0.77764123E-02 -0.96015873E-02 -0.12168360E-01 -0.15679981E-01 -0.20360217E-01 -0.26416724E-01 -0.33966393E-01 -0.42914332E-01 -0.52836461E-01 -0.63072234E-01
-0.48790152E-01 -0.57659333E-01 -0.66473012E-01 -0.77041162E-01 -0.94972590E-01 -0.13034960E+00 -0.19464569E+00 -0.29255666E+00 -0.41208903E+00 -0.52166019E+00 -0.58184555E+00 -0.56777032E+00 -0.48543142E+00 -0.36764297E+00 -0.25326914E+00 -0.16726620E+00 -0.11461586E+00 -0.86957091E-01 -0.72644119E-01 -0.63129236E-01 -0.54382369E-01 -0.45510865E-01 -0.36936001E-01 -0.29242849E-01 -0.22762666E-01 -0.17557419E-01 -0.13523787E-01 -0.10487800E-01 -0.82624333E-02 -0.66766105E-02 -0.55878279E-02 -0.48863761E-02 -0.44955304E-02 -0.43701972E-02 -0.44955304E-02 -0.48863761E-02 -0.55878279E-02 -0.66766105E-02 -0.82624333E-02 -0.10487800E-01 -0.13523787E-01 -0.17557419E-01 -0.22762666E-01 -0.29242849E-01 -0.36936001E-01 -0.45510865E-01 -0.54382369E-01
-0.41320608E-01 -0.48934039E-01 -0.56250446E-01 -0.63774463E-01 -0.73997258E-01 -0.91881276E-01 -0.12335920E+00 -0.17114247E+00 -0.22961831E+00 -0.28333753E+00 -0.31287644E+00 -0.30596358E+00 -0.26555631E+00 -0.20783729E+00 -0.15192636E+00 -0.10994431E+00 -0.83995147E-01 -0.69580320E-01 -0.60777804E-01 -0.53491580E-01 -0.46070788E-01 -0.38462333E-01 -0.31182026E-01 -0.24701459E-01 -0.19257176E-01 -0.14879635E-01 -0.11477860E-01 -0.89089305E-02 -0.70200700E-02 -0.56706446E-02 -0.47424700E-02 -0.41437918E-02 -0.38099989E-02 -0.37029327E-02 -0.38099989E-02 -0.41437918E-02 -0.47424700E-02 -0.56706446E-02 -0.70200700E-02 -0.89089305E-02 -0.11477860E-01 -0.14879635E-01 -0.19257176E-01 -0.24701459E-01 -0.31182026E-01 -0.38462333E-01 -0.46070788E-01
-0.34319383E-01 -0.40783403E-01 -0.46976406E-01 -0.52762845E-01 -0.58899499E-01 -0.67372752E-01 -0.80825419E-01 -0.10071237E+00 -0.12498494E+00 -0.14733135E+00 -0.15964034E+00 -0.15675278E+00 -0.13991251E+00 -0.11591096E+00 -0.92691423E-01 -0.75114291E-01 -0.63734179E-01 -0.56390249E-01 -0.50534771E-01 -0.44628972E-01 -0.38306504E-01 -0.31881758E-01 -0.25825698E-01 -0.20482195E-01 -0.16005044E-01 -0.12400838E-01 -0.95915688E-02 -0.74625752E-02 -0.58919383E-02 -0.47666808E-02 -0.39910100E-02 -0.34899377E-02 -0.32103057E-02 -0.31205734E-02 -0.32103057E-02 -0.34899377E-02 -0.39910100E-02 -0.47666808E-02 -0.58919383E-02 -0.74625752E-02 -0.95915688E-02 -0.12400838E-01 -0.16005044E-01 -0.20482195E-01 -0.25825698E-01 -0.31881758E-01 -0.38306504E-01
-0.27950759E-01 -0.33335739E-01 -0.38591257E-01 -0.43388451E-01 -0.47731013E-01 -0.52174760E-01 -0.57690627E-01 -0.64987182E-01 -0.73583989E-01 -0.81432247E-01 -0.85748382E-01 -0.84728613E-01 -0.78808746E-01 -0.70351692E-01 -0.62047119E-01 -0.55400361E-01 -0.50368679E-01 -0.46043908E-01 -0.41559482E-01 -0.36572428E-01 -0.31234791E-01 -0.25923630E-01 -0.20997997E-01 -0.16686563E-01 -0.13080763E-01 -0.10173061E-01 -0.78991954E-02 -0.61695346E-02 -0.48889865E-02 -0.39687551E-02 -0.33328618E-02 -0.29213438E-02 -0.26914210E-02 -0.26175981E-02 -0.26914210E-02 -0.29213438E-02 -0.33328618E-02 -0.39687551E-02 -0.48889865E-02 -0.61695346E-02 -0.78991954E-02 -0.10173061E-01 -0.13080763E-01 -0.16686563E-01 -0.20997997E-01 -0.25923630E-01 -0.31234791E-01
-0.22334503E-01 -0.26708562E-01 -0.31090429E-01 -0.35173358E-01 -0.38741858E-01 -0.41802139E-01 -0.44597709E-01 -0.47417663E-01 -0.50273718E-01 -0.52714578E-01 -0.54021911E-01 -0.53706560E-01 -0.51887455E-01 -0.49197269E-01 -0.46305531E-01 -0.43496135E-01 -0.40622750E-01 -0.37380638E-01 -0.33604209E-01 -0.29380093E-01 -0.24974412E-01 -0.20693199E-01 -0.16778805E-01 -0.13372837E-01 -0.10525913E-01 -0.82248183E-02 -0.64189205E-02 -0.50399477E-02 -0.40153102E-02 -0.32766209E-02 -0.27648230E-02 -0.24329418E-02 -0.22472601E-02 -0.21876009E-02 -0.22472601E-02 -0.24329418E-02 -0.27648230E-02 -0.32766209E-02 -0.40153102E-02 -0.50399477E-02 -0.64189205E-02 -0.82248183E-02 -0.10525913E-01 -0.13372837E-01 -0.16778805E-01 -0.20693199E-01 -0.24974412E-01
-0.17532905E-01 -0.20988622E-01 -0.24533741E-01 -0.27945951E-01 -0.31009698E-01 -0.33586530E-01 -0.35658282E-01 -0.37298748E-01 -0.38579856E-01 -0.39486779E-01 -0.39924680E-01 -0.39814306E-01 -0.39175392E-01 -0.38105643E-01 -0.36678933E-01 -0.34874340E-01 -0.32608381E-01 -0.29834057E-01 -0.26615885E-01 -0.23128962E-01 -0.19599717E-01 -0.16238089E-01 -0.13196100E-01 -0.10558243E-01 -0.83517066E-02 -0.65631053E-02 -0.51541944E-02 -0.40741924E-02 -0.32687524E-02 -0.26861722E-02 -0.22814007E-02 -0.20183391E-02 -0.18709335E-02 -0.18235349E-02 -0.18709335E-02 -0.20183391E-02 -0.22814007E-02 -0.26861722E-02 -0.32687524E-02 -0.40741924E-02 -0.51541944E-02 -0.65631053E-02 -0.83517066E-02 -0.10558243E-01 -0.13196100E-01 -0.16238089E-01 -0.19599717E-01
-0.13546843E-01 -0.16205705E-01 -0.18980495E-01 -0.21726349E-01 -0.24284333E-01 -0.26516406E-01 -0.28338147E-01 -0.29729453E-01 -0.30715355E-01 -0.31331693E-01 -0.31601344E-01 -0.31531908E-01 -0.31121808E-01 -0.30358589E-01 -0.29213702E-01 -0.27652241E-01 -0.25662992E-01 -0.23289939E-01 -0.20640849E-01 -0.17866487E-01 -0.15124719E-01 -0.12549119E-01 -0.10232722E-01 -0.82262664E-02 -0.65448920E-02 -0.51776267E-02 -0.40965842E-02 -0.32647465E-02 -0.26421087E-02 -0.21902332E-02 -0.18753457E-02 -0.16702062E-02 -0.15550589E-02 -0.15179996E-02 -0.15550589E-02 -0.16702062E-02 -0.18753457E-02 -0.21902332E-02 -0.26421087E-02 -0.32647465E-02 -0.40965842E-02 -0.51776267E-02 -0.65448920E-02 -0.82262664E-02 -0.10232722E-01 -0.12549119E-01 -0.15124719E-01
-0.10324482E-01 -0.12323921E-01 -0.14432002E-01 -0.16557048E-01 -0.18592869E-01 -0.20435381E-01 -0.22001424E-01 -0.23241577E-01 -0.24140608E-01 -0.24706174E-01 -0.24952957E-01 -0.24890086E-01 -0.24515396E-01 -0.23816792E-01 -0.22780732E-01 -0.21406704E-01 -0.19722384E-01 -0.17791115E-01 -0.15706451E-01 -0.13576097E-01 -0.11503024E-01 -0.95711135E-02 -0.78383570E-02 -0.63365896E-02 -0.50751120E-02 -0.40459284E-02 -0.32292311E-02 -0.25984628E-02 -0.21246036E-02 -0.17795112E-02 -0.15382784E-02 -0.13807064E-02 -0.12920878E-02 -0.12635371E-02 -0.12920878E-02 -0.13807064E-02 -0.15382784E-02 -0.17795112E-02 -0.21246036E-02 -0.25984628E-02 -0.32292311E-02 -0.40459284E-02 -0.50751120E-02 -0.63365896E-02 -0.78383570E-02 -0.95711135E-02 -0.11503024E-01
-0.77787340E-02 -0.92545043E-02 -0.10818166E-01 -0.12410747E-01 -0.13962499E-01 -0.15400917E-01 -0.16660569E-01 -0.17691478E-01 -0.18462815E-01 -0.18960644E-01 -0.19181514E-01 -0.19125582E-01 -0.18792768E-01 -0.18183714E-01 -0.17305124E-01 -0.16176951E-01 -0.14837627E-01 -0.13344127E-01 -0.11766195E-01 -0.10176958E-01 -0.86434198E-02 -0.72195896E-02 -0.59431492E-02 -0.48352047E-02 -0.39021038E-02 -0.31383931E-02 -0.25302405E-02 -0.20588251E-02 -0.17033650E-02 -0.14435510E-02 -0.12613063E-02 -0.11419099E-02 -0.10746113E-02 -0.10529033E-02 -0.10746113E-02 -0.11419099E-02 -0.12613063E-02 -0.14435510E-02 -0.17033650E-02 -0.20588251E-02 -0.25302405E-02 -0.31383931E-02 -0.39021038E-02 -0.48352047E-02 -0.59431492E-02 -0.72195896E-02 -0.86434198E-02
-0.58063767E-02 -0.68794690E-02 -0.80183683E-02 -0.91839143E-02 -0.10329530E-01 -0.11405428E-01 -0.12363774E-01 -0.13163590E-01 -0.13773926E-01 -0.14174497E-01 -0.14354147E-01 -0.14308526E-01 -0.14038639E-01 -0.13551232E-01 -0.12860771E-01 -0.11991698E-01 -0.10979273E-01 -0.98679434E-02 -0.87073442E-02 -0.75470941E-02 -0.64318337E-02 -0.53975744E-02 -0.44697621E-02 -0.36629469E-02 -0.29817112E-02 -0.24224456E-02 -0.19755774E-02 -0.16279023E-02 -0.13647171E-02 -0.11715742E-02 -0.10355653E-02 -0.94615005E-03 -0.89561709E-03 -0.87929359E-03 -0.89561709E-03 -0.94615005E-03 -0.10355653E-02 -0.11715742E-02 -0.13647171E-02 -0.16279023E-02 -0.19755774E-02 -0.24224456E-02 -0.29817112E-02 -0.36629469E-02 -0.44697621E-02 -0.53975744E-02 -0.64318337E-02
-0.43033119E-02 -0.50740460E-02 -0.58920695E-02 -0.67307303E-02 -0.75582958E-02 -0.83403948E-02 -0.90429650E-02 -0.96351699E-02 -0.10091665E-01 -0.10393839E-01 -0.10530019E-01 -0.10495128E-01 -0.10290371E-01 -0.99233388E-02 -0.94084240E-02 -0.87670489E-02 -0.80271017E-02 -0.72212779E-02 -0.63844781E-02 -0.55507812E-02 -0.47506100E-02 -0.40085692E-02 -0.33421972E-02 -0.27616627E-02 -0.22702876E-02 -0.18656868E-02 -0.15412729E-02 -0.12878659E-02 -0.10951967E-02 -0.95314317E-03 -0.85264571E-03 -0.78629904E-03 -0.74868227E-03 -0.73650961E-03 -0.74868227E-03 -0.78629904E-03 -0.85264571E-03 -0.95314317E-03 -0.10951967E-02 -0.12878659E-02 -0.15412729E-02 -0.18656868E-02 -0.22702876E-02 -0.27616627E-02 -0.33421972E-02 -0.40085692E-02 -0.47506100E-02
-0.31740554E-02 -0.37217149E-02 -0.43026056E-02 -0.48984133E-02 -0.54872925E-02 -0.60454021E-02 -0.65487371E-02 -0.69749804E-02 -0.73050938E-02 -0.75244451E-02 -0.76234329E-02 -0.75977476E-02 -0.74484348E-02 -0.71818982E-02 -0.68098040E-02 -0.63487191E-02 -0.58193017E-02 -0.52449755E-02 -0.46501951E-02 -0.40585490E-02 -0.34909955E-02 -0.29644867E-02 -0.24911436E-02 -0.20780339E-02 -0.17275093E-02 -0.14379754E-02 -0.12049237E-02 -0.10220452E-02 -0.88226967E-03 -0.77862978E-03 -0.70488914E-03 -0.65595389E-03 -0.62809789E-03 -0.61906405E-03 -0.62809789E-03 -0.65595389E-03 -0.70488914E-03 -0.77862978E-03 -0.88226967E-03 -0.10220452E-02 -0.12049237E-02 -0.14379754E-02 -0.17275093E-02 -0.20780339E-02 -0.24911436E-02 -0.29644867E-02 -0.34909955E-02
