Basic/Day4/qtaim/urea/molecule/urea_mol_pl2d.SURFELFB
DSAA
 161 161
-0.75589045E+01  0.75589045E+01  0.94486307E-01
-0.75589045E+01  0.75589045E+01  0.94486307E-01
 0.00000000E+00  0.00000000E+00
[rows 84 to 104 of 161, columns 47 to 93 of 161]
-0.71363014E+00 -0.85036022E+00 -0.10042281E+01 -0.11972546E+01 -0.14745049E+01 -0.18913459E+01 -0.24853356E+01 -0.32436471E+01 -0.40735880E+01 -0.47743538E+01 -0.50796320E+01 -0.48454597E+01 -0.41903268E+01 -0.33753344E+01 -0.26109730E+01 -0.20019664E+01 -0.15707532E+01 -0.12859710E+01 -0.10952888E+01 -0.95411203E+00 -0.83736837E+00 -0.73675398E+00 -0.65284335E+00 -0.58881927E+00 -0.54781068E+00 -0.53269708E+00 -0.54637126E+00 -0.59103081E+00 -0.66617564E+00 -0.76610894E+00 -0.87831928E+00 -0.98381300E+00 -0.10601898E+01 -0.10882320E+01 -0.10601898E+01 -0.98381300E+00 -0.87831928E+00 -0.76610894E+00 -0.66617564E+00 -0.59103081E+00 -0.54637126E+00 -0.53269708E+00 -0.54781068E+00 -0.58881927E+00 -0.65284335E+00 -0.73675398E+00 -0.83736837E+00
-0.78738940E+00 -0.94460071E+00 -0.11385843E+01 -0.14223045E+01 -0.18884499E+01 -0.26538636E+01 -0.38407310E+01 -0.55817017E+01 -0.78970882E+01 -0.10228973E+02 -0.11328678E+02 -0.10414858E+02 -0.81640485E+01 -0.58354048E+01 -0.40486621E+01 -0.28160698E+01 -0.20141099E+01 -0.15246884E+01 -0.12320994E+01 -0.10421342E+01 -0.89850511E+00 -0.77804593E+00 -0.67627773E+00 -0.59514341E+00 -0.53673837E+00 -0.50172143E+00 -0.48967099E+00 -0.49939144E+00 -0.52844493E+00 -0.57217651E+00 -0.62303087E+00 -0.67097276E+00 -0.70535997E+00 -0.71787803E+00 -0.70535997E+00 -0.67097276E+00 -0.62303087E+00 -0.57217651E+00 -0.52844493E+00 -0.49939144E+00 -0.48967099E+00 -0.50172143E+00 -0.53673837E+00 -0.59514341E+00 -0.67627773E+00 -0.77804593E+00 -0.89850511E+00
-0.85109006E+00 -0.10321146E+01 -0.12834590E+01 -0.17036820E+01 -0.24608846E+01 -0.38102885E+01 -0.62651040E+01 -0.10958057E+02 -0.18958050E+02 -0.28340461E+02 -0.33068711E+02 -0.28983222E+02 -0.19756308E+02 -0.11561622E+02 -0.66474791E+01 -0.40578484E+01 -0.26307684E+01 -0.18271843E+01 -0.13834150E+01 -0.11256569E+01 -0.94993006E+00 -0.80963138E+00 -0.69160683E+00 -0.59562643E+00 -0.52321047E+00 -0.47400785E+00 -0.44585938E+00 -0.43566978E+00 -0.43985626E+00 -0.45428072E+00 -0.47407332E+00 -0.49380881E+00 -0.50825889E+00 -0.51355419E+00 -0.50825889E+00 -0.49380881E+00 -0.47407332E+00 -0.45428072E+00 -0.43985626E+00 -0.43566978E+00 -0.44585938E+00 -0.47400785E+00 -0.52321047E+00 -0.59562643E+00 -0.69160683E+00 -0.80963138E+00 -0.94993006E+00
-0.89996328E+00 -0.11089778E+01 -0.14329359E+01 -0.20279313E+01 -0.31734135E+01 -0.54624591E+01 -0.10772118E+02 -0.23881511E+02 -0.50912939E+02 -0.92418066E+02 -0.11945054E+03 -0.95511547E+02 -0.53612570E+02 -0.25458491E+02 -0.11544142E+02 -0.58476277E+01 -0.34006402E+01 -0.21779779E+01 -0.15428130E+01 -0.12016489E+01 -0.98944341E+00 -0.82954535E+00 -0.69708415E+00 -0.58855525E+00 -0.50487812E+00 -0.44529280E+00 -0.40681628E+00 -0.38534161E+00 -0.37658437E+00 -0.37649447E+00 -0.38133538E+00 -0.38773020E+00 -0.39285776E+00 -0.39479603E+00 -0.39285776E+00 -0.38773020E+00 -0.38133538E+00 -0.37649447E+00 -0.37658437E+00 -0.38534161E+00 -0.40681628E+00 -0.44529280E+00 -0.50487812E+00 -0.58855525E+00 -0.69708415E+00 -0.82954535E+00 -0.98944341E+00
-0.93024529E+00 -0.11682507E+01 -0.15677429E+01 -0.23446469E+01 -0.39259818E+01 -0.75674071E+01 -0.18121627E+02 -0.49307566E+02 -0.14550437E+03 -0.40663310E+03 -0.62682399E+03 -0.42954344E+03 -0.15781915E+03 -0.53209154E+02 -0.19603073E+02 -0.81515775E+01 -0.42154142E+01 -0.25208211E+01 -0.16883289E+01 -0.12624162E+01 -0.10141469E+01 -0.83633153E+00 -0.69181233E+00 -0.57331732E+00 -0.48098494E+00 -0.41384282E+00 -0.36854621E+00 -0.34048546E+00 -0.32496655E+00 -0.31785997E+00 -0.31580702E+00 -0.31621582E+00 -0.31722161E+00 -0.31768528E+00 -0.31722161E+00 -0.31621582E+00 -0.31580702E+00 -0.31785997E+00 -0.32496655E+00 -0.34048546E+00 -0.36854621E+00 -0.41384282E+00 -0.48098494E+00 -0.57331732E+00 -0.69181233E+00 -0.83633153E+00 -0.10141469E+01
-0.93924261E+00 -0.12005535E+01 -0.16585651E+01 -0.25750009E+01 -0.45207049E+01 -0.95481653E+01 -0.26193822E+02 -0.84978706E+02 -0.37789511E+03 -0.16558744E+04 -0.47095845E+04 -0.18492938E+04 -0.42118315E+03 -0.93461975E+02 -0.28504129E+02 -0.10332157E+02 -0.48583060E+01 -0.27687035E+01 -0.17866881E+01 -0.12965629E+01 -0.10204328E+01 -0.82886904E+00 -0.67554471E+00 -0.55010804E+00 -0.45188922E+00 -0.37970661E+00 -0.33004694E+00 -0.29808505E+00 -0.27893316E+00 -0.26838298E+00 -0.26316886E+00 -0.26095197E+00 -0.26019576E+00 -0.26003639E+00 -0.26019576E+00 -0.26095197E+00 -0.26316886E+00 -0.26838298E+00 -0.27893316E+00 -0.29808505E+00 -0.33004694E+00 -0.37970661E+00 -0.45188922E+00 -0.55010804E+00 -0.67554471E+00 -0.82886904E+00 -0.10204328E+01
-0.92565008E+00 -0.11976716E+01 -0.16786624E+01 -0.26447279E+01 -0.47229039E+01 -0.10311800E+02 -0.29580622E+02 -0.10366731E+03 -0.53443345E+03 -0.37964557E+04 -0.19231794E+06 -0.44431428E+04 -0.60050153E+03 -0.11506804E+03 -0.32234779E+02 -0.11161854E+02 -0.50697799E+01 -0.28405100E+01 -0.18078580E+01 -0.12937278E+01 -0.10052146E+01 -0.80655162E+00 -0.64856346E+00 -0.51963342E+00 -0.41852632E+00 -0.34381315E+00 -0.29187442E+00 -0.25783505E+00 -0.23678372E+00 -0.22451711E+00 -0.21781414E+00 -0.21441984E+00 -0.21289990E+00 -0.21247500E+00 -0.21289990E+00 -0.21441984E+00 -0.21781414E+00 -0.22451711E+00 -0.23678372E+00 -0.25783505E+00 -0.29187442E+00 -0.34381315E+00 -0.41852632E+00 -0.51963342E+00 -0.64856346E+00 -0.80655162E+00 -0.10052146E+01
-0.89018875E+00 -0.11570850E+01 -0.16184278E+01 -0.25265817E+01 -0.44333176E+01 -0.93078911E+01 -0.25299308E+02 -0.80666440E+02 -0.34490843E+03 -0.13937352E+04 -0.35897309E+04 -0.15359851E+04 -0.38352466E+03 -0.88421092E+02 -0.27446819E+02 -0.10025970E+02 -0.47422973E+01 -0.27077787E+01 -0.17412942E+01 -0.12501868E+01 -0.96763013E+00 -0.76970462E+00 -0.61169119E+00 -0.48293780E+00 -0.38204230E+00 -0.30731476E+00 -0.25505023E+00 -0.22043049E+00 -0.19865750E+00 -0.18564220E+00 -0.17825814E+00 -0.17432326E+00 -0.17245654E+00 -0.17191218E+00 -0.17245654E+00 -0.17432326E+00 -0.17825814E+00 -0.18564220E+00 -0.19865750E+00 -0.22043049E+00 -0.25505023E+00 -0.30731476E+00 -0.38204230E+00 -0.48293780E+00 -0.61169119E+00 -0.76970462E+00 -0.96763013E+00
-0.83590266E+00 -0.10839437E+01 -0.14911290E+01 -0.22580088E+01 -0.37845877E+01 -0.72323107E+01 -0.17033561E+02 -0.45432358E+02 -0.12752746E+03 -0.33843812E+03 -0.51272588E+03 -0.35667084E+03 -0.13754350E+03 -0.48790294E+02 -0.18302580E+02 -0.77192700E+01 -0.40285672E+01 -0.24132623E+01 -0.16019333E+01 -0.11711828E+01 -0.90991116E+00 -0.71987019E+00 -0.56634189E+00 -0.44134235E+00 -0.34362952E+00 -0.27126374E+00 -0.22048056E+00 -0.18660290E+00 -0.16505687E+00 -0.15197091E+00 -0.14438913E+00 -0.14024578E+00 -0.13823012E+00 -0.13763247E+00 -0.13823012E+00 -0.14024578E+00 -0.14438913E+00 -0.15197091E+00 -0.16505687E+00 -0.18660290E+00 -0.22048056E+00 -0.27126374E+00 -0.34362952E+00 -0.44134235E+00 -0.56634189E+00 -0.71987019E+00 -0.90991116E+00
-0.76757069E+00 -0.98889021E+00 -0.13254956E+01 -0.19165425E+01 -0.30158975E+01 -0.51588089E+01 -0.99918820E+01 -0.21654891E+02 -0.45065100E+02 -0.78977766E+02 -0.99991322E+02 -0.81342908E+02 -0.47222087E+02 -0.22918244E+02 -0.10587897E+02 -0.54509927E+01 -0.31950493E+01 -0.20423678E+01 -0.14215616E+01 -0.10683474E+01 -0.83677765E+00 -0.65970285E+00 -0.51449251E+00 -0.39641414E+00 -0.30448267E+00 -0.23652753E+00 -0.18877267E+00 -0.15676054E+00 -0.13623031E+00 -0.12361140E+00 -0.11618699E+00 -0.11205770E+00 -0.11001523E+00 -0.10940322E+00 -0.11001523E+00 -0.11205770E+00 -0.11618699E+00 -0.12361140E+00 -0.13623031E+00 -0.15676054E+00 -0.18877267E+00 -0.23652753E+00 -0.30448267E+00 -0.39641414E+00 -0.51449251E+00 -0.65970285E+00 -0.83677765E+00
-0.69049638E+00 -0.88348720E+00 -0.11513727E+01 -0.15778155E+01 -0.23095890E+01 -0.35740058E+01 -0.58114107E+01 -0.99536448E+01 -0.16844799E+02 -0.24793819E+02 -0.28734457E+02 -0.25274988E+02 -0.17431651E+02 -0.10381233E+02 -0.60750186E+01 -0.37487345E+01 -0.24373988E+01 -0.16768229E+01 -0.12328807E+01 -0.95443796E+00 -0.75390324E+00 -0.59254230E+00 -0.45853568E+00 -0.34990070E+00 -0.26578345E+00 -0.20380811E+00 -0.16025747E+00 -0.13096842E+00 -0.11206134E+00 -0.10032538E+00 -0.93331465E-01 -0.89384485E-01 -0.87405505E-01 -0.86807476E-01 -0.87405505E-01 -0.89384485E-01 -0.93331465E-01 -0.10032538E+00 -0.11206134E+00 -0.13096842E+00 -0.16025747E+00 -0.20380811E+00 -0.26578345E+00 -0.34990070E+00 -0.45853568E+00 -0.59254230E+00 -0.75390324E+00
-0.60945767E+00 -0.77651277E+00 -0.98861758E+00 -0.12880314E+01 -0.17505224E+01 -0.24767002E+01 -0.35729418E+01 -0.51408000E+01 -0.71658083E+01 -0.91540916E+01 -0.10068313E+02 -0.92739222E+01 -0.73345368E+01 -0.52993673E+01 -0.37059339E+01 -0.25866521E+01 -0.18418247E+01 -0.13657738E+01 -0.10574675E+01 -0.83913175E+00 -0.66654777E+00 -0.52193008E+00 -0.40105678E+00 -0.30361374E+00 -0.22866360E+00 -0.17367344E+00 -0.13507025E+00 -0.10905170E+00 -0.92165402E-01 -0.81593580E-01 -0.75220786E-01 -0.71576725E-01 -0.69727176E-01 -0.69164011E-01 -0.69727176E-01 -0.71576725E-01 -0.75220786E-01 -0.81593580E-01 -0.92165402E-01 -0.10905170E+00 -0.13507025E+00 -0.17367344E+00 -0.22866360E+00 -0.30361374E+00 -0.40105678E+00 -0.52193008E+00 -0.66654777E+00
-0.52832539E+00 -0.67298748E+00 -0.84458810E+00 -0.10595217E+01 -0.13501963E+01 -0.17594715E+01 -0.23188238E+01 -0.30164794E+01 -0.37662227E+01 -0.43863153E+01 -0.46460907E+01 -0.44265126E+01 -0.38329514E+01 -0.30940105E+01 -0.23966601E+01 -0.18325491E+01 -0.14174382E+01 -0.11219168E+01 -0.90318214E+00 -0.72791715E+00 -0.57900753E+00 -0.45126592E+00 -0.34459756E+00 -0.25928138E+00 -0.19414015E+00 -0.14656594E+00 -0.11321779E+00 -0.90704246E-01 -0.76022379E-01 -0.66756562E-01 -0.61109537E-01 -0.57839463E-01 -0.56160237E-01 -0.55645245E-01 -0.56160237E-01 -0.57839463E-01 -0.61109537E-01 -0.66756562E-01 -0.76022379E-01 -0.90704246E-01 -0.11321779E+00 -0.14656594E+00 -0.19414015E+00 -0.25928138E+00 -0.34459756E+00 -0.45126592E+00 -0.57900753E+00
-0.45022806E+00 -0.57539010E+00 -0.71842374E+00 -0.88238986E+00 -0.10765741E+01 -0.13149205E+01 -0.16064737E+01 -0.19394745E+01 -0.22690788E+01 -0.25218297E+01 -0.26237871E+01 -0.25416921E+01 -0.23047667E+01 -0.19851794E+01 -0.16570691E+01 -0.13671738E+01 -0.11289781E+01 -0.93421608E+00 -0.76888818E+00 -0.62342681E+00 -0.49474103E+00 -0.38361032E+00 -0.29144190E+00 -0.21839973E+00 -0.16304079E+00 -0.12279046E+00 -0.94615628E-01 -0.75562858E-01 -0.63077028E-01 -0.55132102E-01 -0.50235487E-01 -0.47363322E-01 -0.45871011E-01 -0.45410059E-01 -0.45871011E-01 -0.47363322E-01 -0.50235487E-01 -0.55132102E-01 -0.63077028E-01 -0.75562858E-01 -0.94615628E-01 -0.12279046E+00 -0.16304079E+00 -0.21839973E+00 -0.29144190E+00 -0.38361032E+00 -0.49474103E+00
-0.37780915E+00 -0.48533975E+00 -0.60691394E+00 -0.74025104E+00 -0.88445198E+00 -0.10401941E+01 -0.12069765E+01 -0.13776267E+01 -0.15337924E+01 -0.16479262E+01 -0.16937813E+01 -0.16599471E+01 -0.15563776E+01 -0.14085022E+01 -0.12438362E+01 -0.10811237E+01 -0.92787830E+00 -0.78468797E+00 -0.65083685E+00 -0.52729523E+00 -0.41663907E+00 -0.32153719E+00 -0.24343613E+00 -0.18211082E+00 -0.13594118E+00 -0.10249687E+00 -0.79103754E-01 -0.63247521E-01 -0.52797320E-01 -0.46086527E-01 -0.41899797E-01 -0.39410274E-01 -0.38100873E-01 -0.37693445E-01 -0.38100873E-01 -0.39410274E-01 -0.41899797E-01 -0.46086527E-01 -0.52797320E-01 -0.63247521E-01 -0.79103754E-01 -0.10249687E+00 -0.13594118E+00 -0.18211082E+00 -0.24343613E+00 -0.32153719E+00 -0.41663907E+00
-0.31325981E+00 -0.40448772E+00 -0.50810032E+00 -0.62054414E+00 -0.73759745E+00 -0.85502463E+00 -0.96846966E+00 -0.10723773E+01 -0.11588780E+01 -0.12183139E+01 -0.12421612E+01 -0.12268241E+01 -0.11754283E+01 -0.10961132E+01 -0.99824952E+00 -0.88946924E+00 -0.77511334E+00 -0.65939910E+00 -0.54659173E+00 -0.44115758E+00 -0.34706637E+00 -0.26697687E+00 -0.20185602E+00 -0.15112552E+00 -0.11312957E+00 -0.85670809E-01 -0.66453778E-01 -0.53379834E-01 -0.44701204E-01 -0.39067789E-01 -0.35504796E-01 -0.33354654E-01 -0.32209182E-01 -0.31850072E-01 -0.32209182E-01 -0.33354654E-01 -0.35504796E-01 -0.39067789E-01 -0.44701204E-01 -0.53379834E-01 -0.66453778E-01 -0.85670809E-01 -0.11312957E+00 -0.15112552E+00 -0.20185602E+00 -0.26697687E+00 -0.34706637E+00
-0.25812899E+00 -0.33443939E+00 -0.42189034E+00 -0.51718826E+00 -0.61570098E+00 -0.71208167E+00 -0.80094317E+00 -0.87729080E+00 -0.93668345E+00 -0.97539677E+00 -0.99083293E+00 -0.98203540E+00 -0.94988732E+00 -0.89679044E+00 -0.82610778E+00 -0.74182106E+00 -0.64851153E+00 -0.55134733E+00 -0.45572889E+00 -0.36658871E+00 -0.28766336E+00 -0.22107451E+00 -0.16733840E+00 -0.12570055E+00 -0.94604814E-01 -0.72139201E-01 -0.56376563E-01 -0.45590983E-01 -0.38364748E-01 -0.33614077E-01 -0.30563284E-01 -0.28693207E-01 -0.27683847E-01 -0.27365040E-01 -0.27683847E-01 -0.28693207E-01 -0.30563284E-01 -0.33614077E-01 -0.38364748E-01 -0.45590983E-01 -0.56376563E-01 -0.72139201E-01 -0.94604814E-01 -0.12570055E+00 -0.16733840E+00 -0.22107451E+00 -0.28766336E+00
-0.21310303E+00 -0.27621816E+00 -0.34896659E+00 -0.42856609E+00 -0.51083740E+00 -0.59074573E+00 -0.66321789E+00 -0.72393110E+00 -0.76977588E+00 -0.79889261E+00 -0.81041201E+00 -0.80413377E+00 -0.78033900E+00 -0.73983004E+00 -0.68417477E+00 -0.61600976E+00 -0.53916339E+00 -0.45838972E+00 -0.37870161E+00 -0.30454006E+00 -0.23911435E+00 -0.18412795E+00 -0.13989044E+00 -0.10566854E+00 -0.80105442E-01 -0.61591311E-01 -0.48534240E-01 -0.39526218E-01 -0.33421153E-01 -0.29349252E-01 -0.26691865E-01 -0.25037291E-01 -0.24133056E-01 -0.23845474E-01 -0.24133056E-01 -0.25037291E-01 -0.26691865E-01 -0.29349252E-01 -0.33421153E-01 -0.39526218E-01 -0.48534240E-01 -0.61591311E-01 -0.80105442E-01 -0.10566854E+00 -0.13989044E+00 -0.18412795E+00 -0.23911435E+00
-0.17793073E+00 -0.22984186E+00 -0.28953962E+00 -0.35456316E+00 -0.42128840E+00 -0.48550561E+00 -0.54321610E+00 -0.59126823E+00 -0.62753874E+00 -0.65071657E+00 -0.66002858E+00 -0.65516148E+00 -0.63632451E+00 -0.60427524E+00 -0.56030838E+00 -0.50634858E+00 -0.44512988E+00 -0.38020317E+00 -0.31555139E+00 -0.25490311E+00 -0.20107723E+00 -0.15564556E+00 -0.11897347E+00 -0.90511125E-01 -0.69162541E-01 -0.53611815E-01 -0.42556961E-01 -0.34849232E-01 -0.29556320E-01 -0.25972521E-01 -0.23596930E-01 -0.22096714E-01 -0.21268001E-01 -0.21002917E-01 -0.21268001E-01 -0.22096714E-01 -0.23596930E-01 -0.25972521E-01 -0.29556320E-01 -0.34849232E-01 -0.42556961E-01 -0.53611815E-01 -0.69162541E-01 -0.90511125E-01 -0.11897347E+00 -0.15564556E+00 -0.20107723E+00
-0.15154814E+00 -0.19428145E+00 -0.24278787E+00 -0.29477875E+00 -0.34730344E+00 -0.39749580E+00 -0.44321033E+00 -0.48298401E+00 -0.51527503E+00 -0.53777143E+00 -0.54775866E+00 -0.54353267E+00 -0.52558607E+00 -0.49635783E+00 -0.45880955E+00 -0.41523641E+00 -0.36724887E+00 -0.31653296E+00 -0.26538295E+00 -0.21650120E+00 -0.17233824E+00 -0.13451701E+00 -0.10364264E+00 -0.79459893E-01 -0.61166861E-01 -0.47721062E-01 -0.38062903E-01 -0.31247465E-01 -0.26503925E-01 -0.23246679E-01 -0.21058522E-01 -0.19661023E-01 -0.18882829E-01 -0.18632873E-01 -0.18882829E-01 -0.19661023E-01 -0.21058522E-01 -0.23246679E-01 -0.26503925E-01 -0.31247465E-01 -0.38062903E-01 -0.47721062E-01 -0.61166861E-01 -0.79459893E-01 -0.10364264E+00 -0.13451701E+00 -0.17233824E+00
-0.13235139E+00 -0.16775917E+00 -0.20702645E+00 -0.24818710E+00 -0.28953690E+00 -0.33062336E+00 -0.37235847E+00 -0.41538939E+00 -0.45734194E+00 -0.49141826E+00 -0.50871982E+00 -0.50351026E+00 -0.47720230E+00 -0.43741048E+00 -0.39296584E+00 -0.34932618E+00 -0.30764653E+00 -0.26694243E+00 -0.22661575E+00 -0.18745386E+00 -0.15113347E+00 -0.11925476E+00 -0.92715734E-01 -0.71609460E-01 -0.55440866E-01 -0.43417427E-01 -0.34679338E-01 -0.28438215E-01 -0.24041257E-01 -0.20987147E-01 -0.18915061E-01 -0.17581626E-01 -0.16835406E-01 -0.16595141E-01 -0.16835406E-01 -0.17581626E-01 -0.18915061E-01 -0.20987147E-01 -0.24041257E-01 -0.28438215E-01 -0.34679338E-01 -0.43417427E-01 -0.55440866E-01 -0.71609460E-01 -0.92715734E-01 -0.11925476E+00 -0.15113347E+00
