Basic/Day4/qtaim/urea/molecule/urea_mol_pl2d.SURFGKIN
DSAA
 161 161
-0.75589045E+01  0.75589045E+01  0.94486307E-01
-0.75589045E+01  0.75589045E+01  0.94486307E-01
 0.00000000E+00  0.00000000E+00
[rows 22 to 43 of 161, columns 0 to 47 of 161]
0.10847769E-08 0.13775992E-08 0.17383383E-08 0.21796152E-08 0.27155937E-08 0.33619766E-08 0.41359487E-08 0.50563404E-08 0.61425122E-08 0.74152979E-08 0.88959448E-08 0.10605848E-07 0.12566046E-07 0.14796655E-07 0.17316250E-07 0.20141247E-07 0.23285298E-07 0.26758797E-07 0.30568559E-07 0.34717804E-07 0.39206632E-07 0.44033233E-07 0.49196246E-07 0.54698874E-07 0.60555733E-07 0.66803977E-07 0.73521327E-07 0.80854795E-07 0.89066836E-07 0.98608858E-07 0.11023792E-06 0.12520061E-06 0.14552022E-06 0.17443987E-06 0.21709774E-06 0.28153567E-06 0.38020580E-06 0.53212334E-06 0.76595748E-06 0.11243266E-05 0.16696597E-05 0.24920082E-05 0.37192042E-05 0.55297186E-05 0.81684751E-05 0.11965612E-04 0.17358053E-04 0.24913047E-04
0.15433471E-08 0.19592213E-08 0.24713368E-08 0.30975218E-08 0.38577705E-08 0.47742348E-08 0.58711405E-08 0.71750154E-08 0.87131112E-08 0.10514734E-07 0.12609748E-07 0.15028199E-07 0.17799606E-07 0.20952162E-07 0.24511877E-07 0.28501695E-07 0.32940667E-07 0.37843250E-07 0.43218863E-07 0.49071878E-07 0.55402282E-07 0.62207391E-07 0.69485158E-07 0.77239957E-07 0.85492178E-07 0.94293949E-07 0.10375426E-06 0.11407948E-06 0.12563802E-06 0.13906343E-06 0.15541786E-06 0.17644941E-06 0.20499313E-06 0.24558930E-06 0.30541991E-06 0.39572327E-06 0.53385471E-06 0.74628603E-06 0.10728501E-05 0.15726391E-05 0.23320189E-05 0.34752667E-05 0.51783345E-05 0.76861835E-05 0.11333902E-04 0.16571707E-04 0.23993210E-04 0.34366003E-04
0.21811563E-08 0.27678317E-08 0.34899621E-08 0.43725578E-08 0.54436491E-08 0.67342694E-08 0.82786520E-08 0.10112953E-07 0.12276220E-07 0.14809073E-07 0.17753191E-07 0.21150473E-07 0.25042046E-07 0.29467151E-07 0.34461945E-07 0.40058278E-07 0.46282544E-07 0.53154703E-07 0.60687677E-07 0.68887335E-07 0.77753417E-07 0.87281916E-07 0.97469675E-07 0.10832240E-06 0.11986805E-06 0.13217851E-06 0.14540462E-06 0.15983226E-06 0.17597202E-06 0.19470204E-06 0.21749411E-06 0.24676922E-06 0.28645094E-06 0.34281648E-06 0.42578305E-06 0.55084931E-06 0.74191065E-06 0.10353508E-05 0.14858112E-05 0.21741804E-05 0.32184080E-05 0.47877986E-05 0.71213840E-05 0.10550964E-04 0.15528991E-04 0.22661197E-04 0.32743195E-04 0.46799435E-04
0.30620471E-08 0.38841263E-08 0.48955609E-08 0.61311960E-08 0.76300565E-08 0.94353179E-08 0.11594572E-07 0.14158047E-07 0.17179950E-07 0.20716621E-07 0.24825826E-07 0.29565585E-07 0.34992798E-07 0.41161699E-07 0.48122202E-07 0.55918213E-07 0.64586040E-07 0.74153054E-07 0.84636849E-07 0.96045220E-07 0.10837744E-06 0.12162752E-06 0.13579053E-06 0.15087356E-06 0.16691417E-06 0.18401000E-06 0.20236690E-06 0.22237574E-06 0.24473525E-06 0.27064737E-06 0.30212637E-06 0.34248385E-06 0.39708265E-06 0.47449091E-06 0.58824208E-06 0.75943430E-06 0.10205587E-05 0.14209935E-05 0.20347473E-05 0.29711397E-05 0.43892047E-05 0.65166039E-05 0.96738971E-05 0.14304666E-04 0.21011782E-04 0.30599414E-04 0.44119580E-04 0.62920893E-04
0.42701300E-08 0.54143542E-08 0.68214914E-08 0.85397545E-08 0.10623101E-07 0.13131186E-07 0.16129709E-07 0.19687972E-07 0.23880694E-07 0.28785480E-07 0.34481834E-07 0.41049538E-07 0.48566767E-07 0.57107955E-07 0.66741534E-07 0.77527612E-07 0.89515796E-07 0.10274336E-06 0.11723409E-06 0.13299826E-06 0.15003432E-06 0.16833335E-06 0.18788759E-06 0.20870546E-06 0.23083625E-06 0.25441062E-06 0.27970557E-06 0.30724858E-06 0.33798371E-06 0.37353572E-06 0.41662712E-06 0.47173201E-06 0.54609017E-06 0.65125595E-06 0.80545805E-06 0.10370712E-05 0.13897198E-05 0.19295783E-05 0.27556271E-05 0.40137504E-05 0.59156321E-05 0.87635381E-05 0.12981818E-04 0.19155831E-04 0.28078392E-04 0.40803037E-04 0.58702243E-04 0.83527275E-04
0.59153026E-08 0.74972520E-08 0.94417774E-08 0.11815130E-07 0.14691401E-07 0.18152905E-07 0.22288327E-07 0.27194005E-07 0.32971763E-07 0.39727749E-07 0.47570622E-07 0.56609333E-07 0.66950536E-07 0.78695693E-07 0.91937975E-07 0.10675912E-06 0.12322644E-06 0.14139039E-06 0.16128290E-06 0.18291739E-06 0.20629101E-06 0.23139055E-06 0.25820392E-06 0.28674026E-06 0.31706305E-06 0.34934431E-06 0.38395167E-06 0.42158759E-06 0.46351154E-06 0.51189238E-06 0.57036457E-06 0.64489835E-06 0.74514413E-06 0.88650033E-06 0.10932078E-05 0.14029579E-05 0.18735959E-05 0.25927029E-05 0.36910028E-05 0.53607083E-05 0.78800662E-05 0.11645281E-04 0.17210938E-04 0.25339567E-04 0.37060264E-04 0.53735180E-04 0.77131121E-04 0.10949159E-03
0.81399597E-08 0.10312464E-07 0.12981607E-07 0.16237804E-07 0.20182090E-07 0.24926624E-07 0.30592165E-07 0.37309784E-07 0.45217899E-07 0.54460700E-07 0.65185664E-07 0.77540542E-07 0.91669848E-07 0.10771093E-06 0.12578980E-06 0.14601684E-06 0.16848286E-06 0.19325564E-06 0.22037788E-06 0.24986696E-06 0.28171802E-06 0.31591171E-06 0.35242949E-06 0.39127998E-06 0.43254317E-06 0.47644199E-06 0.52345746E-06 0.57451292E-06 0.63126719E-06 0.69658142E-06 0.77524404E-06 0.87512545E-06 0.10089348E-05 0.11969312E-05 0.14709640E-05 0.18804795E-05 0.25012310E-05 0.34476942E-05 0.48903572E-05 0.70793420E-05 0.10375781E-04 0.15292479E-04 0.22545049E-04 0.33114147E-04 0.48318395E-04 0.69896090E-04 0.10009174E-03 0.14174101E-03
0.11127051E-07 0.14090640E-07 0.17729911E-07 0.22167403E-07 0.27539953E-07 0.33999325E-07 0.41708825E-07 0.50845536E-07 0.61596332E-07 0.74155716E-07 0.88722473E-07 0.10549559E-06 0.12466955E-06 0.14642902E-06 0.17094327E-06 0.19836045E-06 0.22880221E-06 0.26235919E-06 0.29908811E-06 0.33901145E-06 0.38212141E-06 0.42839000E-06 0.47778908E-06 0.53032486E-06 0.58609570E-06 0.64538783E-06 0.70881844E-06 0.77758665E-06 0.85384954E-06 0.94132938E-06 0.10462663E-05 0.11789016E-05 0.13557751E-05 0.16032065E-05 0.19625316E-05 0.24978207E-05 0.33070581E-05 0.45380249E-05 0.64103300E-05 0.92453996E-05 0.13506113E-04 0.19847892E-04 0.29182533E-04 0.42755265E-04 0.62234159E-04 0.89808969E-04 0.12829390E-03 0.18122562E-03
0.15109630E-07 0.19125396E-07 0.24054230E-07 0.30061080E-07 0.37330604E-07 0.46064905E-07 0.56485148E-07 0.68828318E-07 0.83344961E-07 0.10029565E-06 0.11994648E-06 0.14256362E-06 0.16840700E-06 0.19772328E-06 0.23073834E-06 0.26764974E-06 0.30861951E-06 0.35376816E-06 0.40317072E-06 0.45685629E-06 0.51481288E-06 0.57700075E-06 0.64337995E-06 0.71394760E-06 0.78882316E-06 0.86836313E-06 0.95335689E-06 0.10453372E-05 0.11470735E-05 0.12633509E-05 0.14021953E-05 0.15767751E-05 0.18083436E-05 0.21306849E-05 0.25967881E-05 0.32886570E-05 0.43314869E-05 0.59136901E-05 0.83146940E-05 0.11942459E-04 0.17382946E-04 0.25463467E-04 0.37331307E-04 0.54547840E-04 0.79196553E-04 0.11400076E-03 0.16244347E-03 0.22887785E-03
0.20382025E-07 0.25787270E-07 0.32418061E-07 0.40494911E-07 0.50264466E-07 0.61996495E-07 0.75985944E-07 0.92548609E-07 0.11201810E-06 0.13474109E-06 0.16107137E-06 0.19136254E-06 0.22595968E-06 0.26519006E-06 0.30935320E-06 0.35871089E-06 0.41347772E-06 0.47381312E-06 0.53981606E-06 0.61152426E-06 0.68892291E-06 0.77195203E-06 0.86055207E-06 0.95471336E-06 0.10545734E-05 0.11605718E-05 0.12736980E-05 0.13958880E-05 0.15306515E-05 0.16840639E-05 0.18663180E-05 0.20941440E-05 0.23945131E-05 0.28102642E-05 0.34084974E-05 0.42928987E-05 0.56214514E-05 0.76314854E-05 0.10674166E-04 0.15260956E-04 0.22124529E-04 0.32296323E-04 0.47202109E-04 0.68775378E-04 0.99585990E-04 0.14297817E-03 0.20320771E-03 0.28556351E-03
0.27312707E-07 0.34539795E-07 0.43400784E-07 0.54188456E-07 0.67229998E-07 0.82883040E-07 0.10153822E-06 0.12361347E-06 0.14954996E-06 0.17980579E-06 0.21484810E-06 0.25514352E-06 0.30114715E-06 0.35329036E-06 0.41196781E-06 0.47752437E-06 0.55024270E-06 0.63033484E-06 0.71792787E-06 0.81307248E-06 0.91574460E-06 0.10258676E-05 0.11433535E-05 0.12681760E-05 0.14004902E-05 0.15408286E-05 0.16904142E-05 0.18516591E-05 0.20289549E-05 0.22299176E-05 0.24673353E-05 0.27621963E-05 0.31483171E-05 0.36793559E-05 0.44392572E-05 0.55575041E-05 0.72310798E-05 0.97552776E-05 0.13566069E-04 0.19296891E-04 0.27852716E-04 0.40503802E-04 0.59000339E-04 0.85707232E-04 0.12375513E-03 0.17719964E-03 0.25117548E-03 0.35202885E-03
0.36358894E-07 0.45957694E-07 0.57720195E-07 0.72032481E-07 0.89325617E-07 0.11007047E-06 0.13478089E-06 0.16400619E-06 0.19832580E-06 0.23834095E-06 0.28466434E-06 0.33790760E-06 0.39866700E-06 0.46750751E-06 0.54494597E-06 0.63143618E-06 0.72734544E-06 0.83295073E-06 0.94842350E-06 0.10738289E-05 0.12091350E-05 0.13542387E-05 0.15090171E-05 0.16734181E-05 0.18476105E-05 0.20322283E-05 0.22287607E-05 0.24401733E-05 0.26718901E-05 0.29333394E-05 0.32403667E-05 0.36189803E-05 0.41110633E-05 0.47830170E-05 0.57385625E-05 0.71374856E-05 0.92224065E-05 0.12356315E-04 0.17073946E-04 0.24150339E-04 0.34689809E-04 0.50237832E-04 0.72916853E-04 0.10558435E-03 0.15200766E-03 0.21704478E-03 0.30681562E-03 0.42883376E-03
0.48082838E-07 0.60747153E-07 0.76257561E-07 0.95120663E-07 0.11789770E-06 0.14520723E-06 0.17771960E-06 0.21615197E-06 0.26126015E-06 0.31382792E-06 0.37465350E-06 0.44453334E-06 0.52424360E-06 0.61451963E-06 0.71603725E-06 0.82938041E-06 0.95503442E-06 0.10933598E-05 0.12445821E-05 0.14087889E-05 0.15859402E-05 0.17759006E-05 0.19785021E-05 0.21936560E-05 0.24215383E-05 0.26628901E-05 0.29194986E-05 0.31949608E-05 0.34958900E-05 0.38338102E-05 0.42281165E-05 0.47106399E-05 0.53326309E-05 0.61752425E-05 0.73651237E-05 0.90970576E-05 0.11666294E-04 0.15513693E-04 0.21287273E-04 0.29923995E-04 0.42755310E-04 0.61639072E-04 0.89118361E-04 0.12860446E-03 0.18457638E-03 0.26278296E-03 0.37042880E-03 0.51630379E-03
0.63169657E-07 0.79767951E-07 0.10008492E-06 0.12477954E-06 0.15458133E-06 0.19029357E-06 0.23278613E-06 0.28298887E-06 0.34188113E-06 0.41047781E-06 0.48981194E-06 0.58091389E-06 0.68479025E-06 0.80238849E-06 0.93458131E-06 0.10821314E-05 0.12456668E-05 0.14256579E-05 0.16224019E-05 0.18360182E-05 0.20664609E-05 0.23135568E-05 0.25770823E-05 0.28568995E-05 0.31531817E-05 0.34667803E-05 0.37998088E-05 0.41565718E-05 0.45450289E-05 0.49790907E-05 0.54821989E-05 0.60928313E-05 0.68729467E-05 0.79205412E-05 0.93883834E-05 0.11511082E-04 0.14643644E-04 0.19315123E-04 0.26301494E-04 0.36722024E-04 0.52163012E-04 0.74831406E-04 0.10773827E-03 0.15490786E-03 0.22160224E-03 0.31454549E-03 0.44211341E-03 0.61446874E-03
0.82446439E-07 0.10405714E-06 0.13049423E-06 0.16260910E-06 0.20134359E-06 0.24773385E-06 0.30290101E-06 0.36804266E-06 0.44441925E-06 0.53333625E-06 0.63612400E-06 0.75410405E-06 0.88856839E-06 0.10407406E-05 0.12117419E-05 0.14025561E-05 0.16139958E-05 0.18466737E-05 0.21009828E-05 0.23770887E-05 0.26749449E-05 0.29943371E-05 0.33349765E-05 0.36966623E-05 0.40795539E-05 0.44846118E-05 0.49143004E-05 0.53736936E-05 0.58722644E-05 0.64265864E-05 0.70646427E-05 0.78324033E-05 0.88038074E-05 0.10095803E-04 0.11890451E-04 0.14466957E-04 0.18247107E-04 0.23858281E-04 0.32218705E-04 0.44649703E-04 0.63019028E-04 0.89917650E-04 0.12886910E-03 0.18456541E-03 0.26311692E-03 0.37229471E-03 0.52172670E-03 0.72302189E-03
0.10690222E-06 0.13485371E-06 0.16902765E-06 0.21051659E-06 0.26052836E-06 0.32039044E-06 0.39153816E-06 0.47550362E-06 0.57389831E-06 0.68839318E-06 0.82068131E-06 0.97245638E-06 0.11453676E-05 0.13409794E-05 0.15607279E-05 0.18058761E-05 0.20774722E-05 0.23763135E-05 0.27029206E-05 0.30575281E-05 0.34400998E-05 0.38503825E-05 0.42880148E-05 0.47527211E-05 0.52446253E-05 0.57648101E-05 0.63161023E-05 0.69044259E-05 0.75408748E-05 0.82449661E-05 0.90496978E-05 0.10009280E-04 0.11210944E-04 0.12792539E-04 0.14968447E-04 0.18067001E-04 0.22583406E-04 0.29252885E-04 0.39149269E-04 0.53814221E-04 0.75421348E-04 0.10697727E-03 0.15255769E-03 0.21757069E-03 0.30902945E-03 0.43581393E-03 0.60886411E-03 0.84128987E-03
0.13770826E-06 0.17362360E-06 0.21750809E-06 0.27075443E-06 0.33490113E-06 0.41163759E-06 0.50278915E-06 0.61030285E-06 0.73622883E-06 0.88268074E-06 0.10518146E-05 0.12457787E-05 0.14666679E-05 0.17164717E-05 0.19970198E-05 0.23099276E-05 0.26565433E-05 0.30379040E-05 0.34547028E-05 0.39072757E-05 0.43956188E-05 0.49194412E-05 0.54783229E-05 0.60719011E-05 0.67002744E-05 0.73646117E-05 0.80681316E-05 0.88176516E-05 0.96260229E-05 0.10515939E-04 0.11525806E-04 0.12718811E-04 0.14196595E-04 0.16119696E-04 0.18737549E-04 0.22431686E-04 0.27776668E-04 0.35624022E-04 0.47214952E-04 0.64327400E-04 0.89461830E-04 0.12606730E-03 0.17880487E-03 0.25383667E-03 0.35912464E-03 0.50469625E-03 0.70284961E-03 0.96822361E-03
0.17623790E-06 0.22208400E-06 0.27806892E-06 0.34595609E-06 0.42769225E-06 0.52541310E-06 0.64142682E-06 0.77818884E-06 0.93828370E-06 0.11243838E-05 0.13392067E-05 0.15854635E-05 0.18657999E-05 0.21827328E-05 0.25385831E-05 0.29354087E-05 0.33749403E-05 0.38585275E-05 0.43870967E-05 0.49611258E-05 0.55806944E-05 0.62455098E-05 0.69550803E-05 0.77089722E-05 0.85072496E-05 0.93511857E-05 0.10244398E-04 0.11194639E-04 0.12216615E-04 0.13336382E-04 0.14598110E-04 0.16074533E-04 0.17882654E-04 0.20207191E-04 0.23334907E-04 0.27703920E-04 0.33973051E-04 0.43117061E-04 0.56554046E-04 0.76310939E-04 0.10523148E-03 0.14722778E-03 0.20756983E-03 0.29320188E-03 0.41306124E-03 0.57835216E-03 0.80274516E-03 0.11024126E-02
0.22408503E-06 0.28222594E-06 0.35318303E-06 0.43916904E-06 0.54263627E-06 0.66626758E-06 0.81295406E-06 0.98578092E-06 0.11879874E-05 0.14229239E-05 0.16939981E-05 0.20046112E-05 0.23580868E-05 0.27575931E-05 0.32060616E-05 0.37061058E-05 0.42599445E-05 0.48693253E-05 0.55355069E-05 0.62591948E-05 0.70405846E-05 0.78794346E-05 0.87752326E-05 0.97274955E-05 0.10736272E-04 0.11802956E-04 0.12931583E-04 0.14130878E-04 0.15417484E-04 0.16820928E-04 0.18391416E-04 0.20211642E-04 0.22414660E-04 0.25210460E-04 0.28924794E-04 0.34054831E-04 0.41347191E-04 0.51904799E-04 0.67329257E-04 0.89905100E-04 0.12283019E-03 0.17049173E-03 0.23878329E-03 0.33544436E-03 0.47039896E-03 0.65603249E-03 0.90738126E-03 0.12421267E-02
0.28308013E-06 0.35633367E-06 0.44567938E-06 0.55388251E-06 0.68400765E-06 0.83939596E-06 0.10236581E-05 0.12406379E-05 0.14943715E-05 0.17890337E-05 0.21288721E-05 0.25181301E-05 0.29609613E-05 0.34613352E-05 0.40229408E-05 0.46490889E-05 0.53426079E-05 0.61058077E-05 0.69403618E-05 0.78473140E-05 0.88270880E-05 0.98795742E-05 0.11004316E-04 0.12200845E-04 0.13469249E-04 0.14811089E-04 0.16230858E-04 0.17738303E-04 0.19352018E-04 0.21105125E-04 0.23053967E-04 0.25291423E-04 0.27966965E-04 0.31316437E-04 0.35705478E-04 0.41691628E-04 0.50111132E-04 0.62197544E-04 0.79739137E-04 0.10528174E-03 0.14238125E-03 0.19590375E-03 0.27236803E-03 0.38030915E-03 0.53062496E-03 0.73686929E-03 0.10154102E-02 0.13853861E-02
0.35530260E-06 0.44699935E-06 0.55877009E-06 0.69405074E-06 0.85663633E-06 0.10506748E-05 0.12806381E-05 0.15512869E-05 0.18676196E-05 0.22348071E-05 0.26581139E-05 0.31428060E-05 0.36940485E-05 0.43167948E-05 0.50156609E-05 0.57948476E-05 0.66579857E-05 0.76080700E-05 0.86473828E-05 0.97774588E-05 0.10999103E-04 0.12312481E-04 0.13717330E-04 0.15213323E-04 0.16800703E-04 0.18481292E-04 0.20260126E-04 0.22148028E-04 0.24165596E-04 0.26349548E-04 0.28762369E-04 0.31507105E-04 0.34749625E-04 0.38751616E-04 0.43918559E-04 0.50868303E-04 0.60526616E-04 0.74257292E-04 0.94034381E-04 0.12266339E-03 0.16405399E-03 0.22354530E-03 0.30827013E-03 0.42754004E-03 0.59320287E-03 0.81993621E-03 0.11253832E-02 0.15300609E-02
0.44308793E-06 0.55713128E-06 0.69605636E-06 0.86409474E-06 0.10659300E-05 0.13066698E-05 0.15918201E-05 0.19272410E-05 0.23190852E-05 0.27737205E-05 0.32976359E-05 0.38973333E-05 0.45792074E-05 0.53494019E-05 0.62137237E-05 0.71774498E-05 0.82452402E-05 0.94210220E-05 0.10707908E-04 0.12108156E-04 0.13623184E-04 0.15253669E-04 0.16999768E-04 0.18861522E-04 0.20839536E-04 0.22936088E-04 0.25156920E-04 0.27514008E-04 0.30030041E-04 0.32745284E-04 0.35728221E-04 0.39091803E-04 0.43017802E-04 0.47793016E-04 0.53861729E-04 0.61900491E-04 0.72922186E-04 0.88417307E-04 0.11054056E-03 0.14234849E-03 0.18809380E-03 0.25357092E-03 0.34650212E-03 0.47694092E-03 0.65763738E-03 0.90432923E-03 0.12358522E-02 0.16739993E-02
