Basic/Day4/qtaim/urea/molecule/urea_mol_pl2d.SURFELFB
DSAA
 161 161
-0.75589045E+01  0.75589045E+01  0.94486307E-01
-0.75589045E+01  0.75589045E+01  0.94486307E-01
 0.00000000E+00  0.00000000E+00
[rows 63 to 83 of 161, columns 94 to 140 of 161]
-0.12071006E+00 -0.98583413E-01 -0.80975213E-01 -0.66830336E-01 -0.55357926E-01 -0.45983432E-01 -0.38291945E-01 -0.31978104E-01 -0.26808651E-01 -0.22597753E-01 -0.19192286E-01 -0.16463614E-01 -0.14302834E-01 -0.12617501E-01 -0.11328687E-01 -0.10368031E-01 -0.96748368E-02 -0.91935234E-02 -0.88717690E-02 -0.86596395E-02 -0.85098034E-02 -0.83787359E-02 -0.82285960E-02 -0.80293034E-02 -0.77602723E-02 -0.74113590E-02 -0.69827039E-02 -0.64834680E-02 -0.59296567E-02 -0.53414241E-02 -0.47403072E-02 -0.41467959E-02 -0.35785176E-02 -0.30491549E-02 -0.25680643E-02 -0.21404587E-02 -0.17679622E-02 -0.14493523E-02 -0.11813367E-02 -0.95926796E-03 -0.77774377E-03 -0.63109158E-03 -0.51372495E-03 -0.42040727E-03 -0.34642518E-03 -0.28769188E-03 -0.24077485E-03
-0.12174431E+00 -0.99597830E-01 -0.81672851E-01 -0.67171698E-01 -0.55437246E-01 -0.45941517E-01 -0.38263729E-01 -0.32067662E-01 -0.27082902E-01 -0.23090901E-01 -0.19914978E-01 -0.17412797E-01 -0.15470080E-01 -0.13994762E-01 -0.12911274E-01 -0.12155043E-01 -0.11667532E-01 -0.11392283E-01 -0.11272410E-01 -0.11249853E-01 -0.11266481E-01 -0.11266787E-01 -0.11201608E-01 -0.11032046E-01 -0.10732692E-01 -0.10293405E-01 -0.97191818E-02 -0.90281679E-02 -0.82481933E-02 -0.74125375E-02 -0.65556666E-02 -0.57095833E-02 -0.49012000E-02 -0.41508849E-02 -0.34721021E-02 -0.28719018E-02 -0.23519478E-02 -0.19097770E-02 -0.15400492E-02 -0.12356447E-02 -0.98854202E-03 -0.79048787E-03 -0.63346705E-03 -0.51003327E-03 -0.41351813E-03 -0.33814739E-03 -0.27908328E-03
-0.12538291E+00 -0.10242559E+00 -0.83699590E-01 -0.68549219E-01 -0.56371694E-01 -0.46635661E-01 -0.38885957E-01 -0.32741099E-01 -0.27887517E-01 -0.24072482E-01 -0.21096449E-01 -0.18804932E-01 -0.17079965E-01 -0.15831250E-01 -0.14987296E-01 -0.14487002E-01 -0.14272302E-01 -0.14282553E-01 -0.14451310E-01 -0.14705942E-01 -0.14970142E-01 -0.15168945E-01 -0.15235271E-01 -0.15116644E-01 -0.14780600E-01 -0.14217518E-01 -0.13440272E-01 -0.12480848E-01 -0.11384762E-01 -0.10204468E-01 -0.89929485E-02 -0.77984144E-02 -0.66606313E-02 -0.56090258E-02 -0.46624082E-02 -0.38299410E-02 -0.31128770E-02 -0.25065954E-02 -0.20025627E-02 -0.15899898E-02 -0.12571013E-02 -0.99204737E-03 -0.78350327E-03 -0.62106371E-03 -0.49547405E-03 -0.39874811E-03 -0.32419699E-03
-0.13120223E+00 -0.10693307E+00 -0.87084054E-01 -0.71072420E-01 -0.58304222E-01 -0.48217094E-01 -0.40306405E-01 -0.34138390E-01 -0.29354054E-01 -0.25666804E-01 -0.22855852E-01 -0.20756796E-01 -0.19250353E-01 -0.18250093E-01 -0.17689938E-01 -0.17512269E-01 -0.17657614E-01 -0.18056956E-01 -0.18627635E-01 -0.19273580E-01 -0.19890042E-01 -0.20372206E-01 -0.20626153E-01 -0.20579876E-01 -0.20191803E-01 -0.19454801E-01 -0.18394839E-01 -0.17064948E-01 -0.15536159E-01 -0.13887522E-01 -0.12196970E-01 -0.10534149E-01 -0.89556606E-02 -0.75027403E-02 -0.62010860E-02 -0.50623900E-02 -0.40869789E-02 -0.32669096E-02 -0.25889450E-02 -0.20370327E-02 -0.15941387E-02 -0.12434886E-02 -0.96932228E-03 -0.75733896E-03 -0.59492569E-03 -0.47125071E-03 -0.37725895E-03
-0.13893481E+00 -0.11308128E+00 -0.91917139E-01 -0.74899329E-01 -0.61423783E-01 -0.50886667E-01 -0.42728677E-01 -0.36461805E-01 -0.31681679E-01 -0.28069201E-01 -0.25384672E-01 -0.23456814E-01 -0.22168478E-01 -0.21440447E-01 -0.21214587E-01 -0.21437613E-01 -0.22046914E-01 -0.22960011E-01 -0.24069241E-01 -0.25242944E-01 -0.26333667E-01 -0.27192590E-01 -0.27687593E-01 -0.27720944E-01 -0.27242054E-01 -0.26252040E-01 -0.24799393E-01 -0.22968714E-01 -0.20866093E-01 -0.18604653E-01 -0.16292662E-01 -0.14025094E-01 -0.11878481E-01 -0.99084600E-02 -0.81496058E-02 -0.66172236E-02 -0.53107202E-02 -0.42178625E-02 -0.33190906E-02 -0.25911952E-02 -0.20100208E-02 -0.15521995E-02 -0.11961361E-02 -0.92248651E-03 -0.71435245E-03 -0.55730989E-03 -0.43933715E-03
-0.14847186E+00 -0.12093355E+00 -0.98368448E-01 -0.80262936E-01 -0.66001636E-01 -0.54939949E-01 -0.46464518E-01 -0.40033557E-01 -0.35198106E-01 -0.31608211E-01 -0.29008119E-01 -0.27223810E-01 -0.26145370E-01 -0.25706179E-01 -0.25860635E-01 -0.26562229E-01 -0.27744018E-01 -0.29303907E-01 -0.31097379E-01 -0.32940174E-01 -0.34622313E-01 -0.35932409E-01 -0.36687622E-01 -0.36761437E-01 -0.36101083E-01 -0.34729811E-01 -0.32734926E-01 -0.30247010E-01 -0.27417102E-01 -0.24397157E-01 -0.21326465E-01 -0.18324087E-01 -0.15485555E-01 -0.12881643E-01 -0.10558089E-01 -0.85365366E-02 -0.68173870E-02 -0.53845866E-02 -0.42113630E-02 -0.32656099E-02 -0.25140103E-02 -0.19246560E-02 -0.14684336E-02 -0.11195848E-02 -0.85583397E-03 -0.65830036E-03 -0.51131260E-03
-0.15985144E+00 -0.13066429E+00 -0.10671392E+00 -0.87515858E-01 -0.72450925E-01 -0.60839318E-01 -0.52015770E-01 -0.45384809E-01 -0.40452777E-01 -0.36840018E-01 -0.34278013E-01 -0.32595648E-01 -0.31697839E-01 -0.31539063E-01 -0.32094057E-01 -0.33328060E-01 -0.35169474E-01 -0.37488640E-01 -0.40087428E-01 -0.42704755E-01 -0.45041363E-01 -0.46802040E-01 -0.47745231E-01 -0.47724088E-01 -0.46704695E-01 -0.44757559E-01 -0.42030259E-01 -0.38713717E-01 -0.35011212E-01 -0.31114293E-01 -0.27187846E-01 -0.23365275E-01 -0.19751209E-01 -0.16425905E-01 -0.13446626E-01 -0.10846087E-01 -0.86314938E-02 -0.67871884E-02 -0.52808423E-02 -0.40709760E-02 -0.31134509E-02 -0.23658025E-02 -0.17895063E-02 -0.13508048E-02 -0.10207843E-02 -0.77512516E-03 -0.59374312E-03
-0.17324519E+00 -0.14257899E+00 -0.11738270E+00 -0.97200018E-01 -0.81415650E-01 -0.69318783E-01 -0.60191509E-01 -0.53381487E-01 -0.48347607E-01 -0.44680371E-01 -0.42102186E-01 -0.40452603E-01 -0.39662538E-01 -0.39720606E-01 -0.40634337E-01 -0.42389212E-01 -0.44909458E-01 -0.48026563E-01 -0.51464455E-01 -0.54852058E-01 -0.57770154E-01 -0.59826505E-01 -0.60734837E-01 -0.60364254E-01 -0.58738893E-01 -0.55998455E-01 -0.52351116E-01 -0.48040806E-01 -0.43324394E-01 -0.38444427E-01 -0.33599383E-01 -0.28929316E-01 -0.24526372E-01 -0.20457758E-01 -0.16780596E-01 -0.13540339E-01 -0.10760585E-01 -0.84364640E-02 -0.65370379E-02 -0.50142239E-02 -0.38128851E-02 -0.28784198E-02 -0.21609755E-02 -0.16170533E-02 -0.12096878E-02 -0.90802399E-03 -0.68672814E-03
-0.18895631E+00 -0.15715371E+00 -0.13102864E+00 -0.11014447E+00 -0.93890541E-01 -0.81521823E-01 -0.72259732E-01 -0.65385552E-01 -0.60303488E-01 -0.56571946E-01 -0.53908364E-01 -0.52173575E-01 -0.51340565E-01 -0.51451326E-01 -0.52564884E-01 -0.54699850E-01 -0.57776973E-01 -0.61572200E-01 -0.65698303E-01 -0.69637152E-01 -0.72833694E-01 -0.74829305E-01 -0.75372249E-01 -0.74436896E-01 -0.72140561E-01 -0.68632949E-01 -0.64058920E-01 -0.58614827E-01 -0.52609057E-01 -0.46428226E-01 -0.40417759E-01 -0.34781198E-01 -0.29578432E-01 -0.24802311E-01 -0.20454432E-01 -0.16568090E-01 -0.13185900E-01 -0.10328647E-01 -0.79810701E-02 -0.60969470E-02 -0.46130981E-02 -0.34624836E-02 -0.25823349E-02 -0.19176400E-02 -0.14218556E-02 -0.10563983E-02 -0.78978565E-03
-0.20744077E+00 -0.17509828E+00 -0.14862527E+00 -0.12758640E+00 -0.11136360E+00 -0.99161274E-01 -0.90120347E-01 -0.83436805E-01 -0.78446593E-01 -0.74670823E-01 -0.71826552E-01 -0.69810161E-01 -0.68659067E-01 -0.68495812E-01 -0.69457438E-01 -0.71613626E-01 -0.74881922E-01 -0.78960340E-01 -0.83314600E-01 -0.87263177E-01 -0.90170077E-01 -0.91672378E-01 -0.91786877E-01 -0.90765153E-01 -0.88754384E-01 -0.85546241E-01 -0.80697585E-01 -0.73983688E-01 -0.65781753E-01 -0.57003364E-01 -0.48622363E-01 -0.41213409E-01 -0.34842690E-01 -0.29286573E-01 -0.24314862E-01 -0.19831811E-01 -0.15856900E-01 -0.12440856E-01 -0.96027847E-02 -0.73136948E-02 -0.55100900E-02 -0.41145117E-02 -0.30505162E-02 -0.22499790E-02 -0.16552192E-02 -0.12186683E-02 -0.90175421E-03
-0.22935745E+00 -0.19743783E+00 -0.17157142E+00 -0.15129601E+00 -0.13595616E+00 -0.12467086E+00 -0.11646460E+00 -0.11041695E+00 -0.10577412E+00 -0.10201119E+00 -0.98850010E-01 -0.96241088E-01 -0.94316008E-01 -0.93314293E-01 -0.93486532E-01 -0.94977120E-01 -0.97701113E-01 -0.10125625E+00 -0.10494561E+00 -0.10798904E+00 -0.10991152E+00 -0.11090397E+00 -0.11179353E+00 -0.11338966E+00 -0.11548990E+00 -0.11637589E+00 -0.11352725E+00 -0.10529276E+00 -0.92216444E-01 -0.76843824E-01 -0.62180670E-01 -0.50124472E-01 -0.40971447E-01 -0.33984389E-01 -0.28254949E-01 -0.23217072E-01 -0.18697267E-01 -0.14730359E-01 -0.11378901E-01 -0.86504513E-02 -0.64940478E-02 -0.48269118E-02 -0.35594819E-02 -0.26093360E-02 -0.19061722E-02 -0.13921740E-02 -0.10207312E-02
-0.25563869E+00 -0.22559191E+00 -0.20177627E+00 -0.18366414E+00 -0.17050977E+00 -0.16128837E+00 -0.15485288E+00 -0.15012164E+00 -0.14622149E+00 -0.14256942E+00 -0.13889810E+00 -0.13523511E+00 -0.13184329E+00 -0.12912480E+00 -0.12748847E+00 -0.12718366E+00 -0.12812842E+00 -0.12981377E+00 -0.13142942E+00 -0.13234082E+00 -0.13283417E+00 -0.13463738E+00 -0.14044094E+00 -0.15202213E+00 -0.16780198E+00 -0.18189998E+00 -0.18640277E+00 -0.17604032E+00 -0.15180355E+00 -0.12040567E+00 -0.90075682E-01 -0.66231160E-01 -0.49993079E-01 -0.39544659E-01 -0.32363479E-01 -0.26653716E-01 -0.21626534E-01 -0.17140412E-01 -0.13273497E-01 -0.10083799E-01 -0.75484856E-02 -0.55873826E-02 -0.40998689E-02 -0.29886358E-02 -0.21694763E-02 -0.15731336E-02 -0.11440572E-02
-0.28755053E+00 -0.26140836E+00 -0.24166821E+00 -0.22768276E+00 -0.21853453E+00 -0.21297050E+00 -0.20959806E+00 -0.20711817E+00 -0.20450318E+00 -0.20109861E+00 -0.19665535E+00 -0.19130438E+00 -0.18548173E+00 -0.17980403E+00 -0.17488974E+00 -0.17113066E+00 -0.16846603E+00 -0.16631326E+00 -0.16391523E+00 -0.16130336E+00 -0.16063211E+00 -0.16685947E+00 -0.18626571E+00 -0.22215418E+00 -0.26961575E+00 -0.31380817E+00 -0.33545779E+00 -0.32173963E+00 -0.27464695E+00 -0.20971434E+00 -0.14622082E+00 -0.97104382E-01 -0.65420030E-01 -0.47312223E-01 -0.37019926E-01 -0.30174235E-01 -0.24589040E-01 -0.19611691E-01 -0.15241224E-01 -0.11581141E-01 -0.86497566E-02 -0.63784731E-02 -0.46587380E-02 -0.33783632E-02 -0.24382490E-02 -0.17566718E-02 -0.12683559E-02
-0.32668526E+00 -0.30708546E+00 -0.29404549E+00 -0.28671689E+00 -0.28389779E+00 -0.28400064E+00 -0.28530295E+00 -0.28622980E+00 -0.28556525E+00 -0.28257198E+00 -0.27702822E+00 -0.26919569E+00 -0.25972563E+00 -0.24950003E+00 -0.23939808E+00 -0.22999585E+00 -0.22129112E+00 -0.21271739E+00 -0.20387476E+00 -0.19625883E+00 -0.19546408E+00 -0.21199203E+00 -0.25802222E+00 -0.33908055E+00 -0.44415542E+00 -0.54266140E+00 -0.59546198E+00 -0.57652563E+00 -0.48965840E+00 -0.36594535E+00 -0.24409057E+00 -0.15023450E+00 -0.90898820E-01 -0.58827197E-01 -0.42762883E-01 -0.33904351E-01 -0.27568157E-01 -0.22092766E-01 -0.17231687E-01 -0.13101810E-01 -0.97670599E-02 -0.71774293E-02 -0.52195178E-02 -0.37666110E-02 -0.27040664E-02 -0.19369346E-02 -0.13896383E-02
-0.37481019E+00 -0.36490072E+00 -0.36167262E+00 -0.36395732E+00 -0.37013470E+00 -0.37817598E+00 -0.38595615E+00 -0.39157657E+00 -0.39360175E+00 -0.39119657E+00 -0.38417311E+00 -0.37295310E+00 -0.35844791E+00 -0.34185314E+00 -0.32435047E+00 -0.30673506E+00 -0.28911160E+00 -0.27106216E+00 -0.25292193E+00 -0.23853268E+00 -0.23855675E+00 -0.27135765E+00 -0.35730006E+00 -0.50482178E+00 -0.69402629E+00 -0.87168373E+00 -0.97002189E+00 -0.94390391E+00 -0.79977574E+00 -0.59128387E+00 -0.38522217E+00 -0.22670797E+00 -0.12719526E+00 -0.74588431E-01 -0.49863553E-01 -0.37946517E-01 -0.30565807E-01 -0.24541017E-01 -0.19191990E-01 -0.14598321E-01 -0.10862923E-01 -0.79564596E-02 -0.57622598E-02 -0.41393471E-02 -0.29572176E-02 -0.21073090E-02 -0.15034771E-02
-0.43350606E+00 -0.43668451E+00 -0.44656904E+00 -0.46153023E+00 -0.47942399E+00 -0.49772974E+00 -0.51388969E+00 -0.52562837E+00 -0.53120546E+00 -0.52960765E+00 -0.52065794E+00 -0.50499483E+00 -0.48389674E+00 -0.45897228E+00 -0.43175696E+00 -0.40327406E+00 -0.37375191E+00 -0.34302287E+00 -0.31244063E+00 -0.28876249E+00 -0.28863860E+00 -0.33948540E+00 -0.47095752E+00 -0.69471201E+00 -0.98060072E+00 -0.12493558E+01 -0.14001988E+01 -0.13659125E+01 -0.11559866E+01 -0.85012813E+00 -0.54746618E+00 -0.31480883E+00 -0.16912843E+00 -0.92749626E-01 -0.57831850E-01 -0.42214184E-01 -0.33554248E-01 -0.26911261E-01 -0.21065240E-01 -0.16016992E-01 -0.11894084E-01 -0.86835406E-02 -0.62643213E-02 -0.44809758E-02 -0.31871500E-02 -0.22607624E-02 -0.16052554E-02
-0.50359468E+00 -0.52308010E+00 -0.54911921E+00 -0.57956188E+00 -0.61180846E+00 -0.64296576E+00 -0.67005074E+00 -0.69018547E+00 -0.70090428E+00 -0.70060700E+00 -0.68897375E+00 -0.66706052E+00 -0.63694810E+00 -0.60108157E+00 -0.56156836E+00 -0.51964974E+00 -0.47555914E+00 -0.42928459E+00 -0.38313924E+00 -0.34661414E+00 -0.34179125E+00 -0.40408449E+00 -0.57119171E+00 -0.85746752E+00 -0.12239058E+01 -0.15689782E+01 -0.17638071E+01 -0.17224264E+01 -0.14569134E+01 -0.10690123E+01 -0.68509005E+00 -0.39011022E+00 -0.20556567E+00 -0.10904229E+00 -0.65325507E-01 -0.46363877E-01 -0.36438157E-01 -0.29139568E-01 -0.22785868E-01 -0.17297968E-01 -0.12812881E-01 -0.93238903E-02 -0.67015722E-02 -0.47752429E-02 -0.33831222E-02 -0.23903020E-02 -0.16904828E-02
-0.58449852E+00 -0.62285911E+00 -0.66752175E+00 -0.71614499E+00 -0.76625994E+00 -0.81508256E+00 -0.85908202E+00 -0.89376203E+00 -0.91426666E+00 -0.91686161E+00 -0.90049908E+00 -0.86736724E+00 -0.82195090E+00 -0.76916444E+00 -0.71264230E+00 -0.65394628E+00 -0.59286389E+00 -0.52891950E+00 -0.46467146E+00 -0.41115311E+00 -0.39361059E+00 -0.45191022E+00 -0.62797497E+00 -0.93743326E+00 -0.13368429E+01 -0.17140906E+01 -0.19273649E+01 -0.18822665E+01 -0.15920150E+01 -0.11679974E+01 -0.74840804E+00 -0.42604167E+00 -0.22429889E+00 -0.11867475E+00 -0.70747496E-01 -0.49927765E-01 -0.39062334E-01 -0.31133923E-01 -0.24275533E-01 -0.18375849E-01 -0.13569523E-01 -0.98422353E-02 -0.70501584E-02 -0.50064830E-02 -0.35350497E-02 -0.24895350E-02 -0.17551594E-02
-0.67386169E+00 -0.73285258E+00 -0.79854884E+00 -0.86983202E+00 -0.94617220E+00 -0.10260490E+01 -0.11045794E+01 -0.11722211E+01 -0.12165103E+01 -0.12268574E+01 -0.11997276E+01 -0.11406155E+01 -0.10612982E+01 -0.97425188E+00 -0.88781617E+00 -0.80451950E+00 -0.72256170E+00 -0.63921013E+00 -0.55540285E+00 -0.48145933E+00 -0.44233297E+00 -0.47737046E+00 -0.62757427E+00 -0.90808459E+00 -0.12771617E+01 -0.16278669E+01 -0.18257036E+01 -0.17814736E+01 -0.15074799E+01 -0.11082052E+01 -0.71324441E+00 -0.40962912E+00 -0.21929869E+00 -0.11919893E+00 -0.73197040E-01 -0.52564077E-01 -0.41256458E-01 -0.32776877E-01 -0.25443680E-01 -0.19182674E-01 -0.14115756E-01 -0.10205913E-01 -0.72887438E-02 -0.51611223E-02 -0.36344730E-02 -0.25532775E-02 -0.17961528E-02
-0.76784670E+00 -0.84912023E+00 -0.94053672E+00 -0.10459858E+01 -0.11711988E+01 -0.13182877E+01 -0.14783695E+01 -0.16276889E+01 -0.17326098E+01 -0.17634499E+01 -0.17096440E+01 -0.15857062E+01 -0.14234047E+01 -0.12559821E+01 -0.11049154E+01 -0.97578580E+00 -0.86270287E+00 -0.75647045E+00 -0.65242195E+00 -0.55665932E+00 -0.49003130E+00 -0.48672080E+00 -0.58235263E+00 -0.79029394E+00 -0.10760408E+01 -0.13512703E+01 -0.15055951E+01 -0.14660406E+01 -0.12420706E+01 -0.91759843E+00 -0.59686982E+00 -0.34998748E+00 -0.19462046E+00 -0.11205531E+00 -0.72988613E-01 -0.54202590E-01 -0.42870309E-01 -0.33936445E-01 -0.26194961E-01 -0.19654477E-01 -0.14410102E-01 -0.10388621E-01 -0.74010010E-02 -0.52292560E-02 -0.36755262E-02 -0.25781352E-02 -0.18115381E-02
-0.86227408E+00 -0.96937293E+00 -0.10981818E+01 -0.12656922E+01 -0.14927777E+01 -0.17898542E+01 -0.21385625E+01 -0.24819838E+01 -0.27347887E+01 -0.28169041E+01 -0.26979492E+01 -0.24173293E+01 -0.20590055E+01 -0.17063935E+01 -0.14112962E+01 -0.11864819E+01 -0.10168250E+01 -0.87800976E+00 -0.75197980E+00 -0.63512713E+00 -0.54036636E+00 -0.49360054E+00 -0.52269265E+00 -0.63879799E+00 -0.81758703E+00 -0.99568292E+00 -0.10941271E+01 -0.10606102E+01 -0.90069531E+00 -0.67193589E+00 -0.44624085E+00 -0.27205989E+00 -0.16151805E+00 -0.10142525E+00 -0.71270665E-01 -0.54951964E-01 -0.43770259E-01 -0.34481319E-01 -0.26443384E-01 -0.19741097E-01 -0.14424102E-01 -0.10374271E-01 -0.73779517E-02 -0.52060409E-02 -0.36557435E-02 -0.25629570E-02 -0.18008452E-02
