Basic/Day4/qtaim/urea/molecule/urea_mol_pl2d.SURFGKIN
DSAA
 161 161
-0.75589045E+01  0.75589045E+01  0.94486307E-01
-0.75589045E+01  0.75589045E+01  0.94486307E-01
 0.00000000E+00  0.00000000E+00
[rows 132 to 153 of 161, columns 0 to 47 of 161]
0.42232366E-07 0.59468708E-07 0.83289873E-07 0.11600888E-06 0.16066733E-06 0.22123307E-06 0.30284039E-06 0.41207824E-06 0.55733171E-06 0.74918086E-06 0.10008644E-05 0.13287856E-05 0.17531070E-05 0.22983710E-05 0.29941723E-05 0.38758533E-05 0.49852028E-05 0.63711253E-05 0.80902726E-05 0.10207556E-04 0.12796559E-04 0.15939796E-04 0.19728804E-04 0.24264083E-04 0.29654907E-04 0.36019139E-04 0.43483049E-04 0.52181421E-04 0.62258061E-04 0.73866911E-04 0.87173946E-04 0.10235988E-03 0.11962368E-03 0.13918647E-03 0.16129537E-03 0.18622632E-03 0.21428457E-03 0.24580153E-03 0.28112622E-03 0.32060965E-03 0.36458116E-03 0.41331593E-03 0.46699554E-03 0.52565695E-03 0.58914894E-03 0.65708157E-03 0.72878872E-03 0.80330465E-03
0.36241415E-07 0.51116610E-07 0.71689952E-07 0.99963093E-07 0.13856664E-06 0.19092986E-06 0.26148655E-06 0.35592161E-06 0.48146251E-06 0.64721899E-06 0.86457632E-06 0.11476262E-05 0.15136668E-05 0.19837265E-05 0.25831286E-05 0.33420715E-05 0.42962095E-05 0.54872078E-05 0.69632371E-05 0.87794145E-05 0.10998082E-04 0.13688988E-04 0.16929283E-04 0.20803373E-04 0.25402613E-04 0.30824901E-04 0.37174278E-04 0.44560566E-04 0.53099259E-04 0.62911750E-04 0.74126036E-04 0.86877963E-04 0.10131296E-03 0.11758812E-03 0.13587418E-03 0.15635689E-03 0.17923694E-03 0.20472736E-03 0.23304751E-03 0.26441239E-03 0.29901666E-03 0.33701295E-03 0.37848485E-03 0.42341587E-03 0.47165678E-03 0.52289562E-03 0.57662773E-03 0.63214617E-03
0.31049615E-07 0.43851936E-07 0.61568427E-07 0.85925077E-07 0.11918900E-06 0.16431376E-06 0.22511535E-06 0.30648270E-06 0.41462596E-06 0.55736536E-06 0.74446432E-06 0.98799596E-06 0.13027632E-05 0.17067412E-05 0.22215502E-05 0.28729418E-05 0.36912805E-05 0.47120024E-05 0.59760246E-05 0.75300678E-05 0.94269194E-05 0.11725494E-04 0.14490809E-04 0.17793769E-04 0.21710807E-04 0.26323391E-04 0.31717451E-04 0.37982802E-04 0.45212643E-04 0.53503232E-04 0.62953849E-04 0.73667076E-04 0.85749412E-04 0.99312106E-04 0.11447198E-03 0.13135187E-03 0.15008015E-03 0.17078873E-03 0.19360874E-03 0.21866337E-03 0.24605715E-03 0.27586169E-03 0.30809799E-03 0.34271615E-03 0.37957412E-03 0.41841743E-03 0.45886268E-03 0.50038738E-03
0.26537518E-07 0.37519026E-07 0.52722276E-07 0.73629669E-07 0.10218744E-06 0.14092971E-06 0.19312858E-06 0.26297327E-06 0.35578121E-06 0.47824320E-06 0.63870367E-06 0.84747906E-06 0.11171962E-05 0.14631797E-05 0.19038421E-05 0.24610908E-05 0.31607300E-05 0.40328389E-05 0.51121074E-05 0.64380963E-05 0.80554321E-05 0.10013841E-04 0.12368086E-04 0.15177731E-04 0.18506765E-04 0.22423079E-04 0.26997829E-04 0.32304738E-04 0.38419401E-04 0.45418644E-04 0.53380040E-04 0.62381610E-04 0.72501729E-04 0.83819187E-04 0.96413273E-04 0.11036365E-03 0.12574969E-03 0.14264887E-03 0.16113374E-03 0.18126712E-03 0.20309507E-03 0.22663760E-03 0.25187730E-03 0.27874634E-03 0.30711292E-03 0.33676841E-03 0.36741702E-03 0.39866959E-03
0.22610795E-07 0.31994036E-07 0.44988725E-07 0.62862578E-07 0.87279298E-07 0.12040415E-06 0.16503147E-06 0.22473682E-06 0.30405591E-06 0.40869217E-06 0.54575372E-06 0.72401930E-06 0.95423584E-06 0.12494208E-05 0.16252116E-05 0.21001955E-05 0.26962462E-05 0.34388378E-05 0.43573197E-05 0.54851326E-05 0.68599332E-05 0.85236533E-05 0.10522374E-04 0.12906119E-04 0.15728473E-04 0.19046074E-04 0.22917973E-04 0.27404901E-04 0.32568488E-04 0.38470478E-04 0.45172014E-04 0.52732981E-04 0.61211539E-04 0.70663706E-04 0.81143006E-04 0.92700014E-04 0.10538161E-03 0.11922968E-03 0.13427900E-03 0.15055404E-03 0.16806438E-03 0.18679883E-03 0.20671824E-03 0.22774735E-03 0.24976638E-03 0.27260318E-03 0.29602694E-03 0.31974475E-03
0.19193719E-07 0.27176658E-07 0.38234735E-07 0.53447087E-07 0.74229467E-07 0.10242375E-06 0.14040593E-06 0.19121488E-06 0.25870362E-06 0.34771457E-06 0.46427945E-06 0.61584327E-06 0.81151373E-06 0.10623179E-05 0.13814917E-05 0.17847576E-05 0.22906052E-05 0.29205515E-05 0.36993676E-05 0.46552541E-05 0.58199458E-05 0.72287139E-05 0.89203095E-05 0.10936704E-04 0.13322764E-04 0.16125773E-04 0.19394817E-04 0.23180079E-04 0.27532049E-04 0.32500693E-04 0.38134633E-04 0.44480368E-04 0.51581531E-04 0.59478285E-04 0.68206701E-04 0.77798142E-04 0.88278493E-04 0.99667123E-04 0.11197537E-03 0.12520440E-03 0.13934235E-03 0.15436060E-03 0.17020940E-03 0.18681289E-03 0.20406407E-03 0.22182019E-03 0.23989917E-03 0.25807792E-03
0.16224208E-07 0.22983819E-07 0.32349032E-07 0.45233990E-07 0.62837682E-07 0.86719518E-07 0.11889049E-06 0.16192170E-06 0.21907188E-06 0.29443490E-06 0.39310795E-06 0.52137976E-06 0.68693749E-06 0.89909312E-06 0.11690049E-05 0.15099296E-05 0.19374465E-05 0.24696761E-05 0.31274677E-05 0.39345425E-05 0.49175764E-05 0.61061981E-05 0.75329222E-05 0.92329275E-05 0.11243759E-04 0.13604892E-04 0.16357175E-04 0.19542177E-04 0.23201431E-04 0.27375635E-04 0.32103810E-04 0.37422471E-04 0.43364831E-04 0.49960064E-04 0.57232551E-04 0.65201246E-04 0.73878906E-04 0.83271234E-04 0.93375788E-04 0.10418057E-03 0.11566224E-03 0.12778382E-03 0.14049215E-03 0.15371494E-03 0.16735794E-03 0.18130237E-03 0.19540313E-03 0.20948819E-03
0.13650123E-07 0.19345014E-07 0.27236233E-07 0.38094213E-07 0.52929267E-07 0.73055143E-07 0.10016564E-06 0.13642578E-06 0.18457889E-06 0.24807036E-06 0.33118870E-06 0.43922330E-06 0.57863771E-06 0.75725816E-06 0.98446147E-06 0.12713823E-05 0.16311022E-05 0.20788307E-05 0.26320613E-05 0.33106894E-05 0.41370787E-05 0.51360617E-05 0.63348523E-05 0.77628988E-05 0.94515776E-05 0.11433829E-04 0.13743663E-04 0.16415565E-04 0.19483818E-04 0.22981749E-04 0.26940938E-04 0.31390410E-04 0.36355830E-04 0.41858737E-04 0.47915814E-04 0.54538201E-04 0.61730749E-04 0.69491382E-04 0.77810241E-04 0.86668758E-04 0.96038538E-04 0.10588004E-03 0.11614111E-03 0.12675539E-03 0.13764080E-03 0.14869831E-03 0.15981123E-03 0.17084523E-03
0.11426596E-07 0.16198950E-07 0.22812647E-07 0.31913563E-07 0.44348575E-07 0.61218770E-07 0.83943563E-07 0.11433699E-06 0.15469724E-06 0.20791016E-06 0.27756714E-06 0.36809694E-06 0.48491038E-06 0.63455575E-06 0.82488469E-06 0.10652081E-05 0.13664698E-05 0.17413897E-05 0.22045951E-05 0.27727179E-05 0.34644497E-05 0.43005401E-05 0.53037278E-05 0.64985831E-05 0.79113014E-05 0.95693353E-05 0.11500990E-04 0.13734899E-04 0.16299421E-04 0.19221970E-04 0.22528288E-04 0.26241697E-04 0.30382346E-04 0.34966469E-04 0.40005686E-04 0.45506332E-04 0.51468830E-04 0.57887086E-04 0.64747902E-04 0.72030246E-04 0.79704701E-04 0.87732643E-04 0.96065477E-04 0.10464387E-03 0.11339707E-03 0.12224244E-03 0.13108539E-03 0.13981980E-03
0.95141557E-08 0.13491217E-07 0.19003381E-07 0.26589139E-07 0.36954535E-07 0.51017495E-07 0.69961253E-07 0.95297903E-07 0.12894297E-06 0.17330161E-06 0.23136680E-06 0.30682905E-06 0.40419696E-06 0.52892653E-06 0.68755670E-06 0.88785082E-06 0.11389196E-05 0.14513607E-05 0.18373585E-05 0.23107669E-05 0.28871548E-05 0.35838049E-05 0.44196551E-05 0.54151741E-05 0.65921500E-05 0.79734439E-05 0.95825830E-05 0.11443339E-04 0.13579200E-04 0.16012779E-04 0.18765182E-04 0.21855327E-04 0.25299263E-04 0.29109497E-04 0.33294337E-04 0.37857289E-04 0.42796487E-04 0.48104178E-04 0.53766250E-04 0.59761787E-04 0.66062681E-04 0.72633135E-04 0.79429442E-04 0.86399602E-04 0.93483150E-04 0.10061115E-03 0.10770646E-03 0.11468435E-03
0.78774591E-08 0.11172723E-07 0.15740420E-07 0.22026985E-07 0.30617772E-07 0.42273808E-07 0.57976098E-07 0.78978315E-07 0.10686864E-06 0.14364128E-06 0.19177783E-06 0.25433837E-06 0.33506143E-06 0.43847137E-06 0.56999085E-06 0.73605746E-06 0.94422878E-06 0.12032951E-05 0.15233641E-05 0.19159303E-05 0.23939131E-05 0.29716560E-05 0.36648787E-05 0.44905734E-05 0.54668381E-05 0.66126294E-05 0.79474926E-05 0.94911372E-05 0.11263018E-04 0.13281824E-04 0.15564923E-04 0.18127776E-04 0.20983334E-04 0.24141430E-04 0.27608207E-04 0.31385564E-04 0.35470662E-04 0.39855483E-04 0.44526448E-04 0.49464102E-04 0.54642854E-04 0.60030781E-04 0.65589513E-04 0.71274191E-04 0.77033592E-04 0.82810209E-04 0.88540893E-04 0.94157401E-04
0.64844638E-08 0.91986938E-08 0.12961425E-07 0.18140638E-07 0.25218859E-07 0.34823476E-07 0.47763294E-07 0.65072015E-07 0.88059281E-07 0.11836971E-06 0.15805011E-06 0.20962471E-06 0.27617782E-06 0.36144258E-06 0.46989410E-06 0.60684413E-06 0.77853653E-06 0.99222562E-06 0.12562612E-05 0.15801396E-05 0.19745377E-05 0.24513130E-05 0.30234650E-05 0.37050507E-05 0.45110465E-05 0.54571535E-05 0.65595302E-05 0.78345139E-05 0.92981981E-05 0.10966032E-04 0.12852343E-04 0.14969833E-04 0.17329054E-04 0.19937886E-04 0.22801029E-04 0.25919523E-04 0.29290315E-04 0.32905881E-04 0.36753917E-04 0.40817099E-04 0.45072921E-04 0.49493608E-04 0.54046127E-04 0.58692283E-04 0.63388932E-04 0.68088319E-04 0.72738576E-04 0.77284387E-04
0.53059165E-08 0.75280724E-08 0.10609021E-07 0.14850293E-07 0.20647333E-07 0.28514375E-07 0.39114442E-07 0.53295056E-07 0.72130151E-07 0.96968587E-07 0.12948941E-06 0.17176371E-06 0.22632269E-06 0.29623073E-06 0.38516222E-06 0.49747973E-06 0.63831071E-06 0.81362220E-06 0.10302738E-05 0.12960770E-05 0.16198166E-05 0.20112531E-05 0.24810928E-05 0.30409186E-05 0.37030781E-05 0.44805238E-05 0.53866021E-05 0.64347806E-05 0.76383725E-05 0.90101328E-05 0.10561888E-04 0.12304103E-04 0.14245440E-04 0.16392306E-04 0.18748419E-04 0.21314390E-04 0.24087357E-04 0.27060654E-04 0.30223564E-04 0.33561120E-04 0.37054007E-04 0.40678528E-04 0.44406674E-04 0.48206282E-04 0.52041291E-04 0.55872119E-04 0.59656153E-04 0.63348365E-04
0.43150485E-08 0.61231664E-08 0.86304032E-08 0.12082363E-07 0.16801200E-07 0.23205924E-07 0.31836888E-07 0.43384957E-07 0.58725756E-07 0.78959336E-07 0.10545538E-06 0.13990385E-06 0.18437074E-06 0.24135805E-06 0.31386681E-06 0.40546145E-06 0.52033299E-06 0.66335830E-06 0.84015506E-06 0.10571115E-05 0.13214232E-05 0.16410882E-05 0.20248845E-05 0.24823159E-05 0.30235209E-05 0.36591426E-05 0.44001573E-05 0.52576594E-05 0.62425937E-05 0.73654941E-05 0.86361095E-05 0.10063073E-04 0.11653523E-04 0.13412727E-04 0.15343704E-04 0.17446878E-04 0.19719760E-04 0.22156670E-04 0.24748525E-04 0.27482685E-04 0.30342877E-04 0.33309195E-04 0.36358186E-04 0.39463023E-04 0.42593771E-04 0.45717740E-04 0.48799949E-04 0.51803671E-04
0.34874023E-08 0.49494611E-08 0.69771362E-08 0.97692635E-08 0.13586710E-07 0.18768851E-07 0.25753457E-07 0.35100379E-07 0.47519397E-07 0.63902471E-07 0.85360544E-07 0.11326481E-06 0.14929213E-06 0.19547408E-06 0.25424839E-06 0.32851172E-06 0.42167155E-06 0.53769497E-06 0.68115148E-06 0.85724996E-06 0.10718479E-05 0.13314690E-05 0.16432763E-05 0.20150316E-05 0.24550219E-05 0.29719555E-05 0.35748223E-05 0.42727189E-05 0.50746393E-05 0.59892218E-05 0.70245089E-05 0.81876123E-05 0.94844256E-05 0.10919304E-04 0.12494753E-04 0.14211127E-04 0.16066367E-04 0.18055765E-04 0.20171784E-04 0.22403931E-04 0.24738698E-04 0.27159572E-04 0.29647124E-04 0.32179170E-04 0.34731018E-04 0.37275792E-04 0.39784831E-04 0.42228172E-04
0.28007303E-08 0.39755126E-08 0.56050430E-08 0.78493056E-08 0.10918250E-07 0.15085085E-07 0.20702334E-07 0.28220972E-07 0.38212929E-07 0.51397189E-07 0.68669576E-07 0.91136207E-07 0.12015035E-06 0.15735223E-06 0.20471093E-06 0.26456741E-06 0.33967691E-06 0.43324898E-06 0.54898288E-06 0.69109533E-06 0.86434162E-06 0.10740078E-05 0.13259119E-05 0.16263614E-05 0.19820977E-05 0.24002123E-05 0.28880348E-05 0.34529917E-05 0.41024365E-05 0.48434518E-05 0.56826278E-05 0.66258048E-05 0.76778676E-05 0.88424196E-05 0.10121562E-04 0.11515637E-04 0.13023003E-04 0.14639838E-04 0.16359989E-04 0.18174865E-04 0.20073389E-04 0.22042009E-04 0.24064778E-04 0.26123496E-04 0.28197925E-04 0.30266071E-04 0.32304528E-04 0.34288888E-04
0.22349251E-08 0.31728734E-08 0.44741277E-08 0.62666125E-08 0.87182540E-08 0.12047645E-07 0.16536929E-07 0.22547173E-07 0.30536456E-07 0.41080859E-07 0.54898458E-07 0.72876278E-07 0.96100048E-07 0.12588636E-06 0.16381661E-06 0.21177188E-06 0.27196744E-06 0.34698547E-06 0.43980412E-06 0.55382057E-06 0.69286595E-06 0.86121274E-06 0.10635535E-05 0.13049895E-05 0.15909763E-05 0.19272598E-05 0.23197868E-05 0.27745912E-05 0.32976578E-05 0.38947622E-05 0.45712908E-05 0.53320444E-05 0.61810170E-05 0.71212209E-05 0.81544213E-05 0.92809634E-05 0.10499576E-04 0.11807208E-04 0.13198905E-04 0.14667713E-04 0.16204640E-04 0.17798669E-04 0.19436817E-04 0.21104263E-04 0.22784524E-04 0.24459695E-04 0.26110738E-04 0.27717821E-04
0.17719567E-08 0.25160176E-08 0.35484857E-08 0.49710091E-08 0.69170640E-08 0.95604589E-08 0.13125615E-07 0.17899838E-07 0.24247779E-07 0.32628217E-07 0.43613272E-07 0.57910009E-07 0.76384317E-07 0.10008676E-06 0.13027992E-06 0.16846650E-06 0.21641734E-06 0.27619792E-06 0.35019218E-06 0.44112155E-06 0.55205763E-06 0.68642601E-06 0.84800268E-06 0.10408829E-05 0.12694602E-05 0.15383651E-05 0.18523971E-05 0.22164334E-05 0.26353204E-05 0.31137449E-05 0.36560894E-05 0.42662732E-05 0.49475827E-05 0.57024880E-05 0.65324982E-05 0.74379531E-05 0.84178939E-05 0.94699201E-05 0.10590083E-04 0.11772811E-04 0.13010873E-04 0.14295382E-04 0.15615853E-04 0.16960298E-04 0.18315378E-04 0.19666595E-04 0.20998537E-04 0.22295151E-04
0.13958113E-08 0.19822465E-08 0.27961797E-08 0.39178568E-08 0.54527040E-08 0.75380542E-08 0.10351301E-07 0.14119640E-07 0.19131550E-07 0.25750149E-07 0.34428475E-07 0.45726710E-07 0.60331234E-07 0.79075284E-07 0.10296085E-06 0.13318124E-06 0.17114362E-06 0.21849043E-06 0.27711879E-06 0.34919611E-06 0.43717076E-06 0.54377583E-06 0.67202419E-06 0.82519644E-06 0.10068033E-05 0.12205576E-05 0.14703112E-05 0.17599850E-05 0.20934820E-05 0.24745854E-05 0.29068425E-05 0.33934369E-05 0.39370524E-05 0.45397316E-05 0.52027342E-05 0.59263888E-05 0.67100026E-05 0.75517032E-05 0.84483754E-05 0.93955930E-05 0.10387586E-04 0.11417244E-04 0.12476158E-04 0.13554698E-04 0.14642135E-04 0.15726800E-04 0.16796278E-04 0.17837635E-04
0.10923474E-08 0.15515799E-08 0.21890725E-08 0.30678245E-08 0.42705646E-08 0.59051197E-08 0.81108277E-08 0.11066221E-07 0.14998097E-07 0.20192065E-07 0.27004645E-07 0.35876909E-07 0.47349596E-07 0.62079528E-07 0.80857041E-07 0.10462400E-06 0.13449181E-06 0.17175869E-06 0.21792527E-06 0.27470744E-06 0.34404522E-06 0.42810623E-06 0.52928249E-06 0.65017887E-06 0.79359489E-06 0.96248367E-06 0.11599202E-05 0.13890381E-05 0.16529630E-05 0.19547311E-05 0.22971974E-05 0.26829339E-05 0.31141201E-05 0.35924303E-05 0.41189184E-05 0.46939080E-05 0.53168881E-05 0.59864105E-05 0.67000576E-05 0.74543335E-05 0.82446690E-05 0.90654154E-05 0.99098744E-05 0.10770362E-04 0.11638304E-04 0.12504363E-04 0.13358594E-04 0.14190633E-04
0.84927499E-09 0.12065456E-08 0.17026316E-08 0.23865958E-08 0.33229977E-08 0.45959442E-08 0.63141865E-08 0.86171311E-08 0.11681955E-07 0.15731892E-07 0.21045750E-07 0.27968646E-07 0.36923927E-07 0.48426137E-07 0.63094811E-07 0.81668758E-07 0.10502040E-06 0.13416958E-06 0.17029605E-06 0.21474996E-06 0.26905916E-06 0.33493241E-06 0.41425728E-06 0.50909158E-06 0.62164738E-06 0.75426875E-06 0.90938991E-06 0.10895018E-05 0.12970923E-05 0.15345835E-05 0.18042595E-05 0.21081855E-05 0.24481212E-05 0.28254300E-05 0.32409882E-05 0.36950951E-05 0.41873902E-05 0.47167786E-05 0.52813703E-05 0.58784260E-05 0.65043710E-05 0.71547405E-05 0.78242359E-05 0.85067653E-05 0.91955198E-05 0.98830737E-05 0.10561510E-04 0.11222566E-04
0.65596508E-09 0.93209906E-09 0.13156183E-08 0.18445398E-08 0.25688369E-08 0.35537528E-08 0.48836089E-08 0.66665661E-08 0.90401575E-08 0.12177759E-07 0.16296022E-07 0.21663279E-07 0.28608886E-07 0.37533394E-07 0.48919403E-07 0.63342821E-07 0.81484199E-07 0.10413969E-06 0.13223103E-06 0.16681398E-06 0.20908435E-06 0.26038079E-06 0.32218360E-06 0.39610837E-06 0.48389389E-06 0.58738325E-06 0.70849765E-06 0.84920590E-06 0.10114709E-05 0.11972150E-05 0.14082540E-05 0.16462357E-05 0.19125713E-05 0.22083639E-05 0.25343360E-05 0.28907579E-05 0.32773811E-05 0.36933784E-05 0.41372945E-05 0.46070095E-05 0.50997192E-05 0.56119305E-05 0.61394657E-05 0.66775496E-05 0.72207999E-05 0.77633487E-05 0.82989314E-05 0.88210035E-05
