Advanced/Day1/qtaim/urea/molecule/urea_mol_pl2d.SURFKKIN
DSAA
 161 161
-0.75589045E+01  0.75589045E+01  0.94486307E-01
-0.75589045E+01  0.75589045E+01  0.94486307E-01
 0.00000000E+00  0.00000000E+00
[rows 0 to 20 of 161, columns 96 to 143 of 161]
-0.79261841E-07 -0.65566695E-07 -0.53601654E-07 -0.43308578E-07 -0.34577397E-07 -0.27281804E-07 -0.21272728E-07 -0.16392981E-07 -0.12485423E-07 -0.93993699E-08 -0.69952169E-08 -0.51474212E-08 -0.37460386E-08 -0.26970842E-08 -0.19219940E-08 -0.13564592E-08 -0.94887635E-09 -0.65861519E-09 -0.45427705E-09 -0.31195715E-09 -0.21384575E-09 -0.14683421E-09 -0.10143488E-09 -0.70882338E-10 -0.50419793E-10 -0.36747429E-10 -0.27604204E-10 -0.21458452E-10 -0.17283206E-10 -0.14396110E-10 -0.12347336E-10 -0.10842677E-10 -0.96897963E-11 -0.87650507E-11 -0.79888017E-11 -0.73103919E-11 -0.66980718E-11 -0.61324076E-11 -0.56019550E-11 -0.51004059E-11 -0.46246920E-11 -0.41737150E-11 -0.37474919E-11 -0.33465809E-11 -0.29716996E-11 -0.26162507E-11 -0.22977521E-11 -0.20054297E-11
-0.14325751E-06 -0.11863931E-06 -0.97101387E-07 -0.78540861E-07 -0.62781392E-07 -0.49597933E-07 -0.38718598E-07 -0.29871147E-07 -0.22776205E-07 -0.17164917E-07 -0.12787417E-07 -0.94183634E-08 -0.68598892E-08 -0.49424288E-08 -0.35239050E-08 -0.24877606E-08 -0.17402675E-08 -0.12074798E-08 -0.83211481E-09 -0.57057190E-09 -0.39022166E-09 -0.26704049E-09 -0.18361628E-09 -0.12751731E-09 -0.89987123E-10 -0.64962753E-10 -0.48275151E-10 -0.37102085E-10 -0.29551361E-10 -0.24366237E-10 -0.20718842E-10 -0.18067679E-10 -0.16060771E-10 -0.14470700E-10 -0.13151496E-10 -0.12010686E-10 -0.10989103E-10 -0.10051302E-10 -0.91759212E-11 -0.83509221E-11 -0.75701626E-11 -0.68311069E-11 -0.61332958E-11 -0.54773223E-11 -0.48641524E-11 -0.42946857E-11 -0.37614327E-11 -0.32835981E-11
-0.25501854E-06 -0.21145205E-06 -0.17327995E-06 -0.14033485E-06 -0.11231865E-06 -0.88838332E-07 -0.69440080E-07 -0.53644326E-07 -0.40952443E-07 -0.30899346E-07 -0.23044948E-07 -0.16991130E-07 -0.12387313E-07 -0.89322561E-08 -0.63729188E-08 -0.45012140E-08 -0.31494318E-08 -0.21849729E-08 -0.15049090E-08 -0.10307448E-08 -0.70363041E-09 -0.48016421E-09 -0.32884063E-09 -0.22713456E-09 -0.15917376E-09 -0.11392712E-09 -0.83825751E-10 -0.63739217E-10 -0.50227113E-10 -0.40984772E-10 -0.34549252E-10 -0.29916722E-10 -0.26448733E-10 -0.23733186E-10 -0.21505766E-10 -0.19598300E-10 -0.17905014E-10 -0.16360555E-10 -0.14925684E-10 -0.13578347E-10 -0.12305719E-10 -0.11102925E-10 -0.99683951E-11 -0.89025526E-11 -0.79066156E-11 -0.69818228E-11 -0.61148776E-11 -0.53392558E-11
-0.44708012E-06 -0.37118869E-06 -0.30458716E-06 -0.24701151E-06 -0.19796865E-06 -0.15679737E-06 -0.12272685E-06 -0.94929574E-07 -0.72566530E-07 -0.54827927E-07 -0.40941194E-07 -0.30221106E-07 -0.22056225E-07 -0.15919648E-07 -0.11367576E-07 -0.80341178E-08 -0.56236640E-08 -0.39019520E-08 -0.26867410E-08 -0.18387633E-08 -0.12534034E-08 -0.85336773E-09 -0.58245449E-09 -0.40042094E-09 -0.27887220E-09 -0.19805110E-09 -0.14439070E-09 -0.10868686E-09 -0.84766435E-10 -0.68529728E-10 -0.57278292E-10 -0.49249599E-10 -0.43300099E-10 -0.38664415E-10 -0.34928950E-10 -0.31761806E-10 -0.28973582E-10 -0.26446881E-10 -0.24110720E-10 -0.21923865E-10 -0.19863905E-10 -0.17920067E-10 -0.16088936E-10 -0.14369219E-10 -0.12762883E-10 -0.11271554E-10 -0.98962655E-11 -0.86217276E-11
-0.77181100E-06 -0.64170265E-06 -0.52732194E-06 -0.42826719E-06 -0.34374161E-06 -0.27265513E-06 -0.21372291E-06 -0.16555526E-06 -0.12673510E-06 -0.95880737E-07 -0.71693327E-07 -0.52993284E-07 -0.38722190E-07 -0.27979272E-07 -0.19998120E-07 -0.14145126E-07 -0.99070536E-08 -0.68761708E-08 -0.47345484E-08 -0.32386879E-08 -0.22052969E-08 -0.14986886E-08 -0.10200242E-08 -0.69841397E-09 -0.48376519E-09 -0.34117842E-09 -0.24666259E-09 -0.18393045E-09 -0.14204945E-09 -0.11375902E-09 -0.94280160E-10 -0.80492554E-10 -0.70372910E-10 -0.62617374E-10 -0.56390798E-10 -0.51161969E-10 -0.46560195E-10 -0.42454574E-10 -0.38676993E-10 -0.35153134E-10 -0.31841748E-10 -0.28722088E-10 -0.25785605E-10 -0.23030461E-10 -0.20457911E-10 -0.18070484E-10 -0.15868316E-10 -0.13851765E-10
-0.13118827E-05 -0.10923967E-05 -0.89907681E-06 -0.73133844E-06 -0.58792642E-06 -0.46708162E-06 -0.36670400E-06 -0.28450267E-06 -0.21812640E-06 -0.16527050E-06 -0.12375848E-06 -0.91599107E-07 -0.67020790E-07 -0.48489875E-07 -0.34696177E-07 -0.24564726E-07 -0.17217875E-07 -0.11956548E-07 -0.82342729E-08 -0.56315245E-08 -0.38318009E-08 -0.26003150E-08 -0.17657071E-08 -0.12048543E-08 -0.83061319E-09 -0.58218458E-09 -0.41772209E-09 -0.30878801E-09 -0.23628305E-09 -0.18751368E-09 -0.15412596E-09 -0.13066573E-09 -0.11359787E-09 -0.10064548E-09 -0.90350905E-10 -0.81787129E-10 -0.74369650E-10 -0.67734512E-10 -0.61659411E-10 -0.55970944E-10 -0.50685118E-10 -0.45713523E-10 -0.41038844E-10 -0.36655738E-10 -0.32564639E-10 -0.28767744E-10 -0.25266501E-10 -0.22060135E-10
-0.21952140E-05 -0.18309618E-05 -0.15094704E-05 -0.12299378E-05 -0.99044173E-06 -0.78820724E-06 -0.61987142E-06 -0.48172974E-06 -0.36995193E-06 -0.28076103E-06 -0.21057202E-06 -0.15609017E-06 -0.11437223E-06 -0.82855444E-07 -0.59360287E-07 -0.42075858E-07 -0.29518924E-07 -0.20513051E-07 -0.14132845E-07 -0.96660779E-08 -0.65741447E-08 -0.44566037E-08 -0.30205813E-08 -0.20552405E-08 -0.14110933E-08 -0.98367941E-09 -0.70100300E-09 -0.51408184E-09 -0.38998828E-09 -0.30682850E-09 -0.25018405E-09 -0.21064384E-09 -0.18210864E-09 -0.16065159E-09 -0.14375971E-09 -0.12983507E-09 -0.11786968E-09 -0.10723483E-09 -0.97545069E-10 -0.88570312E-10 -0.80178862E-10 -0.72246368E-10 -0.64857226E-10 -0.57933548E-10 -0.51473522E-10 -0.45479045E-10 -0.39951452E-10 -0.34888982E-10
-0.36156578E-05 -0.30211202E-05 -0.24951871E-05 -0.20368493E-05 -0.16432564E-05 -0.13101378E-05 -0.10322243E-05 -0.80364397E-06 -0.61827426E-06 -0.47003711E-06 -0.35313014E-06 -0.26219407E-06 -0.19241982E-06 -0.13960277E-06 -0.10015352E-06 -0.71075379E-07 -0.49921432E-07 -0.34721274E-07 -0.23936534E-07 -0.16375836E-07 -0.11135928E-07 -0.75436500E-08 -0.51055686E-08 -0.34657282E-08 -0.23712684E-08 -0.16451899E-08 -0.11653168E-08 -0.84841920E-09 -0.63848788E-09 -0.49825120E-09 -0.40315541E-09 -0.33716423E-09 -0.28988842E-09 -0.25463969E-09 -0.22713900E-09 -0.20466570E-09 -0.18550288E-09 -0.16857820E-09 -0.15323218E-09 -0.13906877E-09 -0.12585876E-09 -0.11347702E-09 -0.10186156E-09 -0.90986616E-10 -0.80791557E-10 -0.71394702E-10 -0.62729809E-10 -0.54793286E-10
-0.58606721E-05 -0.49065406E-05 -0.40603981E-05 -0.33211531E-05 -0.26847387E-05 -0.21447589E-05 -0.16931466E-05 -0.13207890E-05 -0.10180913E-05 -0.77545402E-06 -0.58365383E-06 -0.43412406E-06 -0.31913895E-06 -0.23191323E-06 -0.16663039E-06 -0.11841570E-06 -0.83269722E-07 -0.57980439E-07 -0.40003231E-07 -0.27381267E-07 -0.18621858E-07 -0.12609700E-07 -0.85253075E-08 -0.57761974E-08 -0.39406262E-08 -0.27228275E-08 -0.19183055E-08 -0.13875492E-08 -0.10365615E-08 -0.80273147E-09 -0.64478376E-09 -0.53575004E-09 -0.45815545E-09 -0.40075064E-09 -0.35633931E-09 -0.32034608E-09 -0.28988252E-09 -0.26314246E-09 -0.23901224E-09 -0.21681966E-09 -0.19617211E-09 -0.17685165E-09 -0.15874674E-09 -0.14180754E-09 -0.12601676E-09 -0.11137077E-09 -0.97805140E-10 -0.85451194E-10
-0.93468877E-05 -0.78418877E-05 -0.65035239E-05 -0.53310056E-05 -0.43187961E-05 -0.34576075E-05 -0.27353969E-05 -0.21383363E-05 -0.16516971E-05 -0.12606120E-05 -0.95069053E-06 -0.70848171E-06 -0.52178707E-06 -0.37983946E-06 -0.27336664E-06 -0.19456503E-06 -0.13700727E-06 -0.95506983E-07 -0.65960361E-07 -0.45182914E-07 -0.30739369E-07 -0.20812730E-07 -0.14061446E-07 -0.95132792E-08 -0.64746387E-08 -0.44581368E-08 -0.31261767E-08 -0.22480756E-08 -0.16681949E-08 -0.12827484E-08 -0.10232549E-08 -0.84495213E-09 -0.71881392E-09 -0.62615864E-09 -0.55503374E-09 -0.49783924E-09 -0.44977552E-09 -0.40783822E-09 -0.37017069E-09 -0.33564754E-09 -0.30360636E-09 -0.27367442E-09 -0.24565606E-09 -0.21945917E-09 -0.19504736E-09 -0.17240893E-09 -0.15153723E-09 -0.13241877E-09
-0.14663623E-04 -0.12331333E-04 -0.10250887E-04 -0.84226224E-05 -0.68394920E-05 -0.54884974E-05 -0.43521505E-05 -0.34099704E-05 -0.26398402E-05 -0.20191995E-05 -0.15260255E-05 -0.11395845E-05 -0.84095505E-06 -0.61334184E-06 -0.44220807E-06 -0.31526296E-06 -0.22234017E-06 -0.15520386E-06 -0.10731343E-06 -0.73572738E-07 -0.50085787E-07 -0.33917016E-07 -0.22906324E-07 -0.15480888E-07 -0.10516017E-07 -0.72196759E-08 -0.50421730E-08 -0.36072411E-08 -0.26606313E-08 -0.20325820E-08 -0.16109642E-08 -0.13224264E-08 -0.11193882E-08 -0.97120366E-09 -0.85826946E-09 -0.76811700E-09 -0.69286872E-09 -0.62758897E-09 -0.56922161E-09 -0.51590738E-09 -0.46654485E-09 -0.42050720E-09 -0.37745861E-09 -0.33723480E-09 -0.29976517E-09 -0.26502253E-09 -0.23299108E-09 -0.20364703E-09
-0.22622997E-04 -0.19073790E-04 -0.15896869E-04 -0.13095442E-04 -0.10661394E-04 -0.85772909E-05 -0.68185517E-05 -0.53556505E-05 -0.41561430E-05 -0.31865278E-05 -0.24137762E-05 -0.18065336E-05 -0.13359818E-05 -0.97637861E-06 -0.70531806E-06 -0.50375866E-06 -0.35587638E-06 -0.24879712E-06 -0.17225596E-06 -0.11822546E-06 -0.80543876E-07 -0.54568349E-07 -0.36850754E-07 -0.24887776E-07 -0.16881238E-07 -0.11561878E-07 -0.80469337E-08 -0.57310016E-08 -0.42043151E-08 -0.31928799E-08 -0.25155043E-08 -0.20535464E-08 -0.17299908E-08 -0.14952204E-08 -0.13174704E-08 -0.11765399E-08 -0.10596582E-08 -0.95881660E-09 -0.86904751E-09 -0.78731922E-09 -0.71182577E-09 -0.64152958E-09 -0.57586557E-09 -0.51454889E-09 -0.45744986E-09 -0.40451317E-09 -0.35570645E-09 -0.31098886E-09
-0.34312626E-04 -0.29012024E-04 -0.24248855E-04 -0.20032427E-04 -0.16355009E-04 -0.13194566E-04 -0.10517827E-04 -0.82834487E-05 -0.64450638E-05 -0.49540739E-05 -0.37619813E-05 -0.28223080E-05 -0.20919837E-05 -0.15322603E-05 -0.11091972E-05 -0.79378599E-06 -0.56179542E-06 -0.39341823E-06 -0.27279298E-06 -0.18746616E-06 -0.12784323E-06 -0.86666069E-07 -0.58542442E-07 -0.39523694E-07 -0.26780427E-07 -0.18306828E-07 -0.12704703E-07 -0.90131910E-08 -0.65807470E-08 -0.49710127E-08 -0.38950361E-08 -0.31634051E-08 -0.26530590E-08 -0.22846601E-08 -0.20074052E-08 -0.17889540E-08 -0.16088605E-08 -0.14542892E-08 -0.13172660E-08 -0.11929106E-08 -0.10783018E-08 -0.97174786E-09 -0.87231483E-09 -0.77952062E-09 -0.69313634E-09 -0.61305784E-09 -0.53922393E-09 -0.47156618E-09
-0.51143422E-04 -0.43380041E-04 -0.36372686E-04 -0.30142506E-04 -0.24685488E-04 -0.19976049E-04 -0.15971219E-04 -0.12615110E-04 -0.98433332E-05 -0.75871017E-05 -0.57768411E-05 -0.43450778E-05 -0.32286965E-05 -0.23704504E-05 -0.17198348E-05 -0.12334086E-05 -0.87467716E-06 -0.61365317E-06 -0.42620968E-06 -0.29332098E-06 -0.20027046E-06 -0.13588427E-06 -0.91828808E-07 -0.61997654E-07 -0.41980135E-07 -0.28655696E-07 -0.19840157E-07 -0.14029197E-07 -0.10200740E-07 -0.76690737E-08 -0.59794431E-08 -0.48333712E-08 -0.40367385E-08 -0.34642936E-08 -0.30357809E-08 -0.27000821E-08 -0.24248592E-08 -0.21897926E-08 -0.19822396E-08 -0.17944432E-08 -0.16217413E-08 -0.14614149E-08 -0.13119460E-08 -0.11725358E-08 -0.10427929E-08 -0.92253105E-09 -0.81164067E-09 -0.71000951E-09
-0.74880115E-04 -0.63739081E-04 -0.53631423E-04 -0.44599812E-04 -0.36650555E-04 -0.29758002E-04 -0.23870054E-04 -0.18914278E-04 -0.14804155E-04 -0.11445039E-04 -0.87394892E-05 -0.65917384E-05 -0.49112025E-05 -0.36149199E-05 -0.26291067E-05 -0.18898419E-05 -0.13430811E-05 -0.94416159E-06 -0.65696164E-06 -0.45286182E-06 -0.30962877E-06 -0.21031406E-06 -0.14223096E-06 -0.96048212E-07 -0.65019761E-07 -0.44337540E-07 -0.30641411E-07 -0.21608186E-07 -0.15656057E-07 -0.11721772E-07 -0.90990213E-08 -0.73235614E-08 -0.60931043E-08 -0.52124151E-08 -0.45562891E-08 -0.40449438E-08 -0.36278408E-08 -0.32732114E-08 -0.29612576E-08 -0.26798042E-08 -0.24215064E-08 -0.21820552E-08 -0.19590216E-08 -0.17511075E-08 -0.15576606E-08 -0.13783607E-08 -0.12130192E-08 -0.10614555E-08
-0.10763617E-03 -0.91987686E-04 -0.77705984E-04 -0.64871012E-04 -0.53511293E-04 -0.43608927E-04 -0.35106464E-04 -0.27914999E-04 -0.21922761E-04 -0.17003585E-04 -0.13024687E-04 -0.98533724E-05 -0.73624077E-05 -0.54340217E-05 -0.39624449E-05 -0.28553042E-05 -0.20339372E-05 -0.14329199E-05 -0.99903610E-06 -0.68990297E-06 -0.47243976E-06 -0.32132038E-06 -0.21751247E-06 -0.14696655E-06 -0.99488339E-07 -0.67803840E-07 -0.46795357E-07 -0.32928444E-07 -0.23787874E-07 -0.17746861E-07 -0.13722780E-07 -0.11002920E-07 -0.91225796E-08 -0.77812886E-08 -0.67861690E-08 -0.60142051E-08 -0.53874308E-08 -0.48567536E-08 -0.43915556E-08 -0.39729635E-08 -0.35895537E-08 -0.32345897E-08 -0.29042422E-08 -0.25964386E-08 -0.23101166E-08 -0.20447419E-08 -0.18000004E-08 -0.15756062E-08
-0.15181131E-03 -0.13032571E-03 -0.11058168E-03 -0.92718186E-04 -0.76806125E-04 -0.62850328E-04 -0.50797558E-04 -0.40546763E-04 -0.31960547E-04 -0.24876905E-04 -0.19120361E-04 -0.14511842E-04 -0.10876839E-04 -0.80516486E-05 -0.58876556E-05 -0.42538521E-05 -0.30377449E-05 -0.21451090E-05 -0.14988126E-05 -0.10370754E-05 -0.71142846E-06 -0.48459121E-06 -0.32842859E-06 -0.22209112E-06 -0.15039648E-06 -0.10247304E-06 -0.70661762E-07 -0.49640744E-07 -0.35775851E-07 -0.26611081E-07 -0.20508749E-07 -0.16388872E-07 -0.13546225E-07 -0.11524225E-07 -0.10029459E-07 -0.88746062E-08 -0.79408211E-08 -0.71532169E-08 -0.64649865E-08 -0.58472401E-08 -0.52824337E-08 -0.47601738E-08 -0.42745107E-08 -0.38221884E-08 -0.34015115E-08 -0.30116117E-08 -0.26519789E-08 -0.23221689E-08
-0.20992922E-03 -0.18115202E-03 -0.15448287E-03 -0.13016070E-03 -0.10833501E-03 -0.89056560E-04 -0.72295472E-04 -0.57950505E-04 -0.45863828E-04 -0.35836865E-04 -0.27645893E-04 -0.21056314E-04 -0.15834833E-04 -0.11759086E-04 -0.86245706E-05 -0.62490123E-05 -0.44744835E-05 -0.31676006E-05 -0.22184087E-05 -0.15382826E-05 -0.10573001E-05 -0.72140735E-06 -0.48962295E-06 -0.33145108E-06 -0.22460058E-06 -0.15305411E-06 -0.10548867E-06 -0.74024652E-07 -0.53251778E-07 -0.39514840E-07 -0.30368955E-07 -0.24198796E-07 -0.19947811E-07 -0.16930973E-07 -0.14707510E-07 -0.12995702E-07 -0.11616618E-07 -0.10457379E-07 -0.94473289E-08 -0.85427735E-08 -0.77171041E-08 -0.69544920E-08 -0.62458195E-08 -0.55860512E-08 -0.49725305E-08 -0.44038774E-08 -0.38792827E-08 -0.33980663E-08
-0.28436614E-03 -0.24684509E-03 -0.21171888E-03 -0.17938075E-03 -0.15010030E-03 -0.12402102E-03 -0.10117347E-03 -0.81478103E-04 -0.64771685E-04 -0.50825440E-04 -0.39366382E-04 -0.30097562E-04 -0.22715895E-04 -0.16926745E-04 -0.12454884E-04 -0.90518469E-05 -0.65000037E-05 -0.46139098E-05 -0.32394376E-05 -0.22514991E-05 -0.15507925E-05 -0.10601271E-05 -0.72068968E-06 -0.48851817E-06 -0.33134747E-06 -0.22590748E-06 -0.15569268E-06 -0.10918224E-06 -0.78441624E-07 -0.58098915E-07 -0.44551893E-07 -0.35415754E-07 -0.29127829E-07 -0.24673337E-07 -0.21398400E-07 -0.18884560E-07 -0.16865717E-07 -0.15173771E-07 -0.13703393E-07 -0.12389261E-07 -0.11191527E-07 -0.10086390E-07 -0.90600640E-08 -0.81048766E-08 -0.72167351E-08 -0.63934898E-08 -0.56338826E-08 -0.49368887E-08
-0.37691097E-03 -0.32944197E-03 -0.28444141E-03 -0.24253029E-03 -0.20417505E-03 -0.16967777E-03 -0.13917638E-03 -0.11266627E-03 -0.90005911E-04 -0.70954993E-04 -0.55199015E-04 -0.42377396E-04 -0.32109101E-04 -0.24014314E-04 -0.17731378E-04 -0.12928785E-04 -0.93125199E-05 -0.66293714E-05 -0.46670237E-05 -0.32518226E-05 -0.22449518E-05 -0.15378580E-05 -0.10473864E-05 -0.71107909E-06 -0.48289629E-06 -0.32950205E-06 -0.22716630E-06 -0.15926711E-06 -0.11433926E-06 -0.84576244E-07 -0.64745303E-07 -0.51371049E-07 -0.42171754E-07 -0.35663100E-07 -0.30887177E-07 -0.27230083E-07 -0.24300904E-07 -0.21852359E-07 -0.19729247E-07 -0.17835187E-07 -0.16111172E-07 -0.14521871E-07 -0.13046716E-07 -0.11674178E-07 -0.10398052E-07 -0.92150509E-08 -0.81232546E-08 -0.71211404E-08
-0.48815188E-03 -0.43014226E-03 -0.37426236E-03 -0.32146106E-03 -0.27250378E-03 -0.22794656E-03 -0.18812793E-03 -0.15317723E-03 -0.12303507E-03 -0.97490313E-04 -0.76206900E-04 -0.58769732E-04 -0.44718164E-04 -0.33577608E-04 -0.24885143E-04 -0.18208494E-04 -0.13158552E-04 -0.93961120E-05 -0.66338350E-05 -0.46346191E-05 -0.32075345E-05 -0.22022565E-05 -0.15029634E-05 -0.10222073E-05 -0.69522500E-06 -0.47492592E-06 -0.32766087E-06 -0.22977840E-06 -0.16490992E-06 -0.12189136E-06 -0.93201865E-07 -0.73846134E-07 -0.60534933E-07 -0.51124506E-07 -0.44229003E-07 -0.38958882E-07 -0.34746871E-07 -0.31233593E-07 -0.28193130E-07 -0.25484914E-07 -0.23022683E-07 -0.20754616E-07 -0.18650414E-07 -0.16692993E-07 -0.14873087E-07 -0.13185750E-07 -0.11628105E-07 -0.10197919E-07
