Advanced/Day1/qtaim/urea/molecule/urea_mol_pl2d.SURFKKIN
DSAA
 161 161
-0.75589045E+01  0.75589045E+01  0.94486307E-01
-0.75589045E+01  0.75589045E+01  0.94486307E-01
 0.00000000E+00  0.00000000E+00
[rows 126 to 146 of 161, columns 0 to 47 of 161]
-0.76733017E-07 -0.10542919E-06 -0.14440423E-06 -0.19710500E-06 -0.26802283E-06 -0.36296264E-06 -0.48936346E-06 -0.65667853E-06 -0.87679037E-06 -0.11645114E-05 -0.15380997E-05 -0.20198173E-05 -0.26364925E-05 -0.34200597E-05 -0.44080373E-05 -0.56438800E-05 -0.71772468E-05 -0.90639826E-05 -0.11365939E-04 -0.14150854E-04 -0.17491810E-04 -0.21467285E-04 -0.26161715E-04 -0.31667312E-04 -0.38087940E-04 -0.45545970E-04 -0.54193093E-04 -0.64225849E-04 -0.75906124E-04 -0.89585898E-04 -0.10573411E-03 -0.12496501E-03 -0.14804454E-03 -0.17590553E-03 -0.20961593E-03 -0.25032284E-03 -0.29915369E-03 -0.35707405E-03 -0.42470719E-03 -0.50213074E-03 -0.58867665E-03 -0.68277191E-03 -0.78186323E-03 -0.88246810E-03 -0.98038167E-03 -0.10710441E-02 -0.11500385E-02 -0.12136526E-02
-0.65520622E-07 -0.90386316E-07 -0.12423598E-06 -0.17008860E-06 -0.23187411E-06 -0.31466578E-06 -0.42495583E-06 -0.57097676E-06 -0.76307819E-06 -0.10141097E-05 -0.13399012E-05 -0.17597134E-05 -0.22967157E-05 -0.29784381E-05 -0.38371685E-05 -0.49102442E-05 -0.62402603E-05 -0.78750407E-05 -0.98674723E-05 -0.12275297E-04 -0.15160640E-04 -0.18589879E-04 -0.22633857E-04 -0.27369070E-04 -0.32880347E-04 -0.39265829E-04 -0.46645000E-04 -0.55170435E-04 -0.65043568E-04 -0.76534069E-04 -0.90001412E-04 -0.10591582E-03 -0.12487701E-03 -0.14761030E-03 -0.17496591E-03 -0.20787511E-03 -0.24728483E-03 -0.29405850E-03 -0.34884760E-03 -0.41194378E-03 -0.48312929E-03 -0.56155080E-03 -0.64564618E-03 -0.73315340E-03 -0.82122286E-03 -0.90663882E-03 -0.98613346E-03 -0.10567532E-02
-0.56159331E-07 -0.77752192E-07 -0.10720332E-06 -0.14715691E-06 -0.20105154E-06 -0.27332078E-06 -0.36963032E-06 -0.49715350E-06 -0.66489235E-06 -0.88400646E-06 -0.11682170E-05 -0.15341891E-05 -0.20019337E-05 -0.25951851E-05 -0.33417303E-05 -0.42736576E-05 -0.54274678E-05 -0.68441289E-05 -0.85688393E-05 -0.10650735E-04 -0.13142603E-04 -0.16100453E-04 -0.19583565E-04 -0.23655131E-04 -0.28384006E-04 -0.33848179E-04 -0.40140571E-04 -0.47377713E-04 -0.55711622E-04 -0.65344698E-04 -0.76546700E-04 -0.89671886E-04 -0.10517319E-03 -0.12360926E-03 -0.14564298E-03 -0.17200635E-03 -0.20347260E-03 -0.24077833E-03 -0.28453504E-03 -0.33512239E-03 -0.39257678E-03 -0.45649221E-03 -0.52595336E-03 -0.59952118E-03 -0.67528655E-03 -0.75099792E-03 -0.82425494E-03 -0.89274478E-03
-0.48285014E-07 -0.67062298E-07 -0.92714174E-07 -0.12755545E-06 -0.17459340E-06 -0.23770085E-06 -0.32182029E-06 -0.43320018E-06 -0.57966858E-06 -0.77091572E-06 -0.10188340E-05 -0.13378428E-05 -0.17452261E-05 -0.22614481E-05 -0.29104262E-05 -0.37197327E-05 -0.47206796E-05 -0.59483407E-05 -0.74413304E-05 -0.92415365E-05 -0.11393697E-04 -0.13945118E-04 -0.16945350E-04 -0.20446499E-04 -0.24504269E-04 -0.29180247E-04 -0.34545949E-04 -0.40689055E-04 -0.47722159E-04 -0.55793972E-04 -0.65102430E-04 -0.75908385E-04 -0.88547733E-04 -0.10343894E-03 -0.12108227E-03 -0.14204968E-03 -0.16694686E-03 -0.19637967E-03 -0.23088363E-03 -0.27084921E-03 -0.31643952E-03 -0.36751338E-03 -0.42356717E-03 -0.48370953E-03 -0.54668037E-03 -0.61091978E-03 -0.67468377E-03 -0.73619414E-03
-0.41608610E-07 -0.57947375E-07 -0.80297050E-07 -0.11068211E-06 -0.15173015E-06 -0.20682125E-06 -0.28026366E-06 -0.37749659E-06 -0.50531961E-06 -0.67215524E-06 -0.88829603E-06 -0.11662201E-05 -0.15208554E-05 -0.19698483E-05 -0.25337892E-05 -0.32363771E-05 -0.41044834E-05 -0.51681493E-05 -0.64603848E-05 -0.80169015E-05 -0.98757204E-05 -0.12076755E-04 -0.14661448E-04 -0.17672857E-04 -0.21156005E-04 -0.25159387E-04 -0.29737644E-04 -0.34955897E-04 -0.40896026E-04 -0.47664912E-04 -0.55404330E-04 -0.64301646E-04 -0.74599826E-04 -0.86604638E-04 -0.10068638E-03 -0.11727323E-03 -0.13683362E-03 -0.15984906E-03 -0.18675987E-03 -0.21792588E-03 -0.25355752E-03 -0.29365910E-03 -0.33798026E-03 -0.38598758E-03 -0.43686448E-03 -0.48954456E-03 -0.54277791E-03 -0.59522382E-03
-0.35902936E-07 -0.50116739E-07 -0.69580025E-07 -0.96060698E-07 -0.13185133E-06 -0.17989805E-06 -0.24395176E-06 -0.32874218E-06 -0.44017427E-06 -0.58555099E-06 -0.77378725E-06 -0.10156728E-05 -0.13240980E-05 -0.17142783E-05 -0.22039425E-05 -0.28134664E-05 -0.35659301E-05 -0.44870577E-05 -0.56051188E-05 -0.69505878E-05 -0.85558076E-05 -0.10454549E-04 -0.12681611E-04 -0.15272568E-04 -0.18263980E-04 -0.21694050E-04 -0.25604396E-04 -0.30042895E-04 -0.35068071E-04 -0.40754999E-04 -0.47202602E-04 -0.54541802E-04 -0.62943535E-04 -0.72625158E-04 -0.83853354E-04 -0.96941411E-04 -0.11223885E-03 -0.13011195E-03 -0.15091469E-03 -0.17495445E-03 -0.20243751E-03 -0.23344018E-03 -0.26786056E-03 -0.30539345E-03 -0.34552102E-03 -0.38752547E-03 -0.43052472E-03 -0.47352794E-03
-0.30990902E-07 -0.43343329E-07 -0.60271836E-07 -0.83317157E-07 -0.11447572E-06 -0.15631083E-06 -0.21208273E-06 -0.28589811E-06 -0.38287830E-06 -0.50934408E-06 -0.67302340E-06 -0.88322608E-06 -0.11510819E-05 -0.14897068E-05 -0.19143649E-05 -0.24425785E-05 -0.30941715E-05 -0.38912140E-05 -0.48579164E-05 -0.60203323E-05 -0.74060318E-05 -0.90436704E-05 -0.10962555E-04 -0.13192294E-04 -0.15762665E-04 -0.18703975E-04 -0.22047943E-04 -0.25829571E-04 -0.30090056E-04 -0.34880887E-04 -0.40269138E-04 -0.46343454E-04 -0.53220325E-04 -0.61049478E-04 -0.70017134E-04 -0.80345577E-04 -0.92287521E-04 -0.10611405E-03 -0.12209558E-03 -0.14047628E-03 -0.16144361E-03 -0.18509588E-03 -0.21141616E-03 -0.24023322E-03 -0.27122957E-03 -0.30393022E-03 -0.33772284E-03 -0.37188974E-03
-0.26735243E-07 -0.37450664E-07 -0.52145363E-07 -0.72158710E-07 -0.99225077E-07 -0.13556963E-06 -0.18402020E-06 -0.24813566E-06 -0.33235001E-06 -0.44213050E-06 -0.58415309E-06 -0.76645631E-06 -0.99863716E-06 -0.12919954E-05 -0.16596693E-05 -0.21167269E-05 -0.26802004E-05 -0.33690458E-05 -0.42039939E-05 -0.52073814E-05 -0.64027560E-05 -0.78145146E-05 -0.94674540E-05 -0.11386362E-04 -0.13595742E-04 -0.16119803E-04 -0.18982931E-04 -0.22210713E-04 -0.25831816E-04 -0.29880741E-04 -0.34401477E-04 -0.39451878E-04 -0.45108368E-04 -0.51470306E-04 -0.58663096E-04 -0.66838983E-04 -0.76174367E-04 -0.86862675E-04 -0.99102371E-04 -0.11307977E-03 -0.12894810E-03 -0.14680420E-03 -0.16666562E-03 -0.18845095E-03 -0.21196707E-03 -0.23690952E-03 -0.26285293E-03 -0.28929097E-03
-0.23029792E-07 -0.32301735E-07 -0.45023536E-07 -0.62356036E-07 -0.85801627E-07 -0.11728669E-06 -0.15925776E-06 -0.21479166E-06 -0.28771905E-06 -0.38275968E-06 -0.50567115E-06 -0.66338380E-06 -0.86416318E-06 -0.11177353E-05 -0.14354014E-05 -0.18301148E-05 -0.23165097E-05 -0.29108645E-05 -0.36309888E-05 -0.44959932E-05 -0.55260863E-05 -0.67420984E-05 -0.81651179E-05 -0.98160499E-05 -0.11715254E-04 -0.13882347E-04 -0.16336306E-04 -0.19095999E-04 -0.22181273E-04 -0.25614721E-04 -0.29424143E-04 -0.33645615E-04 -0.38326933E-04 -0.43531004E-04 -0.49338577E-04 -0.55849554E-04 -0.63182073E-04 -0.71468603E-04 -0.80848553E-04 -0.91457264E-04 -0.10341184E-03 -0.11679487E-03 -0.13163759E-03 -0.14790468E-03 -0.16548270E-03 -0.18417416E-03 -0.20369861E-03 -0.22370116E-03
-0.19792219E-07 -0.27789764E-07 -0.38767615E-07 -0.53728420E-07 -0.73969316E-07 -0.10115277E-06 -0.13738910E-06 -0.18533098E-06 -0.24827922E-06 -0.33029865E-06 -0.43634131E-06 -0.57237997E-06 -0.74551272E-06 -0.96410293E-06 -0.12378615E-05 -0.15779162E-05 -0.19968364E-05 -0.25086021E-05 -0.31285072E-05 -0.38729666E-05 -0.47593151E-05 -0.58054104E-05 -0.70292778E-05 -0.84486814E-05 -0.10080727E-04 -0.11941556E-04 -0.14046229E-04 -0.16408900E-04 -0.19043390E-04 -0.21964212E-04 -0.25188193E-04 -0.28736525E-04 -0.32637217E-04 -0.36927638E-04 -0.41656759E-04 -0.46886584E-04 -0.52692201E-04 -0.59159866E-04 -0.66382723E-04 -0.74453940E-04 -0.83457451E-04 -0.93456875E-04 -0.10448360E-03 -0.11652535E-03 -0.12951677E-03 -0.14333329E-03 -0.15778961E-03 -0.17264316E-03
-0.16958134E-07 -0.23830708E-07 -0.33267660E-07 -0.46131675E-07 -0.63538521E-07 -0.86917790E-07 -0.11808364E-06 -0.15931569E-06 -0.21344967E-06 -0.28397656E-06 -0.37514812E-06 -0.49208526E-06 -0.64089455E-06 -0.82873799E-06 -0.10639522E-05 -0.13560856E-05 -0.17159257E-05 -0.21554742E-05 -0.26878662E-05 -0.33272220E-05 -0.40884027E-05 -0.49867933E-05 -0.60378588E-05 -0.72568022E-05 -0.86581545E-05 -0.10255419E-04 -0.12060831E-04 -0.14085298E-04 -0.16338626E-04 -0.18830073E-04 -0.21569334E-04 -0.24567803E-04 -0.27840353E-04 -0.31407113E-04 -0.35295237E-04 -0.39540232E-04 -0.44186471E-04 -0.49286461E-04 -0.54898545E-04 -0.61082821E-04 -0.67895310E-04 -0.75380659E-04 -0.83563975E-04 -0.92442604E-04 -0.10197886E-03 -0.11209469E-03 -0.12266916E-03 -0.13353929E-03
-0.14476422E-07 -0.20357308E-07 -0.28434986E-07 -0.39448585E-07 -0.54353941E-07 -0.74375554E-07 -0.10106708E-06 -0.13638052E-06 -0.18274372E-06 -0.24314523E-06 -0.32122463E-06 -0.42136551E-06 -0.54879337E-06 -0.70964244E-06 -0.91105071E-06 -0.11611981E-05 -0.14693309E-05 -0.18457434E-05 -0.23017118E-05 -0.28493708E-05 -0.35015276E-05 -0.42713788E-05 -0.51722996E-05 -0.62173653E-05 -0.74190426E-05 -0.87888098E-05 -0.10336852E-04 -0.12071874E-04 -0.14001098E-04 -0.16130495E-04 -0.18465311E-04 -0.21010912E-04 -0.23773795E-04 -0.26762987E-04 -0.29991286E-04 -0.33476412E-04 -0.37241667E-04 -0.41315870E-04 -0.45732266E-04 -0.50526261E-04 -0.55731909E-04 -0.61377297E-04 -0.67479152E-04 -0.74037158E-04 -0.81028659E-04 -0.88404393E-04 -0.96085934E-04 -0.10396529E-03
-0.12305620E-07 -0.17314507E-07 -0.24196345E-07 -0.33581524E-07 -0.46285251E-07 -0.63351861E-07 -0.86106416E-07 -0.11621374E-06 -0.15574461E-06 -0.20724823E-06 -0.27382959E-06 -0.35922917E-06 -0.46790177E-06 -0.60509859E-06 -0.77690488E-06 -0.99031718E-06 -0.12532462E-05 -0.15745091E-05 -0.19637763E-05 -0.24314706E-05 -0.29886122E-05 -0.36465877E-05 -0.44169396E-05 -0.53109833E-05 -0.63395021E-05 -0.75123875E-05 -0.88383169E-05 -0.10324499E-04 -0.11976540E-04 -0.13798467E-04 -0.15792968E-04 -0.17961845E-04 -0.20306696E-04 -0.22829817E-04 -0.25535006E-04 -0.28428638E-04 -0.31520231E-04 -0.34822707E-04 -0.38352024E-04 -0.42126035E-04 -0.46162506E-04 -0.50476339E-04 -0.55076155E-04 -0.59960548E-04 -0.65114400E-04 -0.70505717E-04 -0.76083440E-04 -0.81776611E-04
-0.10411207E-07 -0.14656001E-07 -0.20489569E-07 -0.28446949E-07 -0.39220125E-07 -0.53695677E-07 -0.72998667E-07 -0.98542882E-07 -0.13208721E-06 -0.17579748E-06 -0.23231259E-06 -0.30481281E-06 -0.39708770E-06 -0.51360507E-06 -0.65955072E-06 -0.84088884E-06 -0.10643717E-05 -0.13375355E-05 -0.16686599E-05 -0.20666864E-05 -0.25410911E-05 -0.31017086E-05 -0.37584829E-05 -0.45212667E-05 -0.53994307E-05 -0.64015907E-05 -0.75352827E-05 -0.88066842E-05 -0.10220411E-04 -0.11779421E-04 -0.13485064E-04 -0.15337297E-04 -0.17335076E-04 -0.19476898E-04 -0.21761458E-04 -0.24188365E-04 -0.26758562E-04 -0.29474921E-04 -0.32342111E-04 -0.35366169E-04 -0.38553482E-04 -0.41909228E-04 -0.45435329E-04 -0.49128095E-04 -0.52975801E-04 -0.56956478E-04 -0.61036238E-04 -0.65168404E-04
-0.87636143E-08 -0.12341744E-07 -0.17260412E-07 -0.23971415E-07 -0.33059196E-07 -0.45272739E-07 -0.61562749E-07 -0.83124283E-07 -0.11144464E-06 -0.14835600E-06 -0.19609182E-06 -0.25734533E-06 -0.33532799E-06 -0.43382468E-06 -0.55724883E-06 -0.71065931E-06 -0.89980603E-06 -0.11311136E-05 -0.14116541E-05 -0.17490835E-05 -0.21515380E-05 -0.26274893E-05 -0.31855572E-05 -0.38342531E-05 -0.45817998E-05 -0.54357428E-05 -0.64027182E-05 -0.74881652E-05 -0.86960931E-05 -0.10028924E-04 -0.11487427E-04 -0.13070783E-04 -0.14776777E-04 -0.16602117E-04 -0.18542868E-04 -0.20594932E-04 -0.22754528E-04 -0.25018567E-04 -0.27384927E-04 -0.29852067E-04 -0.32419005E-04 -0.35084277E-04 -0.37844862E-04 -0.40694795E-04 -0.43623661E-04 -0.46615151E-04 -0.49645888E-04 -0.52684700E-04
-0.73368314E-08 -0.10336188E-07 -0.14460359E-07 -0.20088810E-07 -0.27712576E-07 -0.37961142E-07 -0.51633847E-07 -0.69735908E-07 -0.93518975E-07 -0.12452580E-06 -0.16463821E-06 -0.21612712E-06 -0.28170269E-06 -0.36456226E-06 -0.46843273E-06 -0.59761219E-06 -0.75696474E-06 -0.95195377E-06 -0.11886024E-05 -0.14734478E-05 -0.18134597E-05 -0.22159221E-05 -0.26882795E-05 -0.32379456E-05 -0.38720511E-05 -0.45972883E-05 -0.54195357E-05 -0.63436684E-05 -0.73733103E-05 -0.85106454E-05 -0.97562994E-05 -0.11109302E-04 -0.12567155E-04 -0.14126002E-04 -0.15780892E-04 -0.17526112E-04 -0.19355555E-04 -0.21263053E-04 -0.23242630E-04 -0.25288611E-04 -0.27395599E-04 -0.29557862E-04 -0.31769183E-04 -0.34021860E-04 -0.36305910E-04 -0.38608185E-04 -0.40911619E-04 -0.43194703E-04
-0.61074612E-08 -0.86071162E-08 -0.12045161E-07 -0.16738545E-07 -0.23097569E-07 -0.31648455E-07 -0.43059737E-07 -0.58172590E-07 -0.78035044E-07 -0.10393975E-06 -0.13746467E-06 -0.18051570E-06 -0.23536962E-06 -0.30471555E-06 -0.39169214E-06 -0.49992246E-06 -0.63351867E-06 -0.79710496E-06 -0.99579272E-06 -0.12351455E-05 -0.15211146E-05 -0.18599456E-05 -0.22580520E-05 -0.27218589E-05 -0.32576170E-05 -0.38711604E-05 -0.45677809E-05 -0.53518727E-05 -0.62267856E-05 -0.71946162E-05 -0.82560616E-05 -0.94103311E-05 -0.10655134E-04 -0.11986749E-04 -0.13400171E-04 -0.14889332E-04 -0.16447361E-04 -0.18066866E-04 -0.19740181E-04 -0.21459551E-04 -0.23217208E-04 -0.25005310E-04 -0.26815737E-04 -0.28639751E-04 -0.30467679E-04 -0.32287991E-04 -0.34087478E-04 -0.35850535E-04
-0.50541145E-08 -0.71249018E-08 -0.99739317E-08 -0.13864425E-07 -0.19137288E-07 -0.26229971E-07 -0.35698548E-07 -0.48243138E-07 -0.64736638E-07 -0.86256528E-07 -0.11411927E-06 -0.14991645E-06 -0.19555150E-06 -0.25327540E-06 -0.32571919E-06 -0.41592090E-06 -0.52734956E-06 -0.66389440E-06 -0.82987807E-06 -0.10300166E-05 -0.12693725E-05 -0.15532808E-05 -0.18872482E-05 -0.22768249E-05 -0.27274524E-05 -0.32442869E-05 -0.38319758E-05 -0.44945591E-05 -0.52351424E-05 -0.60557898E-05 -0.69573515E-05 -0.79393553E-05 -0.89999456E-05 -0.10135890E-04 -0.11342649E-04 -0.12614509E-04 -0.13944762E-04 -0.15325921E-04 -0.16749942E-04 -0.18208423E-04 -0.19692749E-04 -0.21194178E-04 -0.22703823E-04 -0.24212558E-04 -0.25710849E-04 -0.27188536E-04 -0.28634616E-04 -0.30037065E-04
-0.41570473E-08 -0.58620749E-08 -0.82086323E-08 -0.11414035E-07 -0.15759887E-07 -0.21607759E-07 -0.29417563E-07 -0.39768762E-07 -0.53384385E-07 -0.71157697E-07 -0.94181135E-07 -0.12377686E-06 -0.16152799E-06 -0.20930922E-06 -0.26931513E-06 -0.34408416E-06 -0.43651586E-06 -0.54988516E-06 -0.68781803E-06 -0.85429714E-06 -0.10536098E-05 -0.12902931E-05 -0.15690544E-05 -0.18946681E-05 -0.22718509E-05 -0.27051172E-05 -0.31986183E-05 -0.37559393E-05 -0.43800276E-05 -0.50728983E-05 -0.58355610E-05 -0.66678828E-05 -0.75685113E-05 -0.85348374E-05 -0.95630161E-05 -0.10648037E-04 -0.11783845E-04 -0.12963492E-04 -0.14179322E-04 -0.15423153E-04 -0.16686442E-04 -0.17960427E-04 -0.19236209E-04 -0.20504793E-04 -0.21757071E-04 -0.22983769E-04 -0.24175373E-04 -0.25322067E-04
-0.33979643E-08 -0.47930994E-08 -0.67138133E-08 -0.93384445E-08 -0.12898229E-07 -0.17690256E-07 -0.24092691E-07 -0.32582369E-07 -0.43754774E-07 -0.58346284E-07 -0.77258398E-07 -0.10158344E-06 -0.13263099E-06 -0.17195401E-06 -0.22137338E-06 -0.28299903E-06 -0.35924602E-06 -0.45284295E-06 -0.56683792E-06 -0.70456291E-06 -0.86963395E-06 -0.10658903E-05 -0.12973353E-05 -0.15680546E-05 -0.18821152E-05 -0.22434477E-05 -0.26557127E-05 -0.31221580E-05 -0.36454401E-05 -0.42275733E-05 -0.48696734E-05 -0.55719116E-05 -0.63334091E-05 -0.71521868E-05 -0.80251476E-05 -0.89481086E-05 -0.99158718E-05 -0.10922333E-04 -0.11960621E-04 -0.13023248E-04 -0.14102274E-04 -0.15189453E-04 -0.16276360E-04 -0.17354496E-04 -0.18415349E-04 -0.19450439E-04 -0.20451329E-04 -0.21409642E-04
-0.27599261E-08 -0.38942783E-08 -0.54565242E-08 -0.75921205E-08 -0.10489790E-07 -0.14392170E-07 -0.19608352E-07 -0.26528398E-07 -0.35639865E-07 -0.47546276E-07 -0.62987280E-07 -0.82860172E-07 -0.10824214E-06 -0.14041243E-06 -0.18087345E-06 -0.23136932E-06 -0.29390046E-06 -0.37073241E-06 -0.46439676E-06 -0.57769000E-06 -0.71362945E-06 -0.87544950E-06 -0.10665354E-05 -0.12903627E-05 -0.15504164E-05 -0.18500961E-05 -0.21926064E-05 -0.25808383E-05 -0.30172445E-05 -0.35036867E-05 -0.40414014E-05 -0.46307827E-05 -0.52713570E-05 -0.59617086E-05 -0.66994443E-05 -0.74811981E-05 -0.83026683E-05 -0.91586883E-05 -0.10043328E-04 -0.10950015E-04 -0.11871672E-04 -0.12800859E-04 -0.13729902E-04 -0.14651023E-04 -0.15556440E-04 -0.16438450E-04 -0.17289500E-04 -0.18102238E-04
