Advanced/Day1/qtaim/urea/molecule/urea_mol_pl2d.SURFKKIN
DSAA
 161 161
-0.75589045E+01  0.75589045E+01  0.94486307E-01
-0.75589045E+01  0.75589045E+01  0.94486307E-01
 0.00000000E+00  0.00000000E+00
[rows 42 to 62 of 161, columns 0 to 47 of 161]
-0.24754674E-06 -0.30797345E-06 -0.38057175E-06 -0.46713310E-06 -0.56956067E-06 -0.68985953E-06 -0.83009633E-06 -0.99236884E-06 -0.11787682E-05 -0.13913392E-05 -0.16320400E-05 -0.19027057E-05 -0.22050166E-05 -0.25404777E-05 -0.29103814E-05 -0.33159174E-05 -0.37580799E-05 -0.42378062E-05 -0.47560619E-05 -0.53139864E-05 -0.59130976E-05 -0.65555728E-05 -0.72446329E-05 -0.79850737E-05 -0.87840069E-05 -0.96519135E-05 -0.10604159E-04 -0.11663250E-04 -0.12861926E-04 -0.14248131E-04 -0.15891896E-04 -0.17895546E-04 -0.20408303E-04 -0.23646910E-04 -0.27923807E-04 -0.33685182E-04 -0.41559593E-04 -0.52417784E-04 -0.67441773E-04 -0.88196923E-04 -0.11669289E-03 -0.15541823E-03 -0.20730883E-03 -0.27561536E-03 -0.36358350E-03 -0.47392516E-03 -0.60795075E-03 -0.76433544E-03
-0.30538792E-06 -0.37947211E-06 -0.46834248E-06 -0.57412127E-06 -0.69908089E-06 -0.84558759E-06 -0.10160722E-05 -0.12129895E-05 -0.14387737E-05 -0.16957925E-05 -0.19863029E-05 -0.23124119E-05 -0.26760471E-05 -0.30789017E-05 -0.35225635E-05 -0.40083762E-05 -0.45375920E-05 -0.51114378E-05 -0.57312471E-05 -0.63986415E-05 -0.71157751E-05 -0.78856597E-05 -0.87126012E-05 -0.96027904E-05 -0.10565119E-04 -0.11612329E-04 -0.12762692E-04 -0.14042350E-04 -0.15488883E-04 -0.17156529E-04 -0.19123748E-04 -0.21504327E-04 -0.24463043E-04 -0.28238103E-04 -0.33171481E-04 -0.39749462E-04 -0.48654467E-04 -0.60827969E-04 -0.77542848E-04 -0.10047397E-03 -0.13176019E-03 -0.17402603E-03 -0.23033155E-03 -0.30400525E-03 -0.39826223E-03 -0.51559482E-03 -0.65678371E-03 -0.81951349E-03
-0.37421068E-06 -0.46441212E-06 -0.57242678E-06 -0.70077592E-06 -0.85212970E-06 -0.10292586E-05 -0.12349939E-05 -0.14721790E-05 -0.17436179E-05 -0.20520239E-05 -0.23999722E-05 -0.27898348E-05 -0.32238400E-05 -0.37039575E-05 -0.42319800E-05 -0.48095579E-05 -0.54382813E-05 -0.61198047E-05 -0.68560168E-05 -0.76492652E-05 -0.85026454E-05 -0.94203736E-05 -0.10408271E-04 -0.11474408E-04 -0.12629978E-04 -0.13890549E-04 -0.15277748E-04 -0.16821958E-04 -0.18565925E-04 -0.20570508E-04 -0.22922587E-04 -0.25747139E-04 -0.29224033E-04 -0.33611787E-04 -0.39279988E-04 -0.46752196E-04 -0.56760351E-04 -0.70311300E-04 -0.88758314E-04 -0.11387584E-03 -0.14791426E-03 -0.19361239E-03 -0.25412598E-03 -0.33282586E-03 -0.43285330E-03 -0.55643203E-03 -0.70376113E-03 -0.87148673E-03
-0.45547760E-06 -0.56453064E-06 -0.69489794E-06 -0.84953026E-06 -0.10315406E-05 -0.12441418E-05 -0.14905987E-05 -0.17741712E-05 -0.20980561E-05 -0.24653314E-05 -0.28788776E-05 -0.33414409E-05 -0.38554943E-05 -0.44233211E-05 -0.50470431E-05 -0.57287028E-05 -0.64703860E-05 -0.72743930E-05 -0.81434595E-05 -0.90810316E-05 -0.10091606E-04 -0.11181149E-04 -0.12357621E-04 -0.13631653E-04 -0.15017462E-04 -0.16534146E-04 -0.18207402E-04 -0.20072373E-04 -0.22177452E-04 -0.24590073E-04 -0.27405530E-04 -0.30759327E-04 -0.34845110E-04 -0.39939724E-04 -0.46437334E-04 -0.54894288E-04 -0.66086689E-04 -0.81076512E-04 -0.10128816E-03 -0.12857943E-03 -0.16529293E-03 -0.21425724E-03 -0.27869392E-03 -0.36198175E-03 -0.46715070E-03 -0.59612011E-03 -0.74848012E-03 -0.91983053E-03
-0.55069283E-06 -0.68163024E-06 -0.83787720E-06 -0.10228605E-05 -0.12401757E-05 -0.14935125E-05 -0.17865981E-05 -0.21231322E-05 -0.25067225E-05 -0.29407938E-05 -0.34286508E-05 -0.39733174E-05 -0.45776225E-05 -0.52442220E-05 -0.59756829E-05 -0.67746151E-05 -0.76438516E-05 -0.85866824E-05 -0.96071400E-05 -0.10710337E-04 -0.11902860E-04 -0.13193226E-04 -0.14592434E-04 -0.16114650E-04 -0.17778133E-04 -0.19606393E-04 -0.21630192E-04 -0.23889992E-04 -0.26440121E-04 -0.29354824E-04 -0.32737112E-04 -0.36731834E-04 -0.41544360E-04 -0.47466743E-04 -0.54913280E-04 -0.64467015E-04 -0.76939644E-04 -0.93438156E-04 -0.11544324E-03 -0.14487831E-03 -0.18415602E-03 -0.23616811E-03 -0.30417651E-03 -0.39152210E-03 -0.50110842E-03 -0.63452597E-03 -0.79075635E-03 -0.96438916E-03
-0.66139661E-06 -0.81752853E-06 -0.10034915E-05 -0.12232294E-05 -0.14808561E-05 -0.17805681E-05 -0.21265782E-05 -0.25230429E-05 -0.29739596E-05 -0.34832233E-05 -0.40544507E-05 -0.46910608E-05 -0.53962948E-05 -0.61733032E-05 -0.70252902E-05 -0.79557154E-05 -0.89685562E-05 -0.10068626E-04 -0.11261944E-04 -0.12556143E-04 -0.13960917E-04 -0.15488509E-04 -0.17154252E-04 -0.18977214E-04 -0.20981058E-04 -0.23195132E-04 -0.25656080E-04 -0.28410733E-04 -0.31519689E-04 -0.35063657E-04 -0.39152400E-04 -0.43938157E-04 -0.49634926E-04 -0.56545472E-04 -0.65097861E-04 -0.75894651E-04 -0.89770530E-04 -0.10786546E-03 -0.13169897E-03 -0.16323933E-03 -0.20494456E-03 -0.25974173E-03 -0.33089969E-03 -0.42170565E-03 -0.53490672E-03 -0.67176445E-03 -0.83068327E-03 -0.10053239E-02
-0.78911740E-06 -0.97401859E-06 -0.11938208E-05 -0.14530218E-05 -0.17562849E-05 -0.21083364E-05 -0.25138917E-05 -0.29775401E-05 -0.35037922E-05 -0.40968906E-05 -0.47608820E-05 -0.54996330E-05 -0.63169217E-05 -0.72165962E-05 -0.82028079E-05 -0.92803147E-05 -0.10454857E-04 -0.11733588E-04 -0.13125549E-04 -0.14642161E-04 -0.16297721E-04 -0.18109890E-04 -0.20100183E-04 -0.22294524E-04 -0.24723867E-04 -0.27424947E-04 -0.30442043E-04 -0.33829116E-04 -0.37653371E-04 -0.42001407E-04 -0.46988102E-04 -0.52770162E-04 -0.59565756E-04 -0.67681960E-04 -0.77553319E-04 -0.89788862E-04 -0.10523541E-03 -0.12504780E-03 -0.15076464E-03 -0.18437538E-03 -0.22835664E-03 -0.28564359E-03 -0.35948124E-03 -0.45308201E-03 -0.56902528E-03 -0.70826562E-03 -0.86868874E-03 -0.10431525E-02
-0.93533556E-06 -0.11528205E-05 -0.14108389E-05 -0.17144742E-05 -0.20689629E-05 -0.24795780E-05 -0.29515124E-05 -0.34899079E-05 -0.40996600E-05 -0.47854727E-05 -0.55518698E-05 -0.64032880E-05 -0.73442516E-05 -0.83796369E-05 -0.95150341E-05 -0.10757196E-04 -0.12114567E-04 -0.13597867E-04 -0.15220692E-04 -0.17000101E-04 -0.18957149E-04 -0.21117327E-04 -0.23510921E-04 -0.26173463E-04 -0.29145499E-04 -0.32473822E-04 -0.36211979E-04 -0.40422255E-04 -0.45178649E-04 -0.50572641E-04 -0.56721747E-04 -0.63782947E-04 -0.71972403E-04 -0.81593147E-04 -0.93074780E-04 -0.10702005E-03 -0.12427018E-03 -0.14597496E-03 -0.17366849E-03 -0.20933681E-03 -0.25544263E-03 -0.31489810E-03 -0.39090353E-03 -0.48657755E-03 -0.60433570E-03 -0.74485946E-03 -0.90560641E-03 -0.10787992E-02
-0.11014398E-05 -0.13555286E-05 -0.16563506E-05 -0.20096000E-05 -0.24211031E-05 -0.28966562E-05 -0.34420407E-05 -0.40628232E-05 -0.47643893E-05 -0.55519447E-05 -0.64306061E-05 -0.74055886E-05 -0.84825039E-05 -0.96677799E-05 -0.10969206E-04 -0.12396585E-04 -0.13962471E-04 -0.15682948E-04 -0.17578391E-04 -0.19674147E-04 -0.22001072E-04 -0.24595935E-04 -0.27501302E-04 -0.30765646E-04 -0.34443102E-04 -0.38593238E-04 -0.43281273E-04 -0.48579160E-04 -0.54567715E-04 -0.61341692E-04 -0.69017683E-04 -0.77747130E-04 -0.87735601E-04 -0.99272132E-04 -0.11276499E-03 -0.12879485E-03 -0.14817591E-03 -0.17203104E-03 -0.20185825E-03 -0.23960732E-03 -0.28770231E-03 -0.34900072E-03 -0.42663090E-03 -0.52360793E-03 -0.64219673E-03 -0.78285961E-03 -0.94274190E-03 -0.11136353E-02
-0.12886807E-05 -0.15835560E-05 -0.19319267E-05 -0.23401151E-05 -0.28145169E-05 -0.33615514E-05 -0.39874669E-05 -0.46983480E-05 -0.55001022E-05 -0.63985418E-05 -0.73995769E-05 -0.85095412E-05 -0.97356718E-05 -0.11086754E-04 -0.12573921E-04 -0.14211583E-04 -0.16018449E-04 -0.18018549E-04 -0.20242189E-04 -0.22726712E-04 -0.25517073E-04 -0.28665647E-04 -0.32232355E-04 -0.36283529E-04 -0.40891159E-04 -0.46131592E-04 -0.52084628E-04 -0.58833416E-04 -0.66465354E-04 -0.75076061E-04 -0.84776271E-04 -0.95704064E-04 -0.10804351E-03 -0.12205448E-03 -0.13810713E-03 -0.15673953E-03 -0.17870955E-03 -0.20508044E-03 -0.23728942E-03 -0.27721399E-03 -0.32720124E-03 -0.39002370E-03 -0.46871437E-03 -0.56617845E-03 -0.68455290E-03 -0.82414993E-03 -0.98194072E-03 -0.11495206E-02
-0.14981231E-05 -0.18380791E-05 -0.22388400E-05 -0.27073664E-05 -0.32506325E-05 -0.38756470E-05 -0.45891787E-05 -0.53978523E-05 -0.63081888E-05 -0.73267919E-05 -0.84606917E-05 -0.97178759E-05 -0.11108030E-04 -0.12643497E-04 -0.14340425E-04 -0.16220082E-04 -0.18310230E-04 -0.20646463E-04 -0.23273371E-04 -0.26245454E-04 -0.29627145E-04 -0.33492983E-04 -0.37926237E-04 -0.43017507E-04 -0.48862359E-04 -0.55558768E-04 -0.63204605E-04 -0.71895862E-04 -0.81725850E-04 -0.92787605E-04 -0.10517934E-03 -0.11901522E-03 -0.13444510E-03 -0.15168109E-03 -0.17103109E-03 -0.19295920E-03 -0.21814341E-03 -0.24755115E-03 -0.28251643E-03 -0.32480615E-03 -0.37665122E-03 -0.44070479E-03 -0.51988078E-03 -0.61697124E-03 -0.73401473E-03 -0.87125398E-03 -0.10256409E-02 -0.11888306E-02
-0.17305991E-05 -0.21199837E-05 -0.25780059E-05 -0.31122218E-05 -0.37303069E-05 -0.44397471E-05 -0.52478963E-05 -0.61619955E-05 -0.71893414E-05 -0.83376314E-05 -0.96155287E-05 -0.11033487E-04 -0.12604855E-04 -0.14347269E-04 -0.16284280E-04 -0.18447154E-04 -0.20876716E-04 -0.23625060E-04 -0.26757020E-04 -0.30350671E-04 -0.34497779E-04 -0.39302704E-04 -0.44880292E-04 -0.51353123E-04 -0.58847432E-04 -0.67488615E-04 -0.77396570E-04 -0.88681695E-04 -0.10144183E-03 -0.11576260E-03 -0.13172091E-03 -0.14939399E-03 -0.16888214E-03 -0.19031915E-03 -0.21393044E-03 -0.24007329E-03 -0.26930417E-03 -0.30245449E-03 -0.34071016E-03 -0.38568122E-03 -0.43943778E-03 -0.50447515E-03 -0.58356234E-03 -0.67937527E-03 -0.79388699E-03 -0.92735801E-03 -0.10768854E-02 -0.12344531E-02
-0.19866636E-05 -0.24298162E-05 -0.29498926E-05 -0.35551690E-05 -0.42538494E-05 -0.50540227E-05 -0.59636610E-05 -0.69907578E-05 -0.81436540E-05 -0.94316134E-05 -0.10865704E-04 -0.12460033E-04 -0.14233353E-04 -0.16211034E-04 -0.18427322E-04 -0.20927777E-04 -0.23771677E-04 -0.27034250E-04 -0.30807938E-04 -0.35203481E-04 -0.40349252E-04 -0.46389261E-04 -0.53479977E-04 -0.61785302E-04 -0.71470399E-04 -0.82694580E-04 -0.95603860E-04 -0.11032409E-03 -0.12695506E-03 -0.14556816E-03 -0.16620716E-03 -0.18890205E-03 -0.21366583E-03 -0.24054348E-03 -0.26963666E-03 -0.30115872E-03 -0.33550094E-03 -0.37331059E-03 -0.41557420E-03 -0.46369250E-03 -0.51952432E-03 -0.58536337E-03 -0.66380363E-03 -0.75739891E-03 -0.86808811E-03 -0.99623669E-03 -0.11392523E-02 -0.12897177E-02
-0.22665548E-05 -0.27677127E-05 -0.33546027E-05 -0.40360812E-05 -0.48209779E-05 -0.57180052E-05 -0.67358625E-05 -0.78835236E-05 -0.91707923E-05 -0.10609205E-04 -0.12213354E-04 -0.14002677E-04 -0.16003748E-04 -0.18253001E-04 -0.20799813E-04 -0.23709716E-04 -0.27067485E-04 -0.30979887E-04 -0.35576830E-04 -0.41012412E-04 -0.47463242E-04 -0.55124998E-04 -0.64207305E-04 -0.74926111E-04 -0.87494531E-04 -0.10211241E-03 -0.11895537E-03 -0.13816439E-03 -0.15983645E-03 -0.18402229E-03 -0.21071366E-03 -0.23986480E-03 -0.27139306E-03 -0.30521064E-03 -0.34126005E-03 -0.37956748E-03 -0.42031085E-03 -0.46390105E-03 -0.51106988E-03 -0.56295224E-03 -0.62114069E-03 -0.68767863E-03 -0.76494901E-03 -0.85537086E-03 -0.96087260E-03 -0.10820029E-02 -0.12166348E-02 -0.13582064E-02
-0.25701616E-05 -0.31334625E-05 -0.37916842E-05 -0.45543134E-05 -0.54308157E-05 -0.64306101E-05 -0.75633074E-05 -0.88392171E-05 -0.10270227E-04 -0.11871162E-04 -0.13661699E-04 -0.15668914E-04 -0.17930449E-04 -0.20498225E-04 -0.23442533E-04 -0.26856201E-04 -0.30858584E-04 -0.35598085E-04 -0.41254426E-04 -0.48037983E-04 -0.56187272E-04 -0.65963295E-04 -0.77641727E-04 -0.91501874E-04 -0.10781367E-03 -0.12682305E-03 -0.14873675E-03 -0.17370759E-03 -0.20182504E-03 -0.23309329E-03 -0.26744456E-03 -0.30472886E-03 -0.34473216E-03 -0.38719895E-03 -0.43187109E-03 -0.47854226E-03 -0.52712858E-03 -0.57775353E-03 -0.63084132E-03 -0.68720706E-03 -0.74812363E-03 -0.81533415E-03 -0.89096977E-03 -0.97729212E-03 -0.10762278E-02 -0.11885662E-02 -0.13127741E-02 -0.14433694E-02
-0.28969651E-05 -0.35263626E-05 -0.42602117E-05 -0.51086753E-05 -0.60819132E-05 -0.71901927E-05 -0.84443250E-05 -0.98564804E-05 -0.11441516E-04 -0.13218944E-04 -0.15215648E-04 -0.17469400E-04 -0.20033163E-04 -0.22980034E-04 -0.26408563E-04 -0.30448151E-04 -0.35263241E-04 -0.41057212E-04 -0.48073337E-04 -0.56593491E-04 -0.66933237E-04 -0.79433830E-04 -0.94450136E-04 -0.11233544E-03 -0.13342354E-03 -0.15800896E-03 -0.18632662E-03 -0.21853663E-03 -0.25469267E-03 -0.29474639E-03 -0.33853233E-03 -0.38576624E-03 -0.43606224E-03 -0.48895573E-03 -0.54394479E-03 -0.60054793E-03 -0.65837870E-03 -0.71723487E-03 -0.77719663E-03 -0.83872321E-03 -0.90273051E-03 -0.97062212E-03 -0.10442339E-02 -0.11256500E-02 -0.12167676E-02 -0.13186416E-02 -0.14304119E-02 -0.15478396E-02
-0.32461412E-05 -0.39452828E-05 -0.47587673E-05 -0.56974509E-05 -0.67722922E-05 -0.79946302E-05 -0.93769023E-05 -0.10933880E-04 -0.12684601E-04 -0.14655140E-04 -0.16882363E-04 -0.19418685E-04 -0.22337792E-04 -0.25741069E-04 -0.29764490E-04 -0.34584683E-04 -0.40424805E-04 -0.47557640E-04 -0.56306131E-04 -0.67040180E-04 -0.80168707E-04 -0.96127708E-04 -0.11536316E-03 -0.13831016E-03 -0.16536890E-03 -0.19687864E-03 -0.23309606E-03 -0.27415532E-03 -0.32006460E-03 -0.37067800E-03 -0.42569245E-03 -0.48464184E-03 -0.54691862E-03 -0.61180066E-03 -0.67849963E-03 -0.74622648E-03 -0.81427309E-03 -0.88210657E-03 -0.94946967E-03 -0.10164780E-02 -0.10836997E-02 -0.11521968E-02 -0.12234949E-02 -0.12994480E-02 -0.13818919E-02 -0.14721036E-02 -0.15698909E-02 -0.16723189E-02
-0.36164023E-05 -0.43886542E-05 -0.52854583E-05 -0.63184363E-05 -0.74995109E-05 -0.88414236E-05 -0.10358834E-04 -0.12070120E-04 -0.14000095E-04 -0.16183828E-04 -0.18671697E-04 -0.21535707E-04 -0.24876918E-04 -0.28833752E-04 -0.33590042E-04 -0.39383124E-04 -0.46509534E-04 -0.55328072E-04 -0.66258773E-04 -0.79776524E-04 -0.96399452E-04 -0.11667091E-03 -0.14113608E-03 -0.17031374E-03 -0.20466456E-03 -0.24456233E-03 -0.29024533E-03 -0.34180421E-03 -0.39914306E-03 -0.46196537E-03 -0.52975989E-03 -0.60181073E-03 -0.67721809E-03 -0.75494211E-03 -0.83386717E-03 -0.91288480E-03 -0.99098989E-03 -0.10673821E-02 -0.11415630E-02 -0.12134202E-02 -0.12832876E-02 -0.13519719E-02 -0.14207262E-02 -0.14911493E-02 -0.15649294E-02 -0.16434346E-02 -0.17269990E-02 -0.18138818E-02
-0.40060967E-05 -0.48544864E-05 -0.58379493E-05 -0.69689906E-05 -0.82607418E-05 -0.97278078E-05 -0.11387871E-04 -0.13264226E-04 -0.15389506E-04 -0.17810819E-04 -0.20596419E-04 -0.23843907E-04 -0.27689694E-04 -0.32319369E-04 -0.37977285E-04 -0.44976010E-04 -0.53702069E-04 -0.64617942E-04 -0.78258429E-04 -0.95219900E-04 -0.11614277E-03 -0.14168592E-03 -0.17249467E-03 -0.20916303E-03 -0.25219706E-03 -0.30195710E-03 -0.35863402E-03 -0.42219980E-03 -0.49237664E-03 -0.56861959E-03 -0.65010429E-03 -0.73574951E-03 -0.82425707E-03 -0.91418519E-03 -0.10040492E-02 -0.10924424E-02 -0.11781634E-02 -0.12603310E-02 -0.13384689E-02 -0.14125491E-02 -0.14829888E-02 -0.15506082E-02 -0.16165542E-02 -0.16821965E-02 -0.17489446E-02 -0.18179895E-02 -0.18898290E-02 -0.19635274E-02
-0.44132047E-05 -0.53403956E-05 -0.64135056E-05 -0.76460977E-05 -0.90528539E-05 -0.10650856E-04 -0.12461842E-04 -0.14515678E-04 -0.16855346E-04 -0.19543700E-04 -0.22672099E-04 -0.26370839E-04 -0.30821075E-04 -0.36266828E-04 -0.43027307E-04 -0.51506262E-04 -0.62197710E-04 -0.75685699E-04 -0.92636556E-04 -0.11378182E-03 -0.13989247E-03 -0.17174320E-03 -0.21006882E-03 -0.25551872E-03 -0.30858918E-03 -0.36958515E-03 -0.43855650E-03 -0.51525161E-03 -0.59907780E-03 -0.68908314E-03 -0.78395176E-03 -0.88205026E-03 -0.98150707E-03 -0.10803452E-02 -0.11766575E-02 -0.12688063E-02 -0.13556153E-02 -0.14365149E-02 -0.15116012E-02 -0.15815910E-02 -0.16476713E-02 -0.17112831E-02 -0.17738875E-02 -0.18367662E-02 -0.19008929E-02 -0.19667927E-02 -0.20344214E-02 -0.21028119E-02
-0.48353641E-05 -0.58436415E-05 -0.70090421E-05 -0.83464300E-05 -0.98724894E-05 -0.11607562E-04 -0.13578732E-04 -0.15824453E-04 -0.18401091E-04 -0.21391626E-04 -0.24916611E-04 -0.29147271E-04 -0.34319590E-04 -0.40749406E-04 -0.48845567E-04 -0.59119952E-04 -0.72191706E-04 -0.88783431E-04 -0.10970690E-03 -0.13583782E-03 -0.16807797E-03 -0.20730623E-03 -0.25432363E-03 -0.30977496E-03 -0.37409298E-03 -0.44741739E-03 -0.52952644E-03 -0.61977288E-03 -0.71703795E-03 -0.81970177E-03 -0.92566742E-03 -0.10324372E-02 -0.11372709E-02 -0.12374295E-02 -0.13304934E-02 -0.14147161E-02 -0.14893478E-02 -0.15548454E-02 -0.16128926E-02 -0.16661845E-02 -0.17179886E-02 -0.17715617E-02 -0.18295551E-02 -0.18935568E-02 -0.19638894E-02 -0.20396526E-02 -0.21190031E-02 -0.21994008E-02
