Advanced/Day1/qtaim/urea/molecule/urea_mol_pl2d.SURFKKIN
DSAA
 161 161
-0.75589045E+01  0.75589045E+01  0.94486307E-01
-0.75589045E+01  0.75589045E+01  0.94486307E-01
 0.00000000E+00  0.00000000E+00
[rows 105 to 125 of 161, columns 0 to 47 of 161]
-0.26827454E-05 -0.34130559E-05 -0.43345185E-05 -0.54972717E-05 -0.69648692E-05 -0.88176760E-05 -0.11156866E-04 -0.14109245E-04 -0.17832282E-04 -0.22519752E-04 -0.28407163E-04 -0.35776468E-04 -0.44959066E-04 -0.56335526E-04 -0.70330496E-04 -0.87401714E-04 -0.10801200E-03 -0.13259925E-03 -0.16152027E-03 -0.19498055E-03 -0.23294512E-03 -0.27503529E-03 -0.32042185E-03 -0.36773479E-03 -0.41502092E-03 -0.45979841E-03 -0.49926746E-03 -0.53075023E-03 -0.55242843E-03 -0.56442287E-03 -0.57019979E-03 -0.57818513E-03 -0.60331413E-03 -0.66804545E-03 -0.80213675E-03 -0.10402704E-02 -0.14163532E-02 -0.19532062E-02 -0.26462486E-02 -0.34398508E-02 -0.41955530E-02 -0.46528490E-02 -0.43867744E-02 -0.27740273E-02 0.10075812E-02 0.79044262E-02 0.18789032E-01 0.34135561E-01
-0.23448385E-05 -0.29897912E-05 -0.38059203E-05 -0.48388458E-05 -0.61465022E-05 -0.78023141E-05 -0.98988893E-05 -0.12552461E-04 -0.15907563E-04 -0.20142230E-04 -0.25473039E-04 -0.32159491E-04 -0.40506872E-04 -0.50866182E-04 -0.63629767E-04 -0.79219990E-04 -0.98072486E-04 -0.12059489E-03 -0.14713208E-03 -0.17789808E-03 -0.21290022E-03 -0.25185042E-03 -0.29407426E-03 -0.33843493E-03 -0.38329964E-03 -0.42658660E-03 -0.46594501E-03 -0.49912266E-03 -0.52457622E-03 -0.54235433E-03 -0.55523297E-03 -0.56999352E-03 -0.59860285E-03 -0.65888231E-03 -0.77405035E-03 -0.97030502E-03 -0.12714443E-02 -0.16893028E-02 -0.22088066E-02 -0.27665793E-02 -0.32226522E-02 -0.33265415E-02 -0.26828888E-02 -0.73003232E-03 0.32404462E-02 0.99773597E-02 0.20032158E-01 0.33422809E-01
-0.20368937E-05 -0.26030379E-05 -0.33215889E-05 -0.42337659E-05 -0.53921139E-05 -0.68633461E-05 -0.87317964E-05 -0.11103509E-04 -0.14110587E-04 -0.17916031E-04 -0.22718461E-04 -0.28756297E-04 -0.36310626E-04 -0.45705494E-04 -0.57304448E-04 -0.71501185E-04 -0.88704383E-04 -0.10930429E-03 -0.13364075E-03 -0.16194608E-03 -0.19428035E-03 -0.23045646E-03 -0.26996439E-03 -0.31190921E-03 -0.35498630E-03 -0.39752602E-03 -0.43764778E-03 -0.47357062E-03 -0.50411663E-03 -0.52942712E-03 -0.55186269E-03 -0.57698134E-03 -0.61437532E-03 -0.67799698E-03 -0.78542616E-03 -0.95533713E-03 -0.12022645E-02 -0.15275952E-02 -0.19057481E-02 -0.22647127E-02 -0.24608525E-02 -0.22497592E-02 -0.12592311E-02 0.10204533E-02 0.51977620E-02 0.11843523E-01 0.21219433E-01 0.32950203E-01
-0.17587569E-05 -0.22528441E-05 -0.28818484E-05 -0.36828421E-05 -0.47031632E-05 -0.60031326E-05 -0.76591657E-05 -0.97674462E-05 -0.12448235E-04 -0.15850103E-04 -0.20154523E-04 -0.25579869E-04 -0.32384356E-04 -0.40866772E-04 -0.51364013E-04 -0.64243562E-04 -0.79890556E-04 -0.98680877E-04 -0.12095294E-03 -0.14696048E-03 -0.17681835E-03 -0.21044061E-03 -0.24747890E-03 -0.28727402E-03 -0.32884035E-03 -0.37090982E-03 -0.41206841E-03 -0.45101834E-03 -0.48699613E-03 -0.52034930E-03 -0.55323845E-03 -0.59035922E-03 -0.63947982E-03 -0.71145951E-03 -0.81925736E-03 -0.97527450E-03 -0.11862149E-02 -0.14445738E-02 -0.17158346E-02 -0.19207964E-02 -0.19132552E-02 -0.14552327E-02 -0.19653818E-03 0.23248261E-02 0.66278664E-02 0.13128848E-01 0.21848623E-01 0.32111380E-01
-0.15097527E-05 -0.19385712E-05 -0.24861871E-05 -0.31857510E-05 -0.40797154E-05 -0.52222986E-05 -0.66823607E-05 -0.85467785E-05 -0.10924403E-04 -0.13950038E-04 -0.17788748E-04 -0.22639729E-04 -0.28739318E-04 -0.36362167E-04 -0.45819734E-04 -0.57454491E-04 -0.71628279E-04 -0.88706066E-04 -0.10902166E-03 -0.13284949E-03 -0.16035508E-03 -0.19154599E-03 -0.22622320E-03 -0.26394524E-03 -0.30402158E-03 -0.34555760E-03 -0.38757713E-03 -0.42924859E-03 -0.47023122E-03 -0.51114091E-03 -0.55409026E-03 -0.60320149E-03 -0.66489988E-03 -0.74768308E-03 -0.86092676E-03 -0.10121455E-02 -0.12020009E-02 -0.14162757E-02 -0.16141207E-02 -0.17121401E-02 -0.15648165E-02 -0.94376384E-03 0.47707220E-03 0.31131953E-02 0.74040519E-02 0.13640493E-01 0.21666108E-01 0.30609580E-01
-0.12887614E-05 -0.16589993E-05 -0.21333228E-05 -0.27412260E-05 -0.35205887E-05 -0.45198861E-05 -0.58008622E-05 -0.74416163E-05 -0.95400670E-05 -0.12218016E-04 -0.15624827E-04 -0.19941331E-04 -0.25382847E-04 -0.32200723E-04 -0.40681700E-04 -0.51143670E-04 -0.63926600E-04 -0.79379169E-04 -0.97832243E-04 -0.11957473E-03 -0.14481461E-03 -0.17364012E-03 -0.20598271E-03 -0.24159235E-03 -0.28003921E-03 -0.32076023E-03 -0.36317124E-03 -0.40686358E-03 -0.45189537E-03 -0.49916743E-03 -0.55083567E-03 -0.61066304E-03 -0.68412687E-03 -0.77800860E-03 -0.89907338E-03 -0.10513303E-02 -0.12312652E-02 -0.14203951E-02 -0.15746057E-02 -0.16100212E-02 -0.13861134E-02 -0.68857882E-03 0.78090461E-03 0.33914923E-02 0.75135352E-02 0.13345580E-01 0.20624652E-01 0.28386135E-01
-0.10943022E-05 -0.14124288E-05 -0.18213405E-05 -0.23471567E-05 -0.30235106E-05 -0.38935551E-05 -0.50123550E-05 -0.64497481E-05 -0.82934809E-05 -0.10652933E-04 -0.13662602E-04 -0.17485793E-04 -0.22317644E-04 -0.28386970E-04 -0.35956325E-04 -0.45319127E-04 -0.56792792E-04 -0.70707084E-04 -0.87388894E-04 -0.10713222E-03 -0.13017814E-03 -0.15667991E-03 -0.18667695E-03 -0.22007969E-03 -0.25667844E-03 -0.29619148E-03 -0.33836884E-03 -0.38316554E-03 -0.43098878E-03 -0.48300392E-03 -0.54145178E-03 -0.60987808E-03 -0.69311479E-03 -0.79675929E-03 -0.92581057E-03 -0.10820211E-02 -0.12594512E-02 -0.14377014E-02 -0.15724079E-02 -0.15829576E-02 -0.13381281E-02 -0.64224817E-03 0.77166305E-03 0.32266230E-02 0.70344637E-02 0.12334317E-01 0.18824884E-01 0.25540559E-01
-0.92461815E-06 -0.11967866E-05 -0.15478240E-05 -0.20007644E-05 -0.25853422E-05 -0.33397962E-05 -0.43130286E-05 -0.55671702E-05 -0.71804810E-05 -0.92506891E-05 -0.11898276E-04 -0.15269929E-04 -0.19541516E-04 -0.24920130E-04 -0.31644709E-04 -0.39984254E-04 -0.50232944E-04 -0.62701072E-04 -0.77703128E-04 -0.95535510E-04 -0.11645999E-03 -0.14067831E-03 -0.16831419E-03 -0.19940601E-03 -0.23392143E-03 -0.27180641E-03 -0.31308184E-03 -0.35799764E-03 -0.40724494E-03 -0.46220857E-03 -0.52521268E-03 -0.59966881E-03 -0.68997545E-03 -0.80095354E-03 -0.93651339E-03 -0.10971834E-02 -0.12760755E-02 -0.14528739E-02 -0.15855622E-02 -0.15999365E-02 -0.13777036E-02 -0.74544428E-03 0.52985427E-03 0.27258836E-02 0.61054753E-02 0.10776071E-01 0.16454764E-01 0.22254733E-01
-0.77775890E-06 -0.10097310E-05 -0.13099871E-05 -0.16987662E-05 -0.22022558E-05 -0.28542048E-05 -0.36978559E-05 -0.47882569E-05 -0.61948945E-05 -0.80045905E-05 -0.10324808E-04 -0.13286578E-04 -0.17047507E-04 -0.21793907E-04 -0.27741816E-04 -0.35136108E-04 -0.44247106E-04 -0.55363872E-04 -0.68784086E-04 -0.84802310E-04 -0.10368787E-03 -0.12567600E-03 -0.15095178E-03 -0.17964999E-03 -0.21187379E-03 -0.24774387E-03 -0.28748836E-03 -0.33158076E-03 -0.38092390E-03 -0.43706156E-03 -0.50237273E-03 -0.58016592E-03 -0.67454145E-03 -0.78982865E-03 -0.92934760E-03 -0.10931791E-02 -0.12746051E-02 -0.14549030E-02 -0.15963129E-02 -0.16333071E-02 -0.14629165E-02 -0.93613415E-03 0.14500275E-03 0.20144667E-02 0.48935395E-02 0.88769178E-02 0.13738328E-01 0.18731610E-01
-0.65165867E-06 -0.84875115E-06 -0.11048005E-05 -0.14375349E-05 -0.18699425E-05 -0.24317056E-05 -0.31609200E-05 -0.41061604E-05 -0.53288424E-05 -0.69058327E-05 -0.89324344E-05 -0.11525121E-04 -0.14824358E-04 -0.18996764E-04 -0.24236397E-04 -0.30764540E-04 -0.38827498E-04 -0.48691769E-04 -0.60636589E-04 -0.74943663E-04 -0.91888237E-04 -0.11171962E-03 -0.13466473E-03 -0.16092581E-03 -0.19070304E-03 -0.22424263E-03 -0.26192021E-03 -0.30436437E-03 -0.35261754E-03 -0.40831594E-03 -0.47384774E-03 -0.55241589E-03 -0.64789093E-03 -0.76429036E-03 -0.90467276E-03 -0.10691901E-02 -0.12520356E-02 -0.14370490E-02 -0.15918831E-02 -0.16609066E-02 -0.15575389E-02 -0.11576689E-02 -0.29775309E-03 0.12149291E-02 0.35652719E-02 0.68443858E-02 0.10899268E-01 0.15159643E-01
-0.54420655E-06 -0.71125824E-06 -0.92910861E-06 -0.12132481E-05 -0.15838016E-05 -0.20667978E-05 -0.26956904E-05 -0.35131924E-05 -0.45733774E-05 -0.59440536E-05 -0.77092711E-05 -0.99721548E-05 -0.12857208E-04 -0.16512581E-04 -0.21111484E-04 -0.26852448E-04 -0.33958026E-04 -0.42671441E-04 -0.53251215E-04 -0.65963754E-04 -0.81076697E-04 -0.98846813E-04 -0.11952316E-03 -0.14335030E-03 -0.17059172E-03 -0.20157585E-03 -0.23677262E-03 -0.27690409E-03 -0.32308555E-03 -0.37698072E-03 -0.44093439E-03 -0.51801921E-03 -0.61189883E-03 -0.72637101E-03 -0.86441657E-03 -0.10265519E-02 -0.12082768E-02 -0.13964599E-02 -0.15646132E-02 -0.16672585E-02 -0.16339940E-02 -0.13645821E-02 -0.72768203E-03 0.43153698E-03 0.22650769E-02 0.48616063E-02 0.81384508E-02 0.11704191E-01
-0.45330497E-06 -0.59466477E-06 -0.77973274E-06 -0.10220214E-05 -0.13391117E-05 -0.17537739E-05 -0.22953065E-05 -0.30011562E-05 -0.39187749E-05 -0.51077269E-05 -0.66419406E-05 -0.86122220E-05 -0.11128419E-04 -0.14321553E-04 -0.18345295E-04 -0.23376545E-04 -0.29614785E-04 -0.37279905E-04 -0.46608310E-04 -0.57847818E-04 -0.71251888E-04 -0.87077396E-04 -0.10557814E-03 -0.12702121E-03 -0.15170520E-03 -0.18000438E-03 -0.21243812E-03 -0.24976941E-03 -0.29312879E-03 -0.34414930E-03 -0.40508092E-03 -0.47883092E-03 -0.56884848E-03 -0.67874202E-03 -0.81148884E-03 -0.96807873E-03 -0.11454373E-02 -0.13335173E-02 -0.15115602E-02 -0.16437212E-02 -0.16745790E-02 -0.15255532E-02 -0.10940916E-02 -0.25904156E-03 0.11015766E-02 0.30706346E-02 0.56199014E-02 0.85115113E-02
-0.37693225E-06 -0.49644895E-06 -0.65355884E-06 -0.86002300E-06 -0.11311793E-05 -0.14869110E-05 -0.19528231E-05 -0.25616646E-05 -0.33549605E-05 -0.43848687E-05 -0.57162115E-05 -0.74285477E-05 -0.96184534E-05 -0.12401207E-04 -0.15912373E-04 -0.20308578E-04 -0.25767307E-04 -0.32485540E-04 -0.40677090E-04 -0.50569096E-04 -0.62398217E-04 -0.76408263E-04 -0.92854520E-04 -0.11200500E-03 -0.13417225E-03 -0.15974726E-03 -0.18926288E-03 -0.22348076E-03 -0.26350003E-03 -0.31087507E-03 -0.36771628E-03 -0.43672929E-03 -0.52112576E-03 -0.62431593E-03 -0.74927193E-03 -0.89744003E-03 -0.10670885E-02 -0.12510199E-02 -0.14336715E-02 -0.15877831E-02 -0.16710690E-02 -0.16236616E-02 -0.13676218E-02 -0.81066046E-03 0.14231185E-03 0.15641394E-02 0.34606820E-02 0.57067728E-02
-0.31316260E-06 -0.41422013E-06 -0.54760579E-06 -0.72356737E-06 -0.95546185E-06 -0.12606321E-05 -0.16614197E-05 -0.21864104E-05 -0.28718600E-05 -0.37633211E-05 -0.49174275E-05 -0.64037781E-05 -0.83067416E-05 -0.10727429E-04 -0.13784812E-04 -0.17616744E-04 -0.22380061E-04 -0.28249781E-04 -0.35417322E-04 -0.44088157E-04 -0.54479399E-04 -0.66818817E-04 -0.81348960E-04 -0.98332110E-04 -0.11807603E-03 -0.14096635E-03 -0.16752212E-03 -0.19847180E-03 -0.23484794E-03 -0.27809002E-03 -0.33013418E-03 -0.39345343E-03 -0.47099478E-03 -0.56594180E-03 -0.68121626E-03 -0.81862642E-03 -0.97758036E-03 -0.11533207E-02 -0.13347147E-02 -0.15017614E-02 -0.16231582E-02 -0.16545133E-02 -0.15380805E-02 -0.12053333E-02 -0.58436627E-03 0.38493861E-03 0.17245860E-02 0.33803306E-02
-0.26021151E-06 -0.34573829E-06 -0.45909103E-06 -0.60918487E-06 -0.80766395E-06 -0.10696300E-05 -0.14145689E-05 -0.18673870E-05 -0.24596879E-05 -0.32311710E-05 -0.42311931E-05 -0.55204186E-05 -0.71724339E-05 -0.92754540E-05 -0.11933447E-04 -0.15267127E-04 -0.19414243E-04 -0.24529114E-04 -0.30781590E-04 -0.38355367E-04 -0.47446628E-04 -0.58263857E-04 -0.71030889E-04 -0.85997576E-04 -0.10345265E-03 -0.12376153E-03 -0.14741022E-03 -0.17507180E-03 -0.20768816E-03 -0.24655955E-03 -0.29342458E-03 -0.35050184E-03 -0.42045057E-03 -0.50619433E-03 -0.61054136E-03 -0.73553221E-03 -0.88145663E-03 -0.10455138E-02 -0.12201535E-02 -0.13912327E-02 -0.15362581E-02 -0.16231450E-02 -0.16100938E-02 -0.14473886E-02 -0.10821573E-02 -0.46747715E-03 0.42265474E-03 0.15720128E-02
-0.21645070E-06 -0.28895761E-06 -0.38544818E-06 -0.51368439E-06 -0.68380529E-06 -0.90897616E-06 -0.12061637E-05 -0.15970592E-05 -0.21091733E-05 -0.27770489E-05 -0.36436156E-05 -0.47616247E-05 -0.61951050E-05 -0.80206797E-05 -0.10328948E-04 -0.13225095E-04 -0.16829424E-04 -0.21277172E-04 -0.26717768E-04 -0.33313807E-04 -0.41240226E-04 -0.50684599E-04 -0.61850210E-04 -0.74964077E-04 -0.90294812E-04 -0.10817338E-03 -0.12904141E-03 -0.15350288E-03 -0.18239492E-03 -0.21686518E-03 -0.25844293E-03 -0.30908131E-03 -0.37113729E-03 -0.44724618E-03 -0.54003981E-03 -0.65165701E-03 -0.78300494E-03 -0.93275683E-03 -0.10961209E-02 -0.12634896E-02 -0.14191745E-02 -0.15405425E-02 -0.15979679E-02 -0.15560923E-02 -0.13769313E-02 -0.10254167E-02 -0.47789038E-03 0.26639514E-03
-0.18041921E-06 -0.24203752E-06 -0.32436588E-06 -0.43416700E-06 -0.58027626E-06 -0.77416106E-06 -0.10306055E-05 -0.13684835E-05 -0.18117247E-05 -0.23903511E-05 -0.31416465E-05 -0.41113965E-05 -0.53551500E-05 -0.69394232E-05 -0.89426917E-05 -0.11456397E-04 -0.14585087E-04 -0.18446560E-04 -0.23171389E-04 -0.28902220E-04 -0.35793250E-04 -0.44010796E-04 -0.53736069E-04 -0.65172143E-04 -0.78557415E-04 -0.94190407E-04 -0.11245725E-03 -0.13388721E-03 -0.15920692E-03 -0.18940755E-03 -0.22580753E-03 -0.27009411E-03 -0.32431822E-03 -0.39080917E-03 -0.47197103E-03 -0.56992213E-03 -0.68594847E-03 -0.81976289E-03 -0.96859952E-03 -0.11262282E-02 -0.12820428E-02 -0.14204500E-02 -0.15208461E-02 -0.15584902E-02 -0.15065625E-02 -0.13396224E-02 -0.10385504E-02 -0.59679811E-03
-0.15082681E-06 -0.20334874E-06 -0.27379282E-06 -0.36805674E-06 -0.49384505E-06 -0.66115308E-06 -0.88285536E-06 -0.11753810E-05 -0.15595367E-05 -0.20613902E-05 -0.27132908E-05 -0.35549234E-05 -0.46343963E-05 -0.60092814E-05 -0.77475024E-05 -0.99281681E-05 -0.12641816E-04 -0.15990564E-04 -0.20087800E-04 -0.25057707E-04 -0.31034910E-04 -0.38165062E-04 -0.46607144E-04 -0.56539385E-04 -0.68170336E-04 -0.81757534E-04 -0.97638020E-04 -0.11626026E-03 -0.13824236E-03 -0.16442277E-03 -0.19591607E-03 -0.23415267E-03 -0.28088412E-03 -0.33812865E-03 -0.40802789E-03 -0.49258638E-03 -0.59327264E-03 -0.71047705E-03 -0.84285009E-03 -0.98658435E-03 -0.11347528E-02 -0.12768651E-02 -0.13988395E-02 -0.14835917E-02 -0.15123999E-02 -0.14671169E-02 -0.13331637E-02 -0.11030651E-02
-0.12655115E-06 -0.17147121E-06 -0.23193703E-06 -0.31309757E-06 -0.42167684E-06 -0.56639225E-06 -0.75846161E-06 -0.10121845E-05 -0.13456442E-05 -0.17814798E-05 -0.23477321E-05 -0.30787678E-05 -0.40161984E-05 -0.52097771E-05 -0.67181822E-05 -0.86096168E-05 -0.10962304E-04 -0.13864388E-04 -0.17413840E-04 -0.21718071E-04 -0.26893657E-04 -0.33066788E-04 -0.40375171E-04 -0.48972695E-04 -0.59038439E-04 -0.70791611E-04 -0.84514592E-04 -0.10058694E-03 -0.11951875E-03 -0.14200635E-03 -0.16897394E-03 -0.20161160E-03 -0.24138736E-03 -0.29001527E-03 -0.34935769E-03 -0.42124054E-03 -0.50716588E-03 -0.60791887E-03 -0.72308632E-03 -0.85053344E-03 -0.98591902E-03 -0.11223630E-02 -0.12504025E-02 -0.13583694E-02 -0.14332860E-02 -0.14622972E-02 -0.14345502E-02 -0.13433101E-02
-0.10663004E-06 -0.14518537E-06 -0.19725653E-06 -0.26734370E-06 -0.36132031E-06 -0.48679430E-06 -0.65354086E-06 -0.87402063E-06 -0.11639435E-05 -0.15429624E-05 -0.20353873E-05 -0.26709559E-05 -0.34856315E-05 -0.45223577E-05 -0.58317266E-05 -0.74725344E-05 -0.95120239E-05 -0.12026148E-04 -0.15099187E-04 -0.18823551E-04 -0.23299528E-04 -0.28635501E-04 -0.34949428E-04 -0.42372405E-04 -0.51055688E-04 -0.61182588E-04 -0.72986667E-04 -0.86777286E-04 -0.10297448E-03 -0.12214053E-03 -0.14502831E-03 -0.17260943E-03 -0.20609118E-03 -0.24690051E-03 -0.29661971E-03 -0.35685805E-03 -0.42904741E-03 -0.51415959E-03 -0.61235768E-03 -0.72261410E-03 -0.84235205E-03 -0.96718936E-03 -0.10908782E-02 -0.12055305E-02 -0.13021910E-02 -0.13717627E-02 -0.14062128E-02 -0.13999012E-02
-0.90250090E-07 -0.12345875E-06 -0.16844353E-06 -0.22914144E-06 -0.31068702E-06 -0.41972417E-06 -0.56477865E-06 -0.75670201E-06 -0.10091555E-05 -0.13391997E-05 -0.17679011E-05 -0.23209917E-05 -0.30295377E-05 -0.39305752E-05 -0.50676818E-05 -0.64914378E-05 -0.82596751E-05 -0.10437495E-04 -0.13097294E-04 -0.16318234E-04 -0.20186111E-04 -0.24793392E-04 -0.30240218E-04 -0.36637028E-04 -0.44109869E-04 -0.52809558E-04 -0.62925866E-04 -0.74707616E-04 -0.88488829E-04 -0.10472184E-03 -0.12400369E-03 -0.14711370E-03 -0.17502575E-03 -0.20890424E-03 -0.25006359E-03 -0.29988097E-03 -0.35965309E-03 -0.43039469E-03 -0.51258709E-03 -0.60589924E-03 -0.70892058E-03 -0.81895982E-03 -0.93197373E-03 -0.10426872E-02 -0.11449465E-02 -0.12323092E-02 -0.12988219E-02 -0.13398790E-02
