Advanced/Day1/qtaim/urea/crystal/pato/urea_cry_pl2d_pato.SURFLAPM
DSAA
 161 161
-0.75589045E+01  0.75589045E+01  0.94486307E-01
-0.75589045E+01  0.75589045E+01  0.94486307E-01
 0.00000000E+00  0.00000000E+00
[rows 63 to 83 of 161, columns 0 to 46 of 161]
-0.74697295E-01 -0.75054551E-01 -0.74964430E-01 -0.74429497E-01 -0.73464856E-01 -0.72097167E-01 -0.70362966E-01 -0.68306425E-01 -0.65976808E-01 -0.63425862E-01 -0.60705400E-01 -0.57865324E-01 -0.54952219E-01 -0.52008642E-01 -0.49073021E-01 -0.46180133E-01 -0.43361933E-01 -0.40648549E-01 -0.38069212E-01 -0.35652958E-01 -0.33428941E-01 -0.31426325E-01 -0.29673745E-01 -0.28198448E-01 -0.27025263E-01 -0.26175645E-01 -0.25667056E-01 -0.25513042E-01 -0.25724281E-01 -0.26310953E-01 -0.27286567E-01 -0.28673247E-01 -0.30508071E-01 -0.32849585E-01 -0.35782900E-01 -0.39420971E-01 -0.43898780E-01 -0.49356445E-01 -0.55906968E-01 -0.63585127E-01 -0.72276539E-01 -0.81632209E-01 -0.90987349E-01 -0.99330782E-01 -0.10541884E+00 -0.10818084E+00 -0.10753384E+00
-0.70510152E-01 -0.70843939E-01 -0.70759751E-01 -0.70259857E-01 -0.69357637E-01 -0.68076796E-01 -0.66450003E-01 -0.64517083E-01 -0.62322913E-01 -0.59915247E-01 -0.57342661E-01 -0.54652814E-01 -0.51891160E-01 -0.49100204E-01 -0.46319282E-01 -0.43584793E-01 -0.40930767E-01 -0.38389550E-01 -0.35992481E-01 -0.33770353E-01 -0.31753551E-01 -0.29971810E-01 -0.28453580E-01 -0.27225102E-01 -0.26309335E-01 -0.25724996E-01 -0.25486034E-01 -0.25601889E-01 -0.26079003E-01 -0.26923928E-01 -0.28148318E-01 -0.29775810E-01 -0.31850400E-01 -0.34445276E-01 -0.37670311E-01 -0.41675512E-01 -0.46646856E-01 -0.52790290E-01 -0.60299497E-01 -0.69303806E-01 -0.79794896E-01 -0.91536402E-01 -0.10397164E+00 -0.11616691E+00 -0.12686675E+00 -0.13478284E+00 -0.13923407E+00
-0.66954195E-01 -0.67272229E-01 -0.67192023E-01 -0.66715653E-01 -0.65855374E-01 -0.64632980E-01 -0.63078688E-01 -0.61229633E-01 -0.59128095E-01 -0.56819620E-01 -0.54351206E-01 -0.51769705E-01 -0.49120589E-01 -0.46447139E-01 -0.43790088E-01 -0.41187653E-01 -0.38675872E-01 -0.36289074E-01 -0.34060338E-01 -0.32021794E-01 -0.30204617E-01 -0.28638685E-01 -0.27351860E-01 -0.26368990E-01 -0.25710789E-01 -0.25392889E-01 -0.25425386E-01 -0.25813422E-01 -0.26559243E-01 -0.27666276E-01 -0.29145558E-01 -0.31024566E-01 -0.33357964E-01 -0.36239051E-01 -0.39809790E-01 -0.44266345E-01 -0.49856171E-01 -0.56862150E-01 -0.65569103E-01 -0.76208783E-01 -0.88881275E-01 -0.10345538E+00 -0.11945970E+00 -0.13599474E+00 -0.15172710E+00 -0.16506693E+00 -0.17463920E+00
-0.63952213E-01 -0.64260417E-01 -0.64182695E-01 -0.63721010E-01 -0.62886962E-01 -0.61701257E-01 -0.60192759E-01 -0.58397193E-01 -0.56355600E-01 -0.54112652E-01 -0.51714985E-01 -0.49209681E-01 -0.46643025E-01 -0.44059627E-01 -0.41501933E-01 -0.39010093E-01 -0.36622115E-01 -0.34374164E-01 -0.32300868E-01 -0.30435480E-01 -0.28809775E-01 -0.27453606E-01 -0.26394088E-01 -0.25654516E-01 -0.25253204E-01 -0.25202504E-01 -0.25508538E-01 -0.26172128E-01 -0.27191600E-01 -0.28568054E-01 -0.30313549E-01 -0.32462211E-01 -0.35083674E-01 -0.38297355E-01 -0.42285015E-01 -0.47298074E-01 -0.53655225E-01 -0.61725373E-01 -0.71890764E-01 -0.84485531E-01 -0.99706408E-01 -0.11749599E+00 -0.13740779E+00 -0.15847857E+00 -0.17916240E+00 -0.19741492E+00 -0.21103525E+00
-0.61475768E-01 -0.61778579E-01 -0.61702219E-01 -0.61248596E-01 -0.60429002E-01 -0.59263647E-01 -0.57780827E-01 -0.56015769E-01 -0.54009223E-01 -0.51805909E-01 -0.49452924E-01 -0.46998263E-01 -0.44489551E-01 -0.41973096E-01 -0.39493281E-01 -0.37092308E-01 -0.34810206E-01 -0.32685001E-01 -0.30752892E-01 -0.29048309E-01 -0.27603703E-01 -0.26448984E-01 -0.25610602E-01 -0.25110367E-01 -0.24964178E-01 -0.25181097E-01 -0.25763253E-01 -0.26707270E-01 -0.28007984E-01 -0.29665183E-01 -0.31693840E-01 -0.34137851E-01 -0.37086434E-01 -0.40691333E-01 -0.45181774E-01 -0.50872993E-01 -0.58163260E-01 -0.67513670E-01 -0.79404525E-01 -0.94261906E-01 -0.11234881E+00 -0.13361886E+00 -0.15753985E+00 -0.18291447E+00 -0.20775513E+00 -0.22930661E+00 -0.24433061E+00
-0.59537864E-01 -0.59838521E-01 -0.59762704E-01 -0.59312306E-01 -0.58498526E-01 -0.57341452E-01 -0.55869299E-01 -0.54117352E-01 -0.52126643E-01 -0.49942480E-01 -0.47612904E-01 -0.45187223E-01 -0.42714723E-01 -0.40243655E-01 -0.37820548E-01 -0.35489846E-01 -0.33293805E-01 -0.31272548E-01 -0.29464135E-01 -0.27904500E-01 -0.26627119E-01 -0.25662312E-01 -0.25036173E-01 -0.24769248E-01 -0.24875175E-01 -0.25359786E-01 -0.26221266E-01 -0.27452206E-01 -0.29044434E-01 -0.30997490E-01 -0.33331240E-01 -0.36102534E-01 -0.39424780E-01 -0.43488096E-01 -0.48576340E-01 -0.55076057E-01 -0.63471387E-01 -0.74317966E-01 -0.88187693E-01 -0.10557513E+00 -0.12675601E+00 -0.15159292E+00 -0.17929667E+00 -0.20817906E+00 -0.23547385E+00 -0.25734559E+00 -0.26922607E+00
-0.58179945E-01 -0.58480693E-01 -0.58404854E-01 -0.57954317E-01 -0.57140283E-01 -0.55982877E-01 -0.54510439E-01 -0.52758529E-01 -0.50768680E-01 -0.48586985E-01 -0.46262603E-01 -0.43846313E-01 -0.41389216E-01 -0.38941690E-01 -0.36552640E-01 -0.34269056E-01 -0.32135817E-01 -0.30195628E-01 -0.28488977E-01 -0.27053925E-01 -0.25925604E-01 -0.25135347E-01 -0.24709402E-01 -0.24667421E-01 -0.25021009E-01 -0.25772848E-01 -0.26917206E-01 -0.28442718E-01 -0.30338573E-01 -0.32604986E-01 -0.35268515E-01 -0.38401907E-01 -0.42147019E-01 -0.46737836E-01 -0.52519111E-01 -0.59954713E-01 -0.69618424E-01 -0.82158241E-01 -0.98222944E-01 -0.11833681E+00 -0.14270780E+00 -0.17096117E+00 -0.20181270E+00 -0.23273839E+00 -0.25975824E+00 -0.27750858E+00 -0.27978936E+00
-0.57454633E-01 -0.57756818E-01 -0.57680618E-01 -0.57227918E-01 -0.56409898E-01 -0.55246673E-01 -0.53766642E-01 -0.52005539E-01 -0.50005276E-01 -0.47812600E-01 -0.45477669E-01 -0.43052660E-01 -0.40590497E-01 -0.38143805E-01 -0.35764133E-01 -0.33501447E-01 -0.31403836E-01 -0.29517334E-01 -0.27885707E-01 -0.26550054E-01 -0.25548085E-01 -0.24912965E-01 -0.24671782E-01 -0.24843784E-01 -0.25438775E-01 -0.26456307E-01 -0.27886564E-01 -0.29714069E-01 -0.31925392E-01 -0.34521937E-01 -0.37538247E-01 -0.41065333E-01 -0.45277051E-01 -0.50455862E-01 -0.57012519E-01 -0.65492555E-01 -0.76560469E-01 -0.90949718E-01 -0.10936241E+00 -0.13229767E+00 -0.15978710E+00 -0.19102793E+00 -0.22394110E+00 -0.25475075E+00 -0.27777294E+00 -0.28567784E+00 -0.27047469E+00
-0.57406520E-01 -0.57710565E-01 -0.57633900E-01 -0.57178383E-01 -0.56355048E-01 -0.55183776E-01 -0.53692690E-01 -0.51917309E-01 -0.49899478E-01 -0.47686144E-01 -0.45328047E-01 -0.42878445E-01 -0.40391914E-01 -0.37923355E-01 -0.35527229E-01 -0.33256992E-01 -0.31164708E-01 -0.29300704E-01 -0.27713145E-01 -0.26447367E-01 -0.25544811E-01 -0.25041530E-01 -0.24966279E-01 -0.25338422E-01 -0.26166132E-01 -0.27445632E-01 -0.29162532E-01 -0.31296558E-01 -0.33831057E-01 -0.36768347E-01 -0.40151378E-01 -0.44090823E-01 -0.48795074E-01 -0.54598604E-01 -0.61982097E-01 -0.71575601E-01 -0.84133117E-01 -0.10046251E+00 -0.12128772E+00 -0.14701328E+00 -0.17736159E+00 -0.21087546E+00 -0.24433899E+00 -0.27227807E+00 -0.28683811E+00 -0.27843029E+00 -0.23745542E+00
-0.58054897E-01 -0.58360272E-01 -0.58283278E-01 -0.57825716E-01 -0.56998272E-01 -0.55820227E-01 -0.54318925E-01 -0.52529030E-01 -0.50491595E-01 -0.48253009E-01 -0.45863881E-01 -0.43377934E-01 -0.40850992E-01 -0.38340091E-01 -0.35902786E-01 -0.33596535E-01 -0.31478217E-01 -0.29603590E-01 -0.28026542E-01 -0.26798060E-01 -0.25964716E-01 -0.25566669E-01 -0.25635254E-01 -0.26190440E-01 -0.27238745E-01 -0.28772483E-01 -0.30771579E-01 -0.33209464E-01 -0.36064573E-01 -0.39338658E-01 -0.43082149E-01 -0.47425436E-01 -0.52612745E-01 -0.59033062E-01 -0.67240113E-01 -0.77950568E-01 -0.92005622E-01 -0.11027414E+00 -0.13346543E+00 -0.16181079E+00 -0.19457638E+00 -0.22940817E+00 -0.26160514E+00 -0.28358111E+00 -0.28496900E+00 -0.25391877E+00 -0.17990268E+00
-0.59384613E-01 -0.59689993E-01 -0.59613007E-01 -0.59155363E-01 -0.58327201E-01 -0.57146831E-01 -0.55640270E-01 -0.53840602E-01 -0.51787222E-01 -0.49524996E-01 -0.47103408E-01 -0.44575743E-01 -0.41998345E-01 -0.39429956E-01 -0.36931139E-01 -0.34563723E-01 -0.32390187E-01 -0.30472841E-01 -0.28872730E-01 -0.27648055E-01 -0.26852055E-01 -0.26530319E-01 -0.26717682E-01 -0.27435065E-01 -0.28686940E-01 -0.30460485E-01 -0.32727880E-01 -0.35453468E-01 -0.38607522E-01 -0.42187904E-01 -0.46249767E-01 -0.50941564E-01 -0.56543345E-01 -0.63500436E-01 -0.72442752E-01 -0.84176435E-01 -0.99628674E-01 -0.11971685E+00 -0.14509971E+00 -0.17575693E+00 -0.21035443E+00 -0.24541257E+00 -0.27443938E+00 -0.28742817E+00 -0.27137821E+00 -0.21255732E+00 -0.10069118E+00
-0.61354203E-01 -0.61658199E-01 -0.61581571E-01 -0.61125929E-01 -0.60300824E-01 -0.59123473E-01 -0.57618306E-01 -0.55816376E-01 -0.53754731E-01 -0.51475795E-01 -0.49026839E-01 -0.46459547E-01 -0.43829685E-01 -0.41196823E-01 -0.38624024E-01 -0.36177422E-01 -0.33925524E-01 -0.31938137E-01 -0.30284770E-01 -0.29032364E-01 -0.28242362E-01 -0.27967093E-01 -0.28245695E-01 -0.29100065E-01 -0.30531634E-01 -0.32520253E-01 -0.35026877E-01 -0.38002098E-01 -0.41402512E-01 -0.45216329E-01 -0.49498207E-01 -0.54411066E-01 -0.60269677E-01 -0.67577651E-01 -0.77045864E-01 -0.89575797E-01 -0.10618373E+00 -0.12782882E+00 -0.15509109E+00 -0.18763365E+00 -0.22340349E+00 -0.25761625E+00 -0.28177764E+00 -0.28332032E+00 -0.24675899E+00 -0.15721263E+00 -0.61341794E-02
-0.63933382E-01 -0.64236380E-01 -0.64160006E-01 -0.63705840E-01 -0.62883236E-01 -0.61708930E-01 -0.60206412E-01 -0.58405199E-01 -0.56340144E-01 -0.54050943E-01 -0.51581874E-01 -0.48981843E-01 -0.46304621E-01 -0.43609153E-01 -0.40959774E-01 -0.38426099E-01 -0.36082403E-01 -0.34006301E-01 -0.32276591E-01 -0.30970163E-01 -0.30157971E-01 -0.29900149E-01 -0.30240612E-01 -0.31201706E-01 -0.32779917E-01 -0.34944161E-01 -0.37638715E-01 -0.40793199E-01 -0.44341995E-01 -0.48254697E-01 -0.52577414E-01 -0.57481960E-01 -0.63316410E-01 -0.70646415E-01 -0.80272642E-01 -0.93203950E-01 -0.11055684E+00 -0.13333597E+00 -0.16203021E+00 -0.19594796E+00 -0.23224703E+00 -0.26474413E+00 -0.28286895E+00 -0.27155418E+00 -0.21322299E+00 -0.92767474E-01 0.95237883E-01
-0.67183206E-01 -0.67491030E-01 -0.67413421E-01 -0.66952160E-01 -0.66117691E-01 -0.64928396E-01 -0.63409417E-01 -0.61591334E-01 -0.59508983E-01 -0.57200706E-01 -0.54708191E-01 -0.52076948E-01 -0.49357278E-01 -0.46605478E-01 -0.43884931E-01 -0.41266704E-01 -0.38829295E-01 -0.36657255E-01 -0.34838498E-01 -0.33460235E-01 -0.32603559E-01 -0.32336921E-01 -0.32708831E-01 -0.33740677E-01 -0.35420778E-01 -0.37701615E-01 -0.40502716E-01 -0.43722213E-01 -0.47259980E-01 -0.51054307E-01 -0.55131800E-01 -0.59666615E-01 -0.65040480E-01 -0.71889994E-01 -0.81122540E-01 -0.93876301E-01 -0.11138985E+00 -0.13472935E+00 -0.16429889E+00 -0.19904896E+00 -0.23534385E+00 -0.26561848E+00 -0.27731560E+00 -0.25312201E+00 -0.17390837E+00 -0.25196609E-01 0.19438323E+00
-0.71389452E-01 -0.71719534E-01 -0.71636257E-01 -0.71142092E-01 -0.70251428E-01 -0.68989082E-01 -0.67387909E-01 -0.65486025E-01 -0.63324264E-01 -0.60944411E-01 -0.58388605E-01 -0.55700010E-01 -0.52924604E-01 -0.50113637E-01 -0.47326161E-01 -0.44630948E-01 -0.42107193E-01 -0.39843502E-01 -0.37934887E-01 -0.36477678E-01 -0.35562453E-01 -0.35265322E-01 -0.35638120E-01 -0.36698551E-01 -0.38421791E-01 -0.40735947E-01 -0.43524529E-01 -0.46639759E-01 -0.49930525E-01 -0.53287571E-01 -0.56705513E-01 -0.60356442E-01 -0.64663332E-01 -0.70354706E-01 -0.78476376E-01 -0.90331166E-01 -0.10730997E+00 -0.13056089E+00 -0.16041787E+00 -0.19549899E+00 -0.23143930E+00 -0.25943206E+00 -0.26519131E+00 -0.22957087E+00 -0.13244715E+00 0.39475176E-01 0.28328541E+00
-0.77250127E-01 -0.77640645E-01 -0.77542006E-01 -0.76958275E-01 -0.75913035E-01 -0.74446479E-01 -0.72610693E-01 -0.70464039E-01 -0.68065745E-01 -0.65471749E-01 -0.62732574E-01 -0.59893587E-01 -0.56997484E-01 -0.54088374E-01 -0.51216495E-01 -0.48442427E-01 -0.45839727E-01 -0.43495126E-01 -0.41505752E-01 -0.39973199E-01 -0.38994601E-01 -0.38651169E-01 -0.38995013E-01 -0.40035567E-01 -0.41727657E-01 -0.43964219E-01 -0.46577883E-01 -0.49356477E-01 -0.52077736E-01 -0.54566950E-01 -0.56777245E-01 -0.58884679E-01 -0.61380292E-01 -0.65131278E-01 -0.71378293E-01 -0.81637212E-01 -0.97475000E-01 -0.12011755E+00 -0.14981686E+00 -0.18488195E+00 -0.22033345E+00 -0.24638079E+00 -0.24743096E+00 -0.20304394E+00 -0.92591663E-01 0.95910846E-01 0.35582132E+00
-0.86100614E-01 -0.86622403E-01 -0.86490436E-01 -0.85711843E-01 -0.84327951E-01 -0.82409029E-01 -0.80045634E-01 -0.77338072E-01 -0.74385823E-01 -0.71278780E-01 -0.68091735E-01 -0.64882965E-01 -0.61696886E-01 -0.58570013E-01 -0.55538762E-01 -0.52647296E-01 -0.49953635E-01 -0.47532471E-01 -0.45473709E-01 -0.43876283E-01 -0.42837388E-01 -0.42437752E-01 -0.42724083E-01 -0.43690484E-01 -0.45261544E-01 -0.47281170E-01 -0.49512769E-01 -0.51658029E-01 -0.53401967E-01 -0.54490280E-01 -0.54838595E-01 -0.54660535E-01 -0.54583687E-01 -0.55707555E-01 -0.59557532E-01 -0.67909253E-01 -0.82481672E-01 -0.10449162E+00 -0.13401136E+00 -0.16901496E+00 -0.20404193E+00 -0.22867190E+00 -0.22657472E+00 -0.17666867E+00 -0.58241631E-01 0.13963042E+00 0.40778336E+00
-0.10013561E+00 -0.10090559E+00 -0.10071067E+00 -0.99563201E-01 -0.97534829E-01 -0.94747710E-01 -0.91359826E-01 -0.87546747E-01 -0.83482703E-01 -0.79323956E-01 -0.75197026E-01 -0.71193392E-01 -0.67371117E-01 -0.63762539E-01 -0.60386050E-01 -0.57259284E-01 -0.54410826E-01 -0.51887858E-01 -0.49757867E-01 -0.48103460E-01 -0.47010214E-01 -0.46548364E-01 -0.46749844E-01 -0.47583174E-01 -0.48929894E-01 -0.50568106E-01 -0.52171141E-01 -0.53331877E-01 -0.53625006E-01 -0.52717032E-01 -0.50522726E-01 -0.47382344E-01 -0.44200696E-01 -0.42467957E-01 -0.44103171E-01 -0.51130679E-01 -0.65266576E-01 -0.87475047E-01 -0.11743159E+00 -0.15270408E+00 -0.18750574E+00 -0.21120239E+00 -0.20737822E+00 -0.15503321E+00 -0.33777797E-01 0.16667929E+00 0.43623355E+00
-0.12255795E+00 -0.12375105E+00 -0.12344889E+00 -0.12167186E+00 -0.11853853E+00 -0.11425209E+00 -0.10907739E+00 -0.10331173E+00 -0.97253622E-01 -0.91173949E-01 -0.85293731E-01 -0.79771497E-01 -0.74701569E-01 -0.70122618E-01 -0.66034017E-01 -0.62416229E-01 -0.59250858E-01 -0.56536186E-01 -0.54294937E-01 -0.52572279E-01 -0.51423531E-01 -0.50892388E-01 -0.50981708E-01 -0.51620287E-01 -0.52630773E-01 -0.53706595E-01 -0.54409594E-01 -0.54204717E-01 -0.52551640E-01 -0.49069344E-01 -0.43767367E-01 -0.37288496E-01 -0.31046209E-01 -0.27120094E-01 -0.27858683E-01 -0.35319139E-01 -0.50797452E-01 -0.74588856E-01 -0.10578613E+00 -0.14168087E+00 -0.17650767E+00 -0.19984896E+00 -0.19568945E+00 -0.14364327E+00 -0.23979134E-01 0.17332914E+00 0.43873691E+00
-0.15754277E+00 -0.15939599E+00 -0.15892667E+00 -0.15616636E+00 -0.15129920E+00 -0.14464301E+00 -0.13661667E+00 -0.12769729E+00 -0.11837238E+00 -0.10909342E+00 -0.10023742E+00 -0.92081653E-01 -0.84794570E-01 -0.78443110E-01 -0.73013490E-01 -0.68440515E-01 -0.64639116E-01 -0.61531755E-01 -0.59066268E-01 -0.57220515E-01 -0.55992283E-01 -0.55375023E-01 -0.55322034E-01 -0.55703705E-01 -0.56265137E-01 -0.56595434E-01 -0.56126176E-01 -0.54184935E-01 -0.50136134E-01 -0.43632880E-01 -0.34956949E-01 -0.25326451E-01 -0.16945373E-01 -0.12582848E-01 -0.14723790E-01 -0.24733540E-01 -0.42636263E-01 -0.67650945E-01 -0.98759126E-01 -0.13416279E+00 -0.16925908E+00 -0.19422726E+00 -0.19307468E+00 -0.14551044E+00 -0.32232724E-01 0.15673585E+00 0.41327806E+00
-0.20982156E+00 -0.21261570E+00 -0.21190837E+00 -0.20774442E+00 -0.20038685E+00 -0.19029504E+00 -0.17808509E+00 -0.16447404E+00 -0.15021300E+00 -0.13601695E+00 -0.12250194E+00 -0.11013864E+00 -0.99228950E-01 -0.89907577E-01 -0.82165747E-01 -0.75890676E-01 -0.70911973E-01 -0.67045652E-01 -0.64127358E-01 -0.62028585E-01 -0.60652604E-01 -0.59909967E-01 -0.59676625E-01 -0.59740873E-01 -0.59749278E-01 -0.59167970E-01 -0.57285734E-01 -0.53299426E-01 -0.46532102E-01 -0.36813064E-01 -0.24953509E-01 -0.13067053E-01 -0.43241634E-02 -0.18615493E-02 -0.71860834E-02 -0.19210543E-01 -0.35157425E-01 -0.53250145E-01 -0.74941938E-01 -0.10361655E+00 -0.13925120E+00 -0.17285693E+00 -0.18560275E+00 -0.15368511E+00 -0.56125640E-01 0.11727782E+00 0.35947891E+00
