Advanced/Day1/qtaim/urea/crystal/pato/urea_cry_pl2d_pato.SURFELFB
DSAA
 161 161
-0.75589045E+01  0.75589045E+01  0.94486307E-01
-0.75589045E+01  0.75589045E+01  0.94486307E-01
 0.00000000E+00  0.00000000E+00
[rows 88 to 109 of 161, columns 0 to 47 of 161]
0.82113261E+00 0.82204663E+00 0.82181861E+00 0.82042960E+00 0.81776685E+00 0.81362327E+00 0.80768981E+00 0.79952966E+00 0.78852226E+00 0.77376866E+00 0.75396187E+00 0.72724901E+00 0.69115444E+00 0.64271441E+00 0.57912059E+00 0.49929859E+00 0.40646210E+00 0.30997670E+00 0.22309242E+00 0.15623671E+00 0.11224966E+00 0.88220985E-01 0.80518517E-01 0.88783338E-01 0.11904440E+00 0.18734233E+00 0.31840479E+00 0.51730534E+00 0.72503628E+00 0.86803950E+00 0.94033569E+00 0.97193161E+00 0.98535449E+00 0.99112734E+00 0.99355528E+00 0.99442372E+00 0.99439484E+00 0.99329434E+00 0.98984720E+00 0.98049178E+00 0.95672572E+00 0.90418026E+00 0.81628994E+00 0.71995600E+00 0.66017057E+00 0.65442146E+00 0.68694928E+00 0.73076165E+00
0.83491412E+00 0.83547353E+00 0.83533521E+00 0.83447529E+00 0.83275445E+00 0.82992987E+00 0.82566798E+00 0.81954399E+00 0.81101012E+00 0.79931430E+00 0.78335783E+00 0.76150130E+00 0.73137030E+00 0.68979072E+00 0.63313391E+00 0.55857640E+00 0.46675054E+00 0.36492803E+00 0.26700113E+00 0.18709281E+00 0.13184140E+00 0.99732404E-01 0.86448413E-01 0.90094721E-01 0.11476715E+00 0.17421564E+00 0.29262751E+00 0.48281593E+00 0.69699574E+00 0.85434945E+00 0.93643073E+00 0.97224674E+00 0.98713332E+00 0.99338621E+00 0.99607779E+00 0.99729052E+00 0.99781845E+00 0.99776135E+00 0.99661543E+00 0.99250371E+00 0.97967257E+00 0.94466492E+00 0.87125604E+00 0.76983543E+00 0.68783079E+00 0.65878161E+00 0.67616465E+00 0.71440919E+00
0.84116073E+00 0.84127146E+00 0.84124711E+00 0.84105291E+00 0.84048960E+00 0.83922504E+00 0.83683492E+00 0.83283278E+00 0.82667011E+00 0.81768563E+00 0.80498032E+00 0.78720528E+00 0.76228539E+00 0.72717903E+00 0.67791999E+00 0.61044688E+00 0.52295547E+00 0.41977733E+00 0.31372145E+00 0.22155769E+00 0.15431816E+00 0.11303894E+00 0.93332995E-01 0.91864570E-01 0.11069410E+00 0.16096188E+00 0.26516727E+00 0.44233924E+00 0.65936551E+00 0.83274970E+00 0.92799643E+00 0.97012223E+00 0.98737533E+00 0.99438929E+00 0.99728645E+00 0.99854281E+00 0.99910600E+00 0.99924830E+00 0.99884091E+00 0.99688238E+00 0.98958835E+00 0.96636998E+00 0.90941922E+00 0.81608655E+00 0.72468137E+00 0.67704918E+00 0.67705239E+00 0.70409925E+00
0.83940049E+00 0.83885196E+00 0.83899616E+00 0.83977187E+00 0.84084006E+00 0.84167623E+00 0.84167466E+00 0.84021489E+00 0.83667973E+00 0.83042650E+00 0.82069357E+00 0.80640866E+00 0.78588366E+00 0.75645068E+00 0.71423702E+00 0.65454016E+00 0.57363433E+00 0.47268764E+00 0.36196363E+00 0.25923119E+00 0.17981217E+00 0.12839264E+00 0.10138465E+00 0.94278188E-01 0.10708795E+00 0.14817276E+00 0.23739391E+00 0.39770624E+00 0.61232555E+00 0.80192264E+00 0.91401650E+00 0.96518054E+00 0.98609842E+00 0.99439751E+00 0.99766583E+00 0.99896586E+00 0.99948438E+00 0.99962599E+00 0.99940366E+00 0.99815268E+00 0.99308726E+00 0.97596708E+00 0.93129031E+00 0.85140729E+00 0.76274659E+00 0.70494744E+00 0.68910981E+00 0.70170026E+00
0.82690851E+00 0.82509053E+00 0.82556323E+00 0.82817681E+00 0.83214212E+00 0.83638342E+00 0.83988316E+00 0.84181691E+00 0.84150866E+00 0.83833613E+00 0.83163716E+00 0.82056348E+00 0.80380719E+00 0.77918900E+00 0.74323969E+00 0.69116566E+00 0.61801294E+00 0.52211002E+00 0.41028648E+00 0.29945330E+00 0.20833082E+00 0.14603520E+00 0.11083727E+00 0.97529199E-01 0.10417725E+00 0.13632137E+00 0.21052645E+00 0.35108412E+00 0.55679879E+00 0.76042972E+00 0.89291706E+00 0.95662276E+00 0.98304297E+00 0.99344008E+00 0.99743119E+00 0.99892999E+00 0.99947224E+00 0.99959796E+00 0.99935453E+00 0.99813261E+00 0.99353650E+00 0.97888867E+00 0.94201855E+00 0.87576287E+00 0.79729489E+00 0.73742794E+00 0.70942539E+00 0.70690503E+00
0.79375632E+00 0.78863882E+00 0.78997427E+00 0.79729721E+00 0.80822975E+00 0.81982402E+00 0.82984202E+00 0.83712946E+00 0.84121664E+00 0.84179723E+00 0.83846145E+00 0.83060160E+00 0.81725338E+00 0.79673826E+00 0.76615647E+00 0.72103943E+00 0.65589764E+00 0.56689682E+00 0.45722200E+00 0.34129814E+00 0.23969430E+00 0.16616009E+00 0.12193514E+00 0.10181959E+00 0.10216096E+00 0.12576064E+00 0.18554880E+00 0.30476501E+00 0.49473404E+00 0.70715628E+00 0.86255748E+00 0.94311858E+00 0.97762072E+00 0.99130905E+00 0.99656118E+00 0.99850672E+00 0.99917316E+00 0.99927629E+00 0.99886726E+00 0.99727136E+00 0.99223225E+00 0.97828948E+00 0.94666662E+00 0.89261375E+00 0.82687984E+00 0.77001504E+00 0.73380757E+00 0.71757722E+00
0.71161674E+00 0.69754337E+00 0.70122151E+00 0.72131104E+00 0.75087595E+00 0.78127037E+00 0.80640282E+00 0.82424786E+00 0.83540385E+00 0.84099507E+00 0.84159720E+00 0.83714273E+00 0.82705711E+00 0.81013604E+00 0.78409563E+00 0.74504496E+00 0.68752673E+00 0.60634703E+00 0.50141694E+00 0.38361338E+00 0.27347670E+00 0.18885846E+00 0.13491057E+00 0.10735494E+00 0.10121213E+00 0.11673062E+00 0.16315771E+00 0.26087187E+00 0.42913191E+00 0.64199178E+00 0.82037578E+00 0.92264821E+00 0.96881049E+00 0.98753907E+00 0.99483758E+00 0.99758581E+00 0.99851425E+00 0.99859079E+00 0.99789580E+00 0.99569788E+00 0.98990936E+00 0.97627284E+00 0.94897128E+00 0.90528015E+00 0.85128539E+00 0.79911695E+00 0.75790134E+00 0.73059570E+00
0.53158043E+00 0.50046767E+00 0.50849870E+00 0.55358607E+00 0.62307336E+00 0.69673717E+00 0.75718585E+00 0.79821370E+00 0.82270846E+00 0.83591436E+00 0.84142425E+00 0.84069309E+00 0.83384232E+00 0.82016480E+00 0.79797429E+00 0.76406590E+00 0.71340412E+00 0.64018008E+00 0.54176101E+00 0.42511329E+00 0.30897206E+00 0.21405382E+00 0.14994826E+00 0.11433325E+00 0.10148022E+00 0.10937316E+00 0.14375405E+00 0.22107717E+00 0.36368084E+00 0.56659683E+00 0.76389591E+00 0.89235312E+00 0.95496428E+00 0.98133082E+00 0.99184973E+00 0.99592557E+00 0.99734382E+00 0.99746344E+00 0.99647521E+00 0.99369313E+00 0.98733889E+00 0.97429247E+00 0.95081660E+00 0.91512047E+00 0.87002130E+00 0.82210757E+00 0.77811572E+00 0.74275482E+00
0.27048490E+00 0.23514193E+00 0.24382008E+00 0.29833804E+00 0.40216562E+00 0.53719747E+00 0.66249275E+00 0.75002206E+00 0.80031302E+00 0.82622543E+00 0.83832870E+00 0.84176708E+00 0.83815266E+00 0.82744320E+00 0.80852729E+00 0.77889607E+00 0.73415243E+00 0.66845332E+00 0.57746877E+00 0.46451139E+00 0.34520760E+00 0.24143857E+00 0.16713616E+00 0.12292541E+00 0.10309061E+00 0.10375113E+00 0.12747478E+00 0.18642895E+00 0.30205328E+00 0.48482671E+00 0.69179813E+00 0.84859196E+00 0.93351685E+00 0.97136467E+00 0.98693318E+00 0.99314517E+00 0.99542138E+00 0.99576592E+00 0.99461722E+00 0.99145444E+00 0.98487041E+00 0.97260372E+00 0.95207761E+00 0.92172582E+00 0.88239076E+00 0.83752747E+00 0.79212239E+00 0.75137231E+00
0.11107263E+00 0.10144110E+00 0.10332673E+00 0.12194263E+00 0.18519649E+00 0.32398791E+00 0.51227464E+00 0.67052335E+00 0.76480077E+00 0.81146250E+00 0.83275335E+00 0.84093940E+00 0.84052417E+00 0.83250021E+00 0.81634550E+00 0.79020600E+00 0.75040440E+00 0.69145084E+00 0.60809591E+00 0.50065818E+00 0.38101500E+00 0.27043190E+00 0.18640757E+00 0.13324562E+00 0.10613957E+00 0.99867985E-01 0.11425185E+00 0.15732970E+00 0.24714126E+00 0.40227908E+00 0.60541830E+00 0.78759650E+00 0.90070841E+00 0.95546227E+00 0.97898728E+00 0.98865680E+00 0.99238212E+00 0.99324197E+00 0.99212340E+00 0.98876776E+00 0.98210159E+00 0.97039814E+00 0.95164242E+00 0.92427498E+00 0.88811653E+00 0.84499984E+00 0.79875561E+00 0.75447284E+00
0.14314542E+00 0.20221360E+00 0.18347994E+00 0.11902187E+00 0.99689648E-01 0.16270610E+00 0.34039435E+00 0.56234120E+00 0.71561669E+00 0.79193627E+00 0.82538043E+00 0.83886944E+00 0.84150290E+00 0.83580912E+00 0.82190715E+00 0.79853685E+00 0.76273222E+00 0.70957077E+00 0.63349346E+00 0.53264362E+00 0.41514819E+00 0.30017945E+00 0.20748477E+00 0.14531210E+00 0.11068240E+00 0.97683415E-01 0.10388016E+00 0.13364708E+00 0.20057775E+00 0.32487694E+00 0.50981202E+00 0.70715086E+00 0.85167799E+00 0.93013989E+00 0.96611219E+00 0.98146603E+00 0.98765515E+00 0.98949454E+00 0.98862913E+00 0.98517408E+00 0.97834519E+00 0.96673199E+00 0.94858943E+00 0.92234896E+00 0.88736645E+00 0.84470298E+00 0.79752570E+00 0.75067025E+00
0.64199995E+00 0.85665199E+00 0.81061689E+00 0.46598616E+00 0.14665265E+00 0.10238642E+00 0.21155148E+00 0.44945174E+00 0.65954920E+00 0.77011366E+00 0.81742429E+00 0.83631503E+00 0.84162303E+00 0.83778267E+00 0.82558724E+00 0.80429946E+00 0.77160397E+00 0.72322842E+00 0.65372141E+00 0.55983802E+00 0.44641627E+00 0.32960617E+00 0.22984065E+00 0.15900194E+00 0.11671382E+00 0.97122024E-01 0.96079071E-01 0.11489212E+00 0.16270894E+00 0.25718615E+00 0.41310053E+00 0.60906322E+00 0.78159961E+00 0.89031521E+00 0.94508446E+00 0.96977729E+00 0.98021821E+00 0.98386628E+00 0.98361152E+00 0.98013808E+00 0.97296672E+00 0.96090041E+00 0.94233988E+00 0.91573645E+00 0.88029413E+00 0.83680009E+00 0.78814394E+00 0.73896053E+00
0.98237576E+00 0.99835211E+00 0.99674310E+00 0.93439360E+00 0.38300297E+00 0.10488842E+00 0.14729044E+00 0.36406971E+00 0.61092481E+00 0.75109338E+00 0.81071625E+00 0.83408825E+00 0.84135283E+00 0.83873938E+00 0.82764437E+00 0.80776683E+00 0.77735505E+00 0.73278146E+00 0.66894828E+00 0.58186989E+00 0.47379279E+00 0.35751594E+00 0.25269595E+00 0.17400922E+00 0.12414141E+00 0.98073282E-01 0.90537923E-01 0.10039794E+00 0.13291660E+00 0.20144427E+00 0.32383616E+00 0.50073434E+00 0.68844119E+00 0.82982509E+00 0.91086563E+00 0.95043918E+00 0.96817173E+00 0.97512784E+00 0.97616003E+00 0.97286851E+00 0.96519343E+00 0.95214472E+00 0.93223918E+00 0.90400161E+00 0.86669240E+00 0.82114596E+00 0.77025455E+00 0.71854737E+00
0.99871681E+00 0.99998901E+00 0.99993579E+00 0.99118886E+00 0.62104137E+00 0.12604358E+00 0.12588505E+00 0.32364414E+00 0.58502187E+00 0.74089821E+00 0.80721918E+00 0.83288690E+00 0.84101007E+00 0.83885200E+00 0.82819107E+00 0.80905721E+00 0.78016565E+00 0.73847580E+00 0.67935815E+00 0.59856004E+00 0.49647554E+00 0.38271433E+00 0.27506400E+00 0.18982075E+00 0.13275712E+00 0.10038347E+00 0.86942926E-01 0.89457061E-01 0.11005862E+00 0.15767033E+00 0.24803630E+00 0.39353341E+00 0.57648815E+00 0.74376694E+00 0.85671026E+00 0.91838380E+00 0.94819481E+00 0.96105569E+00 0.96464131E+00 0.96202082E+00 0.95381209E+00 0.93933033E+00 0.91725969E+00 0.88628917E+00 0.84590912E+00 0.79722840E+00 0.74333325E+00 0.68872568E+00
0.99793011E+00 0.99996130E+00 0.99984928E+00 0.98738224E+00 0.58082105E+00 0.12170646E+00 0.12930741E+00 0.33107889E+00 0.59041185E+00 0.74327083E+00 0.80808262E+00 0.83302856E+00 0.84066055E+00 0.83808806E+00 0.82715438E+00 0.80810929E+00 0.78004032E+00 0.74040882E+00 0.68507815E+00 0.60984032E+00 0.51389367E+00 0.40412425E+00 0.29584182E+00 0.20572495E+00 0.14221605E+00 0.10384318E+00 0.84987756E-01 0.81405468E-01 0.92841525E-01 0.12445327E+00 0.18789795E+00 0.29820155E+00 0.45734239E+00 0.63289686E+00 0.77602546E+00 0.86655439E+00 0.91499739E+00 0.93792995E+00 0.94631984E+00 0.94541138E+00 0.93694221E+00 0.92076674E+00 0.89588183E+00 0.86128367E+00 0.81686590E+00 0.76419080E+00 0.70667037E+00 0.64883590E+00
0.95613872E+00 0.99400313E+00 0.98944276E+00 0.86998292E+00 0.30242405E+00 0.10118361E+00 0.16098844E+00 0.38654007E+00 0.62553080E+00 0.75736173E+00 0.81291356E+00 0.83423916E+00 0.84003036E+00 0.83615152E+00 0.82423236E+00 0.80465354E+00 0.77679018E+00 0.73850869E+00 0.68613344E+00 0.61568373E+00 0.52568063E+00 0.42087249E+00 0.31393244E+00 0.22086541E+00 0.15203552E+00 0.10817717E+00 0.84373756E-01 0.75661327E-01 0.80053119E-01 0.99810877E-01 0.14249826E+00 0.22083844E+00 0.34563318E+00 0.50720781E+00 0.66697009E+00 0.78753311E+00 0.86126770E+00 0.90006393E+00 0.91691124E+00 0.91967775E+00 0.91179271E+00 0.89404142E+00 0.86599718E+00 0.82717916E+00 0.77808357E+00 0.72089138E+00 0.65944464E+00 0.59835170E+00
0.44891245E+00 0.68130431E+00 0.62075174E+00 0.31437077E+00 0.12006305E+00 0.11234060E+00 0.24393982E+00 0.48445741E+00 0.67900800E+00 0.77811312E+00 0.81986521E+00 0.83563075E+00 0.83845513E+00 0.83243011E+00 0.81885201E+00 0.79818736E+00 0.77002527E+00 0.73253475E+00 0.68243671E+00 0.61606714E+00 0.53164217E+00 0.43234413E+00 0.32837622E+00 0.23433954E+00 0.16162706E+00 0.11304590E+00 0.84807370E-01 0.71734531E-01 0.70668754E-01 0.81778659E-01 0.10932172E+00 0.16225719E+00 0.25223033E+00 0.38351385E+00 0.53775056E+00 0.67825713E+00 0.77943515E+00 0.84000186E+00 0.87031236E+00 0.87996154E+00 0.87441118E+00 0.85585537E+00 0.82483186E+00 0.78169246E+00 0.72778658E+00 0.66609410E+00 0.60098952E+00 0.53720688E+00
0.11193903E+00 0.13765986E+00 0.12927295E+00 0.10292945E+00 0.11194396E+00 0.20100109E+00 0.39341187E+00 0.60094268E+00 0.73435998E+00 0.79901597E+00 0.82640808E+00 0.83582907E+00 0.83485586E+00 0.82595116E+00 0.81014025E+00 0.78797152E+00 0.75917549E+00 0.72211439E+00 0.67382386E+00 0.61098361E+00 0.53174853E+00 0.43821813E+00 0.33847186E+00 0.24533009E+00 0.17036793E+00 0.11806841E+00 0.86002864E-01 0.69222697E-01 0.63876042E-01 0.68691878E-01 0.85529106E-01 0.11990783E+00 0.18086407E+00 0.27706061E+00 0.40619958E+00 0.54624239E+00 0.66673592E+00 0.75084784E+00 0.79938710E+00 0.82011457E+00 0.81974384E+00 0.80210011E+00 0.76910267E+00 0.72232661E+00 0.66428650E+00 0.59896870E+00 0.53138247E+00 0.46642083E+00
0.14062737E+00 0.12209650E+00 0.12626831E+00 0.15793511E+00 0.24164773E+00 0.39273652E+00 0.56794612E+00 0.70190234E+00 0.77834323E+00 0.81498347E+00 0.83004615E+00 0.83307865E+00 0.82771711E+00 0.81536278E+00 0.79694178E+00 0.77308690E+00 0.74357644E+00 0.70684460E+00 0.66015393E+00 0.60051722E+00 0.52617161E+00 0.43850431E+00 0.34387683E+00 0.25324711E+00 0.17770667E+00 0.12287163E+00 0.87696932E-01 0.67805507E-01 0.59059895E-01 0.59259685E-01 0.68629977E-01 0.90114781E-01 0.12961547E+00 0.19492562E+00 0.29078589E+00 0.41018871E+00 0.53171424E+00 0.63188826E+00 0.69926141E+00 0.73449027E+00 0.74273209E+00 0.72869802E+00 0.69580575E+00 0.64719690E+00 0.58687023E+00 0.52001611E+00 0.45233621E+00 0.38884263E+00
0.35404146E+00 0.31544400E+00 0.32512752E+00 0.38306030E+00 0.48317921E+00 0.60051100E+00 0.70126813E+00 0.76853200E+00 0.80575879E+00 0.82316973E+00 0.82842810E+00 0.82522981E+00 0.81509664E+00 0.79901071E+00 0.77796383E+00 0.75262298E+00 0.72267394E+00 0.68649277E+00 0.64148965E+00 0.58498451E+00 0.51537200E+00 0.43359396E+00 0.34468347E+00 0.25785402E+00 0.18328366E+00 0.12716236E+00 0.89677708E-01 0.67244395E-01 0.55775439E-01 0.52537371E-01 0.56694676E-01 0.69441336E-01 0.94157601E-01 0.13624421E+00 0.20133228E+00 0.29044869E+00 0.39431759E+00 0.49444268E+00 0.57322227E+00 0.62221363E+00 0.64126692E+00 0.63379858E+00 0.60401502E+00 0.55660035E+00 0.49717739E+00 0.43219761E+00 0.36796903E+00 0.30944354E+00
0.60654858E+00 0.58154212E+00 0.58805224E+00 0.62390528E+00 0.67715918E+00 0.73144675E+00 0.77445393E+00 0.80229123E+00 0.81696451E+00 0.82179482E+00 0.81901757E+00 0.80975586E+00 0.79483267E+00 0.77527829E+00 0.75218380E+00 0.72608684E+00 0.69639368E+00 0.66131106E+00 0.61835140E+00 0.56512305E+00 0.50021687E+00 0.42431696E+00 0.34146491E+00 0.25935272E+00 0.18703708E+00 0.13080678E+00 0.91824374E-01 0.67389538E-01 0.53722856E-01 0.47865270E-01 0.48331332E-01 0.55189966E-01 0.70086310E-01 0.96233172E-01 0.13785598E+00 0.19812383E+00 0.27528084E+00 0.35968047E+00 0.43631794E+00 0.49203677E+00 0.52036873E+00 0.52101089E+00 0.49732986E+00 0.45481348E+00 0.40037500E+00 0.34144779E+00 0.28462142E+00 0.23448050E+00
0.74386199E+00 0.73447516E+00 0.73693729E+00 0.75027280E+00 0.76949941E+00 0.78851782E+00 0.80297639E+00 0.81113936E+00 0.81294441E+00 0.80878716E+00 0.79904264E+00 0.78423548E+00 0.76528894E+00 0.74342219E+00 0.71963087E+00 0.69405005E+00 0.66564005E+00 0.63240616E+00 0.59198085E+00 0.54226745E+00 0.48207928E+00 0.41197525E+00 0.33527635E+00 0.25840734E+00 0.18926438E+00 0.13389495E+00 0.94147322E-01 0.68191765E-01 0.52729041E-01 0.44807801E-01 0.42583055E-01 0.45427605E-01 0.53878918E-01 0.69595424E-01 0.95167969E-01 0.13332322E+00 0.18500711E+00 0.24675248E+00 0.30959093E+00 0.36176843E+00 0.39370137E+00 0.40110917E+00 0.38504913E+00 0.35051637E+00 0.30478665E+00 0.25556715E+00 0.20919399E+00 0.16957810E+00
