Advanced/Day1/qtaim/urea/crystal/pato/urea_cry_pl2d_pato.SURFELFB
DSAA
 161 161
-0.75589045E+01  0.75589045E+01  0.94486307E-01
-0.75589045E+01  0.75589045E+01  0.94486307E-01
 0.00000000E+00  0.00000000E+00
[rows 0 to 21 of 161, columns 96 to 143 of 161]
0.63551407E+00 0.65026511E+00 0.67497059E+00 0.70403603E+00 0.73225044E+00 0.75611850E+00 0.77403565E+00 0.78568202E+00 0.79128859E+00 0.79116437E+00 0.78557542E+00 0.77494308E+00 0.76027646E+00 0.74363213E+00 0.72822911E+00 0.71793001E+00 0.71634867E+00 0.72637644E+00 0.75046469E+00 0.79036522E+00 0.84405862E+00 0.90155402E+00 0.94833060E+00 0.97696539E+00 0.99071519E+00 0.99626482E+00 0.99825919E+00 0.99885453E+00 0.99877205E+00 0.99794683E+00 0.99550285E+00 0.98896434E+00 0.97208338E+00 0.93011302E+00 0.83532171E+00 0.66407988E+00 0.45029196E+00 0.27454028E+00 0.17001126E+00 0.11944327E+00 0.10139004E+00 0.10543579E+00 0.13054147E+00 0.18131555E+00 0.26244044E+00 0.37009830E+00 0.48764641E+00 0.59432842E+00
0.61731203E+00 0.62091805E+00 0.63742797E+00 0.66240472E+00 0.69042181E+00 0.71672153E+00 0.73815098E+00 0.75317477E+00 0.76135715E+00 0.76284245E+00 0.75813595E+00 0.74823899E+00 0.73501156E+00 0.72146025E+00 0.71155402E+00 0.70939450E+00 0.71810618E+00 0.73913501E+00 0.77223777E+00 0.81552918E+00 0.86468898E+00 0.91228215E+00 0.95024980E+00 0.97487819E+00 0.98815100E+00 0.99436234E+00 0.99697455E+00 0.99787785E+00 0.99778648E+00 0.99655731E+00 0.99297747E+00 0.98364970E+00 0.96007730E+00 0.90332607E+00 0.78364426E+00 0.59164520E+00 0.38437586E+00 0.23328828E+00 0.14962510E+00 0.11154037E+00 0.10125387E+00 0.11193197E+00 0.14490392E+00 0.20573313E+00 0.29748160E+00 0.41200195E+00 0.52932473E+00 0.62996680E+00
0.60590050E+00 0.59790925E+00 0.60402159E+00 0.62150274E+00 0.64570421E+00 0.67154060E+00 0.69476096E+00 0.71258053E+00 0.72364379E+00 0.72768514E+00 0.72528616E+00 0.71790003E+00 0.70803921E+00 0.69931175E+00 0.69597102E+00 0.70192700E+00 0.71959426E+00 0.74913410E+00 0.78840548E+00 0.83345705E+00 0.87915417E+00 0.92001974E+00 0.95180180E+00 0.97315033E+00 0.98566185E+00 0.99220124E+00 0.99526697E+00 0.99638405E+00 0.99613770E+00 0.99418704E+00 0.98877152E+00 0.97507349E+00 0.94141034E+00 0.86430094E+00 0.71655687E+00 0.51136863E+00 0.32115923E+00 0.19691971E+00 0.13234497E+00 0.10536015E+00 0.10242270E+00 0.11999185E+00 0.16140239E+00 0.23246693E+00 0.33360008E+00 0.45220680E+00 0.56658038E+00 0.65999678E+00
0.59936989E+00 0.58079315E+00 0.57604980E+00 0.58413038E+00 0.60167639E+00 0.62411331E+00 0.64684884E+00 0.66621900E+00 0.67994167E+00 0.68714010E+00 0.68821822E+00 0.68480339E+00 0.67972830E+00 0.67681779E+00 0.68025539E+00 0.69355398E+00 0.71845054E+00 0.75417497E+00 0.79747275E+00 0.84346662E+00 0.88700134E+00 0.92393484E+00 0.95203222E+00 0.97122309E+00 0.98306280E+00 0.98970267E+00 0.99301060E+00 0.99416051E+00 0.99350505E+00 0.99032789E+00 0.98195406E+00 0.96137812E+00 0.91272333E+00 0.80918189E+00 0.63438296E+00 0.42840519E+00 0.26385548E+00 0.16603684E+00 0.11816112E+00 0.10092311E+00 0.10500301E+00 0.12975162E+00 0.18002618E+00 0.26102592E+00 0.36967903E+00 0.48950594E+00 0.59886219E+00 0.68464254E+00
0.59475662E+00 0.56738021E+00 0.55258089E+00 0.55081973E+00 0.56011167E+00 0.57686446E+00 0.59683897E+00 0.61608625E+00 0.63167254E+00 0.64206877E+00 0.64726118E+00 0.64871426E+00 0.64921086E+00 0.65245679E+00 0.66234648E+00 0.68195531E+00 0.71250943E+00 0.75270487E+00 0.79879262E+00 0.84562855E+00 0.88829637E+00 0.92346381E+00 0.94988908E+00 0.96810980E+00 0.97969372E+00 0.98645299E+00 0.98988315E+00 0.99085893E+00 0.98940064E+00 0.98414888E+00 0.97093211E+00 0.93954558E+00 0.86945008E+00 0.73500677E+00 0.54095446E+00 0.34876523E+00 0.21452529E+00 0.14066086E+00 0.10690504E+00 0.98201597E-01 0.10906500E+00 0.14126499E+00 0.20057048E+00 0.29064016E+00 0.40448275E+00 0.52290503E+00 0.62593469E+00 0.70427721E+00
0.58898192E+00 0.55478120E+00 0.53137813E+00 0.52034497E+00 0.52091606E+00 0.53060982E+00 0.54596674E+00 0.56331472E+00 0.57950885E+00 0.59252728E+00 0.60182430E+00 0.60841871E+00 0.61471604E+00 0.62403870E+00 0.63986389E+00 0.66486402E+00 0.69994860E+00 0.74361913E+00 0.79205179E+00 0.84015798E+00 0.88324880E+00 0.91838122E+00 0.94472158E+00 0.96304300E+00 0.97490497E+00 0.98194628E+00 0.98542707E+00 0.98593112E+00 0.98298548E+00 0.97416522E+00 0.95296752E+00 0.90500613E+00 0.80653470E+00 0.64203143E+00 0.44362007E+00 0.27760453E+00 0.17390402E+00 0.12039634E+00 0.98314430E-01 0.97131037E-01 0.11462537E+00 0.15445916E+00 0.22259033E+00 0.32029627E+00 0.43678894E+00 0.55168431E+00 0.64780176E+00 0.71931986E+00
0.57959781E+00 0.54040296E+00 0.51004962E+00 0.49085061E+00 0.48301531E+00 0.48509443E+00 0.49456160E+00 0.50839452E+00 0.52367738E+00 0.53820219E+00 0.55095779E+00 0.56237714E+00 0.57425909E+00 0.58934614E+00 0.61060929E+00 0.64035552E+00 0.67932864E+00 0.72607044E+00 0.77693290E+00 0.82702259E+00 0.87178629E+00 0.90835712E+00 0.93594391E+00 0.95532400E+00 0.96800391E+00 0.97550558E+00 0.97889051E+00 0.97837295E+00 0.97269550E+00 0.95772518E+00 0.92363704E+00 0.85179561E+00 0.72065965E+00 0.53585773E+00 0.35114940E+00 0.21794300E+00 0.14163504E+00 0.10461591E+00 0.92084436E-01 0.97612672E-01 0.12162274E+00 0.16909058E+00 0.24538467E+00 0.34882400E+00 0.46550936E+00 0.57539528E+00 0.66460801E+00 0.73015338E+00
0.56525132E+00 0.52265319E+00 0.48696522E+00 0.46091800E+00 0.44544643E+00 0.43996897E+00 0.44285814E+00 0.45189321E+00 0.46469981E+00 0.47922620E+00 0.49421947E+00 0.50957089E+00 0.52638608E+00 0.54670854E+00 0.57292982E+00 0.60699529E+00 0.64956032E+00 0.69933354E+00 0.75297051E+00 0.80582673E+00 0.85339849E+00 0.89267814E+00 0.92266570E+00 0.94396273E+00 0.95794548E+00 0.96599423E+00 0.96890969E+00 0.96632976E+00 0.95572832E+00 0.93042187E+00 0.87665183E+00 0.77420878E+00 0.61377420E+00 0.42699292E+00 0.27061790E+00 0.17044314E+00 0.11669759E+00 0.92613445E-01 0.87900427E-01 0.99507859E-01 0.12988896E+00 0.18471330E+00 0.26802533E+00 0.37501491E+00 0.48976697E+00 0.59380590E+00 0.67654158E+00 0.73706423E+00
0.54592146E+00 0.50130417E+00 0.46176245E+00 0.43020719E+00 0.40809414E+00 0.39553715E+00 0.39167922E+00 0.39507363E+00 0.40401356E+00 0.41686135E+00 0.43240987E+00 0.45021657E+00 0.47077912E+00 0.49543604E+00 0.52596131E+00 0.56391390E+00 0.60986757E+00 0.66273306E+00 0.71951191E+00 0.77582008E+00 0.82714092E+00 0.87017873E+00 0.90353432E+00 0.92746302E+00 0.94308645E+00 0.95153034E+00 0.95314790E+00 0.94661903E+00 0.92747118E+00 0.88577233E+00 0.80500433E+00 0.67065975E+00 0.49534415E+00 0.32692925E+00 0.20544781E+00 0.13405119E+00 0.97814339E-01 0.83704914E-01 0.85453314E-01 0.10262640E+00 0.13912427E+00 0.20067568E+00 0.28943432E+00 0.39774327E+00 0.50891871E+00 0.60682112E+00 0.68375415E+00 0.74020035E+00
0.52298818E+00 0.47754671E+00 0.43543288E+00 0.39959946E+00 0.37188765E+00 0.35297117E+00 0.34261432E+00 0.34001031E+00 0.34407069E+00 0.35366462E+00 0.36785527E+00 0.38614312E+00 0.40865296E+00 0.43615914E+00 0.46986786E+00 0.51094421E+00 0.55985197E+00 0.61567817E+00 0.67575463E+00 0.73594077E+00 0.79165818E+00 0.83921325E+00 0.87664141E+00 0.90366363E+00 0.92095699E+00 0.92916936E+00 0.92786465E+00 0.91421560E+00 0.88119049E+00 0.81612459E+00 0.70469188E+00 0.54807443E+00 0.37977300E+00 0.24349915E+00 0.15555997E+00 0.10688771E+00 0.83730271E-01 0.77280089E-01 0.84442295E-01 0.10671471E+00 0.14888839E+00 0.21615894E+00 0.30849842E+00 0.41606332E+00 0.52253653E+00 0.61440675E+00 0.68630649E+00 0.73954524E+00
0.49909339E+00 0.45375292E+00 0.41004922E+00 0.37092421E+00 0.33853856E+00 0.31404441E+00 0.29770522E+00 0.28918949E+00 0.28786688E+00 0.29303557E+00 0.30409449E+00 0.32069435E+00 0.34286734E+00 0.37108396E+00 0.40615789E+00 0.44893655E+00 0.49977514E+00 0.55790123E+00 0.62093595E+00 0.68494712E+00 0.74524613E+00 0.79764026E+00 0.83942671E+00 0.86956027E+00 0.88799527E+00 0.89455046E+00 0.88753019E+00 0.86211534E+00 0.80902102E+00 0.71632198E+00 0.58033128E+00 0.42182024E+00 0.27975772E+00 0.17907431E+00 0.11878446E+00 0.86938642E-01 0.73355086E-01 0.72819585E-01 0.84572297E-01 0.11145252E+00 0.15862085E+00 0.23026217E+00 0.32420008E+00 0.42927312E+00 0.53037359E+00 0.61653976E+00 0.68414590E+00 0.73491044E+00
0.47771314E+00 0.43297747E+00 0.38824444E+00 0.34644331E+00 0.31003687E+00 0.28062488E+00 0.25889783E+00 0.24486292E+00 0.23816077E+00 0.23833679E+00 0.24502523E+00 0.25806499E+00 0.27757374E+00 0.30397709E+00 0.33795046E+00 0.38020798E+00 0.43109085E+00 0.48999128E+00 0.55480900E+00 0.62179893E+00 0.68611958E+00 0.74297484E+00 0.78872398E+00 0.82126192E+00 0.83944919E+00 0.84184553E+00 0.82512984E+00 0.78278828E+00 0.70591391E+00 0.58997914E+00 0.44731060E+00 0.30862989E+00 0.20134274E+00 0.13191391E+00 0.92284194E-01 0.72427689E-01 0.65808898E-01 0.69893668E-01 0.85554161E-01 0.11646807E+00 0.16769973E+00 0.24212532E+00 0.33574334E+00 0.43695401E+00 0.53234587E+00 0.61320311E+00 0.67712549E+00 0.72595829E+00
0.46248609E+00 0.41832425E+00 0.37262750E+00 0.32831880E+00 0.28816477E+00 0.25421816E+00 0.22757840E+00 0.20851398E+00 0.19678892E+00 0.19200192E+00 0.19383393E+00 0.20219113E+00 0.21727010E+00 0.23956514E+00 0.26980676E+00 0.30878579E+00 0.35700478E+00 0.41414312E+00 0.47845944E+00 0.54644740E+00 0.61312121E+00 0.67300031E+00 0.72129663E+00 0.75451552E+00 0.77003998E+00 0.76490433E+00 0.73450960E+00 0.67277872E+00 0.57628396E+00 0.45281365E+00 0.32514007E+00 0.21849577E+00 0.14407295E+00 0.98504780E-01 0.73416839E-01 0.61944268E-01 0.60416243E-01 0.68156137E-01 0.87114928E-01 0.12137880E+00 0.17553787E+00 0.25107072E+00 0.34266135E+00 0.43900516E+00 0.52855353E+00 0.60443943E+00 0.66508130E+00 0.71227909E+00
0.45651381E+00 0.41238602E+00 0.36533455E+00 0.31825780E+00 0.27422119E+00 0.23575626E+00 0.20440220E+00 0.18067882E+00 0.16439548E+00 0.15506178E+00 0.15222384E+00 0.15567143E+00 0.16553540E+00 0.18230684E+00 0.20678473E+00 0.23992219E+00 0.28251325E+00 0.33467609E+00 0.39519183E+00 0.46095864E+00 0.52697644E+00 0.58710836E+00 0.63529610E+00 0.66642872E+00 0.67627370E+00 0.66073403E+00 0.61567861E+00 0.53923859E+00 0.43714196E+00 0.32606464E+00 0.22697600E+00 0.15272806E+00 0.10406796E+00 0.75245269E-01 0.60068527E-01 0.54438903E-01 0.56680772E-01 0.67341840E-01 0.89022316E-01 0.12585725E+00 0.18170136E+00 0.25673701E+00 0.34490064E+00 0.43568945E+00 0.51935274E+00 0.59047186E+00 0.64798614E+00 0.69355669E+00
0.46183745E+00 0.41688740E+00 0.36779909E+00 0.31738866E+00 0.26899158E+00 0.22565133E+00 0.18942092E+00 0.16112764E+00 0.14062099E+00 0.12724887E+00 0.12029893E+00 0.11928918E+00 0.12411502E+00 0.13509801E+00 0.15296178E+00 0.17871822E+00 0.21340552E+00 0.25760704E+00 0.31074629E+00 0.37034419E+00 0.43166181E+00 0.48814901E+00 0.53262915E+00 0.55852714E+00 0.56048572E+00 0.53466888E+00 0.48001776E+00 0.40116020E+00 0.31047708E+00 0.22450280E+00 0.15561024E+00 0.10734114E+00 0.76786080E-01 0.59183532E-01 0.50684794E-01 0.49167738E-01 0.54258600E-01 0.67271412E-01 0.91121777E-01 0.12971039E+00 0.18602375E+00 0.25917992E+00 0.34287783E+00 0.42769086E+00 0.50546756E+00 0.57188179E+00 0.62618364E+00 0.66984817E+00
0.47910783E+00 0.43248553E+00 0.38065861E+00 0.32626483E+00 0.27284604E+00 0.22398426E+00 0.18235791E+00 0.14922542E+00 0.12454243E+00 0.10748590E+00 0.97020535E-01 0.92295873E-01 0.92852021E-01 0.98695813E-01 0.11030080E+00 0.12853646E+00 0.15447667E+00 0.18899778E+00 0.23210017E+00 0.28204330E+00 0.33467404E+00 0.38351067E+00 0.42083550E+00 0.43936138E+00 0.43379146E+00 0.40224537E+00 0.34788524E+00 0.27978725E+00 0.21064643E+00 0.15136028E+00 0.10694799E+00 0.76952533E-01 0.58381634E-01 0.48153770E-01 0.44181886E-01 0.45629468E-01 0.52937626E-01 0.67862069E-01 0.93377833E-01 0.13295147E+00 0.18868452E+00 0.25891740E+00 0.33749725E+00 0.41615985E+00 0.48810224E+00 0.54979813E+00 0.60066025E+00 0.64194910E+00
0.50736762E+00 0.45860991E+00 0.40365543E+00 0.34484003E+00 0.28580296E+00 0.23066178E+00 0.18285461E+00 0.14426602E+00 0.11510421E+00 0.94426488E-01 0.80853095E-01 0.73111169E-01 0.70320877E-01 0.72096314E-01 0.78551468E-01 0.90250813E-01 0.10807727E+00 0.13293030E+00 0.16514844E+00 0.20365239E+00 0.24509471E+00 0.28363847E+00 0.31192337E+00 0.32309739E+00 0.31313614E+00 0.28265488E+00 0.23745488E+00 0.18684395E+00 0.13989975E+00 0.10213959E+00 0.74892961E-01 0.56873276E-01 0.46031216E-01 0.40663018E-01 0.39836100E-01 0.43512229E-01 0.52623974E-01 0.69140097E-01 0.95907433E-01 0.13584190E+00 0.19022826E+00 0.25690494E+00 0.33011086E+00 0.40270575E+00 0.46898909E+00 0.52601055E+00 0.57324247E+00 0.61170750E+00
0.54400772E+00 0.49334864E+00 0.43549282E+00 0.37233838E+00 0.30745777E+00 0.24543299E+00 0.19057913E+00 0.14566387E+00 0.11139223E+00 0.86829679E-01 0.70269343E-01 0.59981916E-01 0.54628920E-01 0.53401807E-01 0.56020949E-01 0.62679318E-01 0.73937732E-01 0.90505703E-01 0.11279600E+00 0.14018861E+00 0.17018454E+00 0.19803340E+00 0.21755823E+00 0.22327528E+00 0.21285297E+00 0.18845409E+00 0.15596717E+00 0.12237863E+00 0.92980513E-01 0.70182655E-01 0.54079412E-01 0.43668520E-01 0.37810399E-01 0.35723987E-01 0.37189642E-01 0.42654931E-01 0.53334171E-01 0.71250175E-01 0.98995144E-01 0.13889043E+00 0.19151903E+00 0.25444142E+00 0.32240858E+00 0.38930017E+00 0.45030995E+00 0.50290892E+00 0.54656730E+00 0.58205708E+00
0.58514044E+00 0.53357544E+00 0.47378398E+00 0.40709567E+00 0.33679625E+00 0.26774834E+00 0.20516956E+00 0.15298039E+00 0.11272944E+00 0.83724973E-01 0.64007896E-01 0.51372728E-01 0.43984306E-01 0.40593327E-01 0.40530481E-01 0.43623293E-01 0.50085913E-01 0.60347362E-01 0.74724549E-01 0.92856448E-01 0.11299674E+00 0.13164156E+00 0.14419654E+00 0.14683870E+00 0.13854075E+00 0.12169763E+00 0.10080844E+00 0.80275189E-01 0.62903400E-01 0.49722237E-01 0.40613253E-01 0.35027738E-01 0.32463312E-01 0.32710128E-01 0.35982336E-01 0.43022357E-01 0.55191580E-01 0.74459157E-01 0.10308797E+00 0.14281426E+00 0.19364676E+00 0.25302751E+00 0.31625078E+00 0.37809070E+00 0.43447721E+00 0.48321204E+00 0.52374393E+00 0.55660593E+00
0.62649381E+00 0.57550057E+00 0.51530371E+00 0.44656280E+00 0.37202967E+00 0.29653539E+00 0.22604589E+00 0.16581201E+00 0.11863187E+00 0.84419589E-01 0.61132269E-01 0.46099663E-01 0.36946598E-01 0.31953431E-01 0.30066368E-01 0.30779564E-01 0.33995899E-01 0.39868604E-01 0.48558106E-01 0.59827961E-01 0.72524938E-01 0.84286666E-01 0.92034493E-01 0.93365979E-01 0.87938647E-01 0.77623275E-01 0.65327825E-01 0.53582628E-01 0.43854961E-01 0.36646080E-01 0.31914923E-01 0.29466089E-01 0.29198310E-01 0.31250633E-01 0.36107304E-01 0.44691942E-01 0.58426456E-01 0.79155462E-01 0.10877642E+00 0.14848030E+00 0.19781845E+00 0.25421398E+00 0.31348242E+00 0.37117057E+00 0.42383292E+00 0.46956121E+00 0.50779925E+00 0.53888164E+00
0.66448554E+00 0.61552964E+00 0.55659216E+00 0.48762357E+00 0.41063352E+00 0.33003618E+00 0.25217551E+00 0.18358755E+00 0.12867029E+00 0.88410826E-01 0.60977066E-01 0.43309671E-01 0.32457937E-01 0.26186543E-01 0.23045698E-01 0.22222349E-01 0.23357414E-01 0.26374688E-01 0.31284699E-01 0.37904140E-01 0.45505743E-01 0.52617650E-01 0.57346549E-01 0.58283119E-01 0.55333086E-01 0.49692539E-01 0.43055309E-01 0.36819755E-01 0.31787872E-01 0.28274748E-01 0.26351996E-01 0.26057637E-01 0.27540134E-01 0.31161512E-01 0.37585409E-01 0.47849533E-01 0.63378967E-01 0.85846408E-01 0.11677053E+00 0.15684673E+00 0.20526218E+00 0.25947448E+00 0.31577239E+00 0.37036784E+00 0.42036160E+00 0.46412325E+00 0.50112681E+00 0.53156462E+00
0.69690752E+00 0.65101479E+00 0.59467256E+00 0.52716923E+00 0.44967644E+00 0.36585423E+00 0.28191563E+00 0.20534539E+00 0.14227831E+00 0.95245502E-01 0.63042528E-01 0.42394350E-01 0.29773132E-01 0.22377521E-01 0.18332604E-01 0.16526923E-01 0.16378468E-01 0.17631974E-01 0.20178748E-01 0.23855043E-01 0.28215393E-01 0.32402284E-01 0.35329638E-01 0.36204276E-01 0.34983235E-01 0.32330805E-01 0.29169855E-01 0.26269569E-01 0.24106985E-01 0.22935394E-01 0.22917179E-01 0.24244071E-01 0.27232329E-01 0.32403113E-01 0.40552116E-01 0.52789807E-01 0.70501572E-01 0.95151233E-01 0.12787269E+00 0.16890916E+00 0.21714975E+00 0.27010862E+00 0.32449164E+00 0.37708443E+00 0.42547387E+00 0.46830182E+00 0.50510464E+00 0.53598315E+00
