Advanced/Day1/qtaim/urea/crystal/pato/urea_cry_pl2d_pato.SURFLAPM
DSAA
 161 161
-0.75589045E+01  0.75589045E+01  0.94486307E-01
-0.75589045E+01  0.75589045E+01  0.94486307E-01
 0.00000000E+00  0.00000000E+00
[rows 42 to 62 of 161, columns 47 to 93 of 161]
-0.19852784E-01 -0.22083938E-01 -0.24563386E-01 -0.27291043E-01 -0.30269283E-01 -0.33501139E-01 -0.36986667E-01 -0.40717880E-01 -0.44673387E-01 -0.48814846E-01 -0.53087691E-01 -0.57428785E-01 -0.61782798E-01 -0.66127384E-01 -0.70504724E-01 -0.75054083E-01 -0.80037596E-01 -0.85850351E-01 -0.93006847E-01 -0.10209914E+00 -0.11372699E+00 -0.12840610E+00 -0.14646596E+00 -0.16795330E+00 -0.19256006E+00 -0.21959404E+00 -0.24800719E+00 -0.27648317E+00 -0.30357344E+00 -0.32785255E+00 -0.34805840E+00 -0.36318786E+00 -0.37253699E+00 -0.37569757E+00 -0.37253699E+00 -0.36318786E+00 -0.34805840E+00 -0.32785255E+00 -0.30357344E+00 -0.27648317E+00 -0.24800719E+00 -0.21959404E+00 -0.19256006E+00 -0.16795330E+00 -0.14646596E+00 -0.12840610E+00 -0.11372699E+00
-0.22551541E-01 -0.24881023E-01 -0.27374129E-01 -0.30019832E-01 -0.32817503E-01 -0.35776906E-01 -0.38915045E-01 -0.42249849E-01 -0.45791679E-01 -0.49534745E-01 -0.53451254E-01 -0.57491354E-01 -0.61591268E-01 -0.65690534E-01 -0.69757032E-01 -0.73815954E-01 -0.77976580E-01 -0.82449459E-01 -0.87546961E-01 -0.93662378E-01 -0.10122656E+00 -0.11064567E+00 -0.12222806E+00 -0.13611147E+00 -0.15220344E+00 -0.17014727E+00 -0.18932290E+00 -0.20888604E+00 -0.22784215E+00 -0.24514259E+00 -0.25978612E+00 -0.27090975E+00 -0.27785653E+00 -0.28021817E+00 -0.27785653E+00 -0.27090975E+00 -0.25978612E+00 -0.24514259E+00 -0.22784215E+00 -0.20888604E+00 -0.18932290E+00 -0.17014727E+00 -0.15220344E+00 -0.13611147E+00 -0.12222806E+00 -0.11064567E+00 -0.10122656E+00
-0.25594183E-01 -0.27956585E-01 -0.30363426E-01 -0.32793107E-01 -0.35246556E-01 -0.37749250E-01 -0.40347989E-01 -0.43101976E-01 -0.46069343E-01 -0.49291748E-01 -0.52780824E-01 -0.56510331E-01 -0.60417231E-01 -0.64413212E-01 -0.68405999E-01 -0.72327285E-01 -0.76161863E-01 -0.79971190E-01 -0.83904659E-01 -0.88193637E-01 -0.93126470E-01 -0.99006524E-01 -0.10609902E+00 -0.11457504E+00 -0.12446241E+00 -0.13561235E+00 -0.14768905E+00 -0.16018540E+00 -0.17246385E+00 -0.18381688E+00 -0.19353765E+00 -0.20099137E+00 -0.20567732E+00 -0.20727589E+00 -0.20567732E+00 -0.20099137E+00 -0.19353765E+00 -0.18381688E+00 -0.17246385E+00 -0.16018540E+00 -0.14768905E+00 -0.13561235E+00 -0.12446241E+00 -0.11457504E+00 -0.10609902E+00 -0.99006524E-01 -0.93126470E-01
-0.28814776E-01 -0.31067070E-01 -0.33192810E-01 -0.35162406E-01 -0.36987698E-01 -0.38726103E-01 -0.40475906E-01 -0.42362045E-01 -0.44514312E-01 -0.47042189E-01 -0.50011654E-01 -0.53429186E-01 -0.57236664E-01 -0.61319117E-01 -0.65524960E-01 -0.69695937E-01 -0.73701527E-01 -0.77470715E-01 -0.81013749E-01 -0.84428124E-01 -0.87886338E-01 -0.91606861E-01 -0.95813281E-01 -0.10068882E+00 -0.10633415E+00 -0.11273586E+00 -0.11975100E+00 -0.12711051E+00 -0.13444149E+00 -0.14130510E+00 -0.14724463E+00 -0.15183698E+00 -0.15474062E+00 -0.15573405E+00 -0.15474062E+00 -0.15183698E+00 -0.14724463E+00 -0.14130510E+00 -0.13444149E+00 -0.12711051E+00 -0.11975100E+00 -0.11273586E+00 -0.10633415E+00 -0.10068882E+00 -0.95813281E-01 -0.91606861E-01 -0.87886338E-01
-0.31958914E-01 -0.33853353E-01 -0.35377628E-01 -0.36501264E-01 -0.37264604E-01 -0.37784232E-01 -0.38243320E-01 -0.38866798E-01 -0.39885908E-01 -0.41499806E-01 -0.43842150E-01 -0.46958271E-01 -0.50795910E-01 -0.55210396E-01 -0.59984438E-01 -0.64861181E-01 -0.69586410E-01 -0.73952316E-01 -0.77833176E-01 -0.81204427E-01 -0.84140844E-01 -0.86794961E-01 -0.89361369E-01 -0.92034801E-01 -0.94970047E-01 -0.98250355E-01 -0.10186881E+00 -0.10572476E+00 -0.10963514E+00 -0.11335821E+00 -0.11662593E+00 -0.11918006E+00 -0.12080682E+00 -0.12136544E+00 -0.12080682E+00 -0.11918006E+00 -0.11662593E+00 -0.11335821E+00 -0.10963514E+00 -0.10572476E+00 -0.10186881E+00 -0.98250355E-01 -0.94970047E-01 -0.92034801E-01 -0.89361369E-01 -0.86794961E-01 -0.84140844E-01
-0.34683968E-01 -0.35846048E-01 -0.36302626E-01 -0.36039653E-01 -0.35158777E-01 -0.33880014E-01 -0.32518355E-01 -0.31437731E-01 -0.30994344E-01 -0.31484294E-01 -0.33105984E-01 -0.35939452E-01 -0.39938992E-01 -0.44935641E-01 -0.50650741E-01 -0.56725160E-01 -0.62766359E-01 -0.68407633E-01 -0.73365812E-01 -0.77481507E-01 -0.80731535E-01 -0.83212830E-01 -0.85105536E-01 -0.86626709E-01 -0.87985400E-01 -0.89346768E-01 -0.90809357E-01 -0.92396653E-01 -0.94061875E-01 -0.95703405E-01 -0.97187393E-01 -0.98373572E-01 -0.99140347E-01 -0.99405593E-01 -0.99140347E-01 -0.98373572E-01 -0.97187393E-01 -0.95703405E-01 -0.94061875E-01 -0.92396653E-01 -0.90809357E-01 -0.89346768E-01 -0.87985400E-01 -0.86626709E-01 -0.85105536E-01 -0.83212830E-01 -0.80731535E-01
-0.36580278E-01 -0.36504377E-01 -0.35291616E-01 -0.32984447E-01 -0.29807182E-01 -0.26152945E-01 -0.22525639E-01 -0.19452867E-01 -0.17400385E-01 -0.16716125E-01 -0.17612565E-01 -0.20174156E-01 -0.24366956E-01 -0.30035800E-01 -0.36892800E-01 -0.44517066E-01 -0.52387243E-01 -0.59952739E-01 -0.66726151E-01 -0.72364879E-01 -0.76714303E-01 -0.79803458E-01 -0.81803186E-01 -0.82966240E-01 -0.83567705E-01 -0.83857565E-01 -0.84030225E-01 -0.84210993E-01 -0.84456811E-01 -0.84767465E-01 -0.85103240E-01 -0.85405197E-01 -0.85614739E-01 -0.85689679E-01 -0.85614739E-01 -0.85405197E-01 -0.85103240E-01 -0.84767465E-01 -0.84456811E-01 -0.84210993E-01 -0.84030225E-01 -0.83857565E-01 -0.83567705E-01 -0.82966240E-01 -0.81803186E-01 -0.79803458E-01 -0.76714303E-01
-0.37222842E-01 -0.35304594E-01 -0.31757345E-01 -0.26765594E-01 -0.20785964E-01 -0.14484530E-01 -0.86009436E-02 -0.37906407E-02 -0.51471550E-03 0.98006444E-03 0.60337588E-03 -0.16609674E-02 -0.58049287E-02 -0.11783447E-01 -0.19446161E-01 -0.28456110E-01 -0.38255661E-01 -0.48121971E-01 -0.57303478E-01 -0.65179681E-01 -0.71375784E-01 -0.75795219E-01 -0.78577217E-01 -0.80013539E-01 -0.80460032E-01 -0.80265639E-01 -0.79726920E-01 -0.79066715E-01 -0.78431465E-01 -0.77900909E-01 -0.77504544E-01 -0.77240358E-01 -0.77092464E-01 -0.77045248E-01 -0.77092464E-01 -0.77240358E-01 -0.77504544E-01 -0.77900909E-01 -0.78431465E-01 -0.79066715E-01 -0.79726920E-01 -0.80265639E-01 -0.80460032E-01 -0.80013539E-01 -0.78577217E-01 -0.75795219E-01 -0.71375784E-01
-0.36258982E-01 -0.31885659E-01 -0.25438798E-01 -0.17405256E-01 -0.86444965E-02 -0.20235404E-03 0.69738522E-02 0.12282350E-01 0.15544948E-01 0.16892142E-01 0.16551146E-01 0.14662154E-01 0.11190595E-01 0.59478951E-02 -0.12807860E-02 -0.10529499E-01 -0.21458902E-01 -0.33305831E-01 -0.45033783E-01 -0.55613252E-01 -0.64285077E-01 -0.70693355E-01 -0.74868648E-01 -0.77115686E-01 -0.77876325E-01 -0.77615606E-01 -0.76748327E-01 -0.75603642E-01 -0.74417525E-01 -0.73342318E-01 -0.72464732E-01 -0.71826179E-01 -0.71441433E-01 -0.71313229E-01 -0.71441433E-01 -0.71826179E-01 -0.72464732E-01 -0.73342318E-01 -0.74417525E-01 -0.75603642E-01 -0.76748327E-01 -0.77615606E-01 -0.77876325E-01 -0.77115686E-01 -0.74868648E-01 -0.70693355E-01 -0.64285077E-01
-0.33525330E-01 -0.26233270E-01 -0.16676749E-01 -0.58919417E-02 0.46651798E-02 0.13563651E-01 0.19907134E-01 0.23594753E-01 0.25154193E-01 0.25294899E-01 0.24532213E-01 0.23079657E-01 0.20885520E-01 0.17619802E-01 0.12664345E-01 0.53205029E-02 -0.47498543E-02 -0.17142448E-01 -0.30700919E-01 -0.43903180E-01 -0.55383262E-01 -0.64294934E-01 -0.70397489E-01 -0.73927952E-01 -0.75393157E-01 -0.75383717E-01 -0.74451156E-01 -0.73046981E-01 -0.71506057E-01 -0.70055871E-01 -0.68837812E-01 -0.67931469E-01 -0.67376637E-01 -0.67190207E-01 -0.67376637E-01 -0.67931469E-01 -0.68837812E-01 -0.70055871E-01 -0.71506057E-01 -0.73046981E-01 -0.74451156E-01 -0.75383717E-01 -0.75393157E-01 -0.73927952E-01 -0.70397489E-01 -0.64294934E-01 -0.55383262E-01
-0.29165845E-01 -0.18839144E-01 -0.65909728E-02 0.57168971E-02 0.15980087E-01 0.22758692E-01 0.26002207E-01 0.26954274E-01 0.27147882E-01 0.27273527E-01 0.26970651E-01 0.25695397E-01 0.23584950E-01 0.21234335E-01 0.18668608E-01 0.14795470E-01 0.80377677E-02 -0.24488460E-02 -0.16054790E-01 -0.30973126E-01 -0.45073122E-01 -0.56720436E-01 -0.65141993E-01 -0.70349446E-01 -0.72849209E-01 -0.73347097E-01 -0.72543959E-01 -0.71030616E-01 -0.69254228E-01 -0.67525312E-01 -0.66043036E-01 -0.64925134E-01 -0.64234961E-01 -0.64002088E-01 -0.64234961E-01 -0.64925134E-01 -0.66043036E-01 -0.67525312E-01 -0.69254228E-01 -0.71030616E-01 -0.72543959E-01 -0.73347097E-01 -0.72849209E-01 -0.70349446E-01 -0.65141993E-01 -0.56720436E-01 -0.45073122E-01
-0.23701070E-01 -0.10734893E-01 0.30297892E-02 0.14785194E-01 0.22229458E-01 0.25193522E-01 0.26324332E-01 0.29616309E-01 0.37143227E-01 0.46534925E-01 0.52141798E-01 0.49714346E-01 0.40296480E-01 0.29240413E-01 0.21405862E-01 0.17436870E-01 0.14153062E-01 0.77338397E-02 -0.34789457E-02 -0.18366603E-01 -0.34234559E-01 -0.48430466E-01 -0.59328435E-01 -0.66479293E-01 -0.70268509E-01 -0.71476730E-01 -0.70952982E-01 -0.69439096E-01 -0.67506800E-01 -0.65558469E-01 -0.63856106E-01 -0.62557804E-01 -0.61751050E-01 -0.61478021E-01 -0.61751050E-01 -0.62557804E-01 -0.63856106E-01 -0.65558469E-01 -0.67506800E-01 -0.69439096E-01 -0.70952982E-01 -0.71476730E-01 -0.70268509E-01 -0.66479293E-01 -0.59328435E-01 -0.48430466E-01 -0.34234559E-01
-0.17997730E-01 -0.33199638E-02 0.10220443E-01 0.19215439E-01 0.22640409E-01 0.24516888E-01 0.33917200E-01 0.59993048E-01 0.10328877E+00 0.15005356E+00 0.17763124E+00 0.17023835E+00 0.13173084E+00 0.82381351E-01 0.43053726E-01 0.22212052E-01 0.15165236E-01 0.11890128E-01 0.48646482E-02 -0.78831217E-02 -0.24095607E-01 -0.40186880E-01 -0.53411534E-01 -0.62586542E-01 -0.67809359E-01 -0.69862879E-01 -0.69724504E-01 -0.68288479E-01 -0.66257712E-01 -0.64132300E-01 -0.62240822E-01 -0.60783636E-01 -0.59873103E-01 -0.59564180E-01 -0.59873103E-01 -0.60783636E-01 -0.62240822E-01 -0.64132300E-01 -0.66257712E-01 -0.68288479E-01 -0.69724504E-01 -0.69862879E-01 -0.67809359E-01 -0.62586542E-01 -0.53411534E-01 -0.40186880E-01 -0.24095607E-01
-0.13126199E-01 0.19881202E-02 0.13536719E-01 0.18614349E-01 0.20407826E-01 0.32394730E-01 0.76775626E-01 0.17234894E+00 0.31402996E+00 0.45949974E+00 0.54408784E+00 0.52345851E+00 0.40843877E+00 0.25620243E+00 0.12721086E+00 0.50127725E-01 0.18947689E-01 0.11518557E-01 0.80238971E-02 -0.10180754E-02 -0.15962195E-01 -0.32939498E-01 -0.48027828E-01 -0.59081601E-01 -0.65731836E-01 -0.68669989E-01 -0.68964306E-01 -0.67649974E-01 -0.65558720E-01 -0.63288153E-01 -0.61233248E-01 -0.59636163E-01 -0.58633550E-01 -0.58292689E-01 -0.58633550E-01 -0.59636163E-01 -0.61233248E-01 -0.63288153E-01 -0.65558720E-01 -0.67649974E-01 -0.68964306E-01 -0.68669989E-01 -0.65731836E-01 -0.59081601E-01 -0.48027828E-01 -0.32939498E-01 -0.15962195E-01
-0.10160418E-01 0.41088325E-02 0.12508212E-01 0.14481588E-01 0.21685930E-01 0.64658537E-01 0.18902569E+00 0.43111889E+00 0.77485139E+00 0.11215729E+01 0.13222027E+01 0.12744054E+01 0.10032069E+01 0.64051503E+00 0.32586892E+00 0.12746195E+00 0.37086423E-01 0.10707453E-01 0.66109628E-02 0.14739206E-02 -0.10919901E-01 -0.27667432E-01 -0.43921645E-01 -0.56480671E-01 -0.64374181E-01 -0.68112240E-01 -0.68806655E-01 -0.67609988E-01 -0.65469863E-01 -0.63073096E-01 -0.60875133E-01 -0.59155634E-01 -0.58072586E-01 -0.57703859E-01 -0.58072586E-01 -0.59155634E-01 -0.60875133E-01 -0.63073096E-01 -0.65469863E-01 -0.67609988E-01 -0.68806655E-01 -0.68112240E-01 -0.64374181E-01 -0.56480671E-01 -0.43921645E-01 -0.27667432E-01 -0.10919901E-01
-0.10021399E-01 0.24413081E-02 0.74555373E-02 0.88162764E-02 0.30970521E-01 0.12952649E+00 0.38538640E+00 0.86284419E+00 0.15302877E+01 0.22004435E+01 0.25880998E+01 0.24963582E+01 0.19734514E+01 0.12727873E+01 0.66057281E+00 0.26615582E+00 0.76309468E-01 0.13016828E-01 0.20008314E-02 -0.42865372E-03 -0.96728994E-02 -0.25244085E-01 -0.41864559E-01 -0.55363760E-01 -0.64131230E-01 -0.68440346E-01 -0.69402525E-01 -0.68255924E-01 -0.66040898E-01 -0.63516334E-01 -0.61185576E-01 -0.59356844E-01 -0.58203526E-01 -0.57810687E-01 -0.58203526E-01 -0.59356844E-01 -0.61185576E-01 -0.63516334E-01 -0.66040898E-01 -0.68255924E-01 -0.69402525E-01 -0.68440346E-01 -0.64131230E-01 -0.55363760E-01 -0.41864559E-01 -0.25244085E-01 -0.96728994E-02
-0.13442301E-01 -0.32852113E-02 -0.12312202E-02 0.19164547E-02 0.45323139E-01 0.21352063E+00 0.62937671E+00 0.13922738E+01 0.24540400E+01 0.35202464E+01 0.41376994E+01 0.39918759E+01 0.31599232E+01 0.20460736E+01 0.10720161E+01 0.43988868E+00 0.12821266E+00 0.17358268E-01 -0.51833008E-02 -0.64687934E-02 -0.12607160E-01 -0.26388400E-01 -0.42596880E-01 -0.56333902E-01 -0.65432400E-01 -0.69932626E-01 -0.70917827E-01 -0.69677147E-01 -0.67312176E-01 -0.64628482E-01 -0.62158147E-01 -0.60224272E-01 -0.59006562E-01 -0.58592131E-01 -0.59006562E-01 -0.60224272E-01 -0.62158147E-01 -0.64628482E-01 -0.67312176E-01 -0.69677147E-01 -0.70917827E-01 -0.69932626E-01 -0.65432400E-01 -0.56333902E-01 -0.42596880E-01 -0.26388400E-01 -0.12607160E-01
-0.21048334E-01 -0.13310280E-01 -0.13731514E-01 -0.86343921E-02 0.52978186E-01 0.27909603E+00 0.82742184E+00 0.18275146E+01 0.32187141E+01 0.46172598E+01 0.54280546E+01 0.52367253E+01 0.41449887E+01 0.26849515E+01 0.14092112E+01 0.57992671E+00 0.16738719E+00 0.16740077E-01 -0.15965185E-01 -0.16629772E-01 -0.20006892E-01 -0.31709126E-01 -0.46805128E-01 -0.59984547E-01 -0.68719703E-01 -0.72886447E-01 -0.73535050E-01 -0.71972727E-01 -0.69325299E-01 -0.66413077E-01 -0.63772186E-01 -0.61722775E-01 -0.60438965E-01 -0.60003107E-01 -0.60438965E-01 -0.61722775E-01 -0.63772186E-01 -0.66413077E-01 -0.69325299E-01 -0.71972727E-01 -0.73535050E-01 -0.72886447E-01 -0.68719703E-01 -0.59984547E-01 -0.46805128E-01 -0.31709126E-01 -0.20006892E-01
-0.33465248E-01 -0.28053318E-01 -0.30777175E-01 -0.26408591E-01 0.40015068E-01 0.28433483E+00 0.87601402E+00 0.19549609E+01 0.34565422E+01 0.49669301E+01 0.58429633E+01 0.56363730E+01 0.44572196E+01 0.28809926E+01 0.15045580E+01 0.61015998E+00 0.16506569E+00 0.24237834E-02 -0.32297219E-01 -0.31301375E-01 -0.32257812E-01 -0.41785931E-01 -0.55121775E-01 -0.66873789E-01 -0.74425678E-01 -0.77608242E-01 -0.77454411E-01 -0.75260395E-01 -0.72136760E-01 -0.68882708E-01 -0.66010051E-01 -0.63815228E-01 -0.62452761E-01 -0.61992171E-01 -0.62452761E-01 -0.63815228E-01 -0.66010051E-01 -0.68882708E-01 -0.72136760E-01 -0.75260395E-01 -0.77454411E-01 -0.77608242E-01 -0.74425678E-01 -0.66873789E-01 -0.55121775E-01 -0.41785931E-01 -0.32257812E-01
-0.51351050E-01 -0.48110047E-01 -0.53078248E-01 -0.53132372E-01 0.96344696E-03 0.21349148E+00 0.73649337E+00 0.16945471E+01 0.30290479E+01 0.43711027E+01 0.51492981E+01 0.49659466E+01 0.39186590E+01 0.25181789E+01 0.12952637E+01 0.50208516E+00 0.11028837E+00 -0.29218468E-01 -0.55339793E-01 -0.51061793E-01 -0.49909434E-01 -0.57204887E-01 -0.68112531E-01 -0.77495179E-01 -0.82949168E-01 -0.84400960E-01 -0.82892309E-01 -0.79683169E-01 -0.75830038E-01 -0.72074515E-01 -0.68874618E-01 -0.66481109E-01 -0.65013863E-01 -0.64520793E-01 -0.65013863E-01 -0.66481109E-01 -0.68874618E-01 -0.72074515E-01 -0.75830038E-01 -0.79683169E-01 -0.82892309E-01 -0.84400960E-01 -0.82949168E-01 -0.77495179E-01 -0.68112531E-01 -0.57204887E-01 -0.49909434E-01
-0.75275549E-01 -0.74050811E-01 -0.80806492E-01 -0.87094484E-01 -0.56405869E-01 0.90152632E-01 0.46695661E+00 0.11660978E+01 0.21427011E+01 0.31245449E+01 0.36934831E+01 0.35596031E+01 0.27940117E+01 0.17694216E+01 0.87513353E+00 0.29824803E+00 0.19067962E-01 -0.73531791E-01 -0.84466261E-01 -0.76373477E-01 -0.73555831E-01 -0.78481488E-01 -0.86215022E-01 -0.92231739E-01 -0.94625202E-01 -0.93547773E-01 -0.90075754E-01 -0.85411645E-01 -0.80523467E-01 -0.76061915E-01 -0.72403583E-01 -0.69732432E-01 -0.68118876E-01 -0.67580451E-01 -0.68118876E-01 -0.69732432E-01 -0.72403583E-01 -0.76061915E-01 -0.80523467E-01 -0.85411645E-01 -0.90075754E-01 -0.93547773E-01 -0.94625202E-01 -0.92231739E-01 -0.86215022E-01 -0.78481488E-01 -0.73555831E-01
