Advanced/Day1/qtaim/urea/crystal/pato/urea_cry_pl2d_pato.SURFRHOO
DSAA
 161 161
-0.75589045E+01  0.75589045E+01  0.94486307E-01
-0.75589045E+01  0.75589045E+01  0.94486307E-01
 0.00000000E+00  0.00000000E+00
[rows 0 to 21 of 161, columns 48 to 95 of 161]
0.14023076E+00 0.14311336E+00 0.14744796E+00 0.15278574E+00 0.15867274E+00 0.16464530E+00 0.17025293E+00 0.17509833E+00 0.17888112E+00 0.18143565E+00 0.18275670E+00 0.18301001E+00 0.18252596E+00 0.18177550E+00 0.18132872E+00 0.18179803E+00 0.18377044E+00 0.18773622E+00 0.19402262E+00 0.20274068E+00 0.21375547E+00 0.22671103E+00 0.24121190E+00 0.25745815E+00 0.27833705E+00 0.31673894E+00 0.42012881E+00 0.74046970E+00 0.17162580E+01 0.46671798E+01 0.13480912E+02 0.39376545E+02 0.88981080E+02 0.39376545E+02 0.13480912E+02 0.46671798E+01 0.17162580E+01 0.74046970E+00 0.42012881E+00 0.31673894E+00 0.27833705E+00 0.25745815E+00 0.24121190E+00 0.22671103E+00 0.21375547E+00 0.20274068E+00 0.19402262E+00 0.18773622E+00
0.12169588E+00 0.12310195E+00 0.12565852E+00 0.12908273E+00 0.13306639E+00 0.13728023E+00 0.14139698E+00 0.14512651E+00 0.14825319E+00 0.15066822E+00 0.15239192E+00 0.15358292E+00 0.15453273E+00 0.15564475E+00 0.15739828E+00 0.16029929E+00 0.16482213E+00 0.17134828E+00 0.18010946E+00 0.19114155E+00 0.20425838E+00 0.21907570E+00 0.23518515E+00 0.25276648E+00 0.27460172E+00 0.31308139E+00 0.41360068E+00 0.72053353E+00 0.16441966E+01 0.43797830E+01 0.12248887E+02 0.32901839E+02 0.58958258E+02 0.32901839E+02 0.12248887E+02 0.43797830E+01 0.16441966E+01 0.72053353E+00 0.41360068E+00 0.31308139E+00 0.27460172E+00 0.25276648E+00 0.23518515E+00 0.21907570E+00 0.20425838E+00 0.19114155E+00 0.18010946E+00 0.17134828E+00
0.10521210E+00 0.10563950E+00 0.10696251E+00 0.10902061E+00 0.11161726E+00 0.11452997E+00 0.11753256E+00 0.12042503E+00 0.12306429E+00 0.12539074E+00 0.12744663E+00 0.12938381E+00 0.13145933E+00 0.13401795E+00 0.13746192E+00 0.14220942E+00 0.14864496E+00 0.15706687E+00 0.16763790E+00 0.18034448E+00 0.19497231E+00 0.21112392E+00 0.22836288E+00 0.24672037E+00 0.26830325E+00 0.30263716E+00 0.38380458E+00 0.61619243E+00 0.12724839E+01 0.30081828E+01 0.71573991E+01 0.14478791E+02 0.19515382E+02 0.14478791E+02 0.71573991E+01 0.30081828E+01 0.12724839E+01 0.61619243E+00 0.38380458E+00 0.30263716E+00 0.26830325E+00 0.24672037E+00 0.22836288E+00 0.21112392E+00 0.19497231E+00 0.18034448E+00 0.16763790E+00 0.15706687E+00
0.90658687E-01 0.90494147E-01 0.91024539E-01 0.92172114E-01 0.93820778E-01 0.95828643E-01 0.98048310E-01 0.10035145E+00 0.10265344E+00 0.10493449E+00 0.10725434E+00 0.10975862E+00 0.11267537E+00 0.11630092E+00 0.12097509E+00 0.12704653E+00 0.13483072E+00 0.14456483E+00 0.15636440E+00 0.17018697E+00 0.18580874E+00 0.20283331E+00 0.22079508E+00 0.23952181E+00 0.26021550E+00 0.28874369E+00 0.34541616E+00 0.48888058E+00 0.85607194E+00 0.16968544E+01 0.33097978E+01 0.54853727E+01 0.66464751E+01 0.54853727E+01 0.33097978E+01 0.16968544E+01 0.85607194E+00 0.48888058E+00 0.34541616E+00 0.28874369E+00 0.26021550E+00 0.23952181E+00 0.22079508E+00 0.20283331E+00 0.18580874E+00 0.17018697E+00 0.15636440E+00 0.14456483E+00
0.77870840E-01 0.77401763E-01 0.77475713E-01 0.78066889E-01 0.79114423E-01 0.80534968E-01 0.82240091E-01 0.84156022E-01 0.86242993E-01 0.88511686E-01 0.91034793E-01 0.93952089E-01 0.97467779E-01 0.10183927E+00 0.10735698E+00 0.11431566E+00 0.12297886E+00 0.13353999E+00 0.14608416E+00 0.16055560E+00 0.17673534E+00 0.19424200E+00 0.21259578E+00 0.23144648E+00 0.25120285E+00 0.27471933E+00 0.31173505E+00 0.38850991E+00 0.56004124E+00 0.90420758E+00 0.14575757E+01 0.20723915E+01 0.23606636E+01 0.20723915E+01 0.14575757E+01 0.90420758E+00 0.56004124E+00 0.38850991E+00 0.31173505E+00 0.27471933E+00 0.25120285E+00 0.23144648E+00 0.21259578E+00 0.19424200E+00 0.17673534E+00 0.16055560E+00 0.14608416E+00 0.13353999E+00
0.66674868E-01 0.66103565E-01 0.65961935E-01 0.66254705E-01 0.66957614E-01 0.68028614E-01 0.69422104E-01 0.71104461E-01 0.73068991E-01 0.75348605E-01 0.78024774E-01 0.81231523E-01 0.85153415E-01 0.90016640E-01 0.96072671E-01 0.10357455E+00 0.11274692E+00 0.12375237E+00 0.13665781E+00 0.15140525E+00 0.16779084E+00 0.18546014E+00 0.20394233E+00 0.22277856E+00 0.24185205E+00 0.26214481E+00 0.28740248E+00 0.32718317E+00 0.39957646E+00 0.52562493E+00 0.70475481E+00 0.88188200E+00 0.95878715E+00 0.88188200E+00 0.70475481E+00 0.52562493E+00 0.39957646E+00 0.32718317E+00 0.28740248E+00 0.26214481E+00 0.24185205E+00 0.22277856E+00 0.20394233E+00 0.18546014E+00 0.16779084E+00 0.15140525E+00 0.13665781E+00 0.12375237E+00
0.56907134E-01 0.56365466E-01 0.56168857E-01 0.56338929E-01 0.56875112E-01 0.57763891E-01 0.58990083E-01 0.60548839E-01 0.62457092E-01 0.64763235E-01 0.67554000E-01 0.70957552E-01 0.75141908E-01 0.80307852E-01 0.86675714E-01 0.94465828E-01 0.10387332E+00 0.11503916E+00 0.12802061E+00 0.14276496E+00 0.15909016E+00 0.17667708E+00 0.19508504E+00 0.21381806E+00 0.23248747E+00 0.25113252E+00 0.27077660E+00 0.29420166E+00 0.32625980E+00 0.37159500E+00 0.42783300E+00 0.47874876E+00 0.49984743E+00 0.47874876E+00 0.42783300E+00 0.37159500E+00 0.32625980E+00 0.29420166E+00 0.27077660E+00 0.25113252E+00 0.23248747E+00 0.21381806E+00 0.19508504E+00 0.17667708E+00 0.15909016E+00 0.14276496E+00 0.12802061E+00 0.11503916E+00
0.48419803E-01 0.47983909E-01 0.47829774E-01 0.47987794E-01 0.48472472E-01 0.49289732E-01 0.50445637E-01 0.51955557E-01 0.53852852E-01 0.56196214E-01 0.59074884E-01 0.62610987E-01 0.66958240E-01 0.72296292E-01 0.78820046E-01 0.86723645E-01 0.96179442E-01 0.10731331E+00 0.12017881E+00 0.13473366E+00 0.15082166E+00 0.16816359E+00 0.18636252E+00 0.20493592E+00 0.22339386E+00 0.24137846E+00 0.25885637E+00 0.27629706E+00 0.29461612E+00 0.31444333E+00 0.33453440E+00 0.35057953E+00 0.35684744E+00 0.35057953E+00 0.33453440E+00 0.31444333E+00 0.29461612E+00 0.27629706E+00 0.25885637E+00 0.24137846E+00 0.22339386E+00 0.20493592E+00 0.18636252E+00 0.16816359E+00 0.15082166E+00 0.13473366E+00 0.12017881E+00 0.10731331E+00
0.41079468E-01 0.40784178E-01 0.40723577E-01 0.40932234E-01 0.41434144E-01 0.42248364E-01 0.43395654E-01 0.44905401E-01 0.46822153E-01 0.49211126E-01 0.52162093E-01 0.55791083E-01 0.60239279E-01 0.65668479E-01 0.72252552E-01 0.80164469E-01 0.89559009E-01 0.10055201E+00 0.11319803E+00 0.12746920E+00 0.14323819E+00 0.16026799E+00 0.17821146E+00 0.19662592E+00 0.21501070E+00 0.23287262E+00 0.24980822E+00 0.26556394E+00 0.28000440E+00 0.29291383E+00 0.30366338E+00 0.31104849E+00 0.31371468E+00 0.31104849E+00 0.30366338E+00 0.29291383E+00 0.28000440E+00 0.26556394E+00 0.24980822E+00 0.23287262E+00 0.21501070E+00 0.19662592E+00 0.17821146E+00 0.16026799E+00 0.14323819E+00 0.12746920E+00 0.11319803E+00 0.10055201E+00
0.34763844E-01 0.34615871E-01 0.34668269E-01 0.34957316E-01 0.35512978E-01 0.36363202E-01 0.37538904E-01 0.39079161E-01 0.41036062E-01 0.43478771E-01 0.46496364E-01 0.50199000E-01 0.54716962E-01 0.60197085E-01 0.66796046E-01 0.74670129E-01 0.83961349E-01 0.94780391E-01 0.10718758E+00 0.12117387E+00 0.13664434E+00 0.15340635E+00 0.17116472E+00 0.18952600E+00 0.20801571E+00 0.22611093E+00 0.24328434E+00 0.25904413E+00 0.27294596E+00 0.28456206E+00 0.29342870E+00 0.29904236E+00 0.30097189E+00 0.29904236E+00 0.29342870E+00 0.28456206E+00 0.27294596E+00 0.25904413E+00 0.24328434E+00 0.22611093E+00 0.20801571E+00 0.18952600E+00 0.17116472E+00 0.15340635E+00 0.13664434E+00 0.12117387E+00 0.10718758E+00 0.94780391E-01
0.29359179E-01 0.29348203E-01 0.29513474E-01 0.29891788E-01 0.30516959E-01 0.31423053E-01 0.32648123E-01 0.34238034E-01 0.36250017E-01 0.38755605E-01 0.41842627E-01 0.45615990E-01 0.50196899E-01 0.55720184E-01 0.62329317E-01 0.70168725E-01 0.79373149E-01 0.90054088E-01 0.10228388E+00 0.11607861E+00 0.13138150E+00 0.14804866E+00 0.16583897E+00 0.18440992E+00 0.20332167E+00 0.22205178E+00 0.24002104E+00 0.25662650E+00 0.27127365E+00 0.28340148E+00 0.29250369E+00 0.29815891E+00 0.30007861E+00 0.29815891E+00 0.29250369E+00 0.28340148E+00 0.27127365E+00 0.25662650E+00 0.24002104E+00 0.22205178E+00 0.20332167E+00 0.18440992E+00 0.16583897E+00 0.14804866E+00 0.13138150E+00 0.11607861E+00 0.10228388E+00 0.90054088E-01
0.24759047E-01 0.24866184E-01 0.25133597E-01 0.25598165E-01 0.26296349E-01 0.27266630E-01 0.28552268E-01 0.30204089E-01 0.32283031E-01 0.34862197E-01 0.38028235E-01 0.41881879E-01 0.46537473E-01 0.52121265E-01 0.58768184E-01 0.66616711E-01 0.75801415E-01 0.86442807E-01 0.98634367E-01 0.11242703E+00 0.12781183E+00 0.14470193E+00 0.16291546E+00 0.18216131E+00 0.20203064E+00 0.22199762E+00 0.24143314E+00 0.25963318E+00 0.27586054E+00 0.28939578E+00 0.29959293E+00 0.30593569E+00 0.30808876E+00 0.30593569E+00 0.29959293E+00 0.28939578E+00 0.27586054E+00 0.25963318E+00 0.24143314E+00 0.22199762E+00 0.20203064E+00 0.18216131E+00 0.16291546E+00 0.14470193E+00 0.12781183E+00 0.11242703E+00 0.98634367E-01 0.86442807E-01
0.20864154E-01 0.21067829E-01 0.21422246E-01 0.21964369E-01 0.22732718E-01 0.23769207E-01 0.25121164E-01 0.26843328E-01 0.28999612E-01 0.31664517E-01 0.34924100E-01 0.38876490E-01 0.43631914E-01 0.49312178E-01 0.56049414E-01 0.63983685E-01 0.73258843E-01 0.84015825E-01 0.96382493E-01 0.11045928E+00 0.12630018E+00 0.14388923E+00 0.16311366E+00 0.18373606E+00 0.20537010E+00 0.22746617E+00 0.24931431E+00 0.27007059E+00 0.28880922E+00 0.30459658E+00 0.31657814E+00 0.32406598E+00 0.32661353E+00 0.32406598E+00 0.31657814E+00 0.30459658E+00 0.28880922E+00 0.27007059E+00 0.24931431E+00 0.22746617E+00 0.20537010E+00 0.18373606E+00 0.16311366E+00 0.14388923E+00 0.12630018E+00 0.11045928E+00 0.96382493E-01 0.84015825E-01
0.17582644E-01 0.17862212E-01 0.18287969E-01 0.18897195E-01 0.19730262E-01 0.20832022E-01 0.22253273E-01 0.24052155E-01 0.26295343E-01 0.29059029E-01 0.32429711E-01 0.36504943E-01 0.41394169E-01 0.47219750E-01 0.54118062E-01 0.62240245E-01 0.71751730E-01 0.82829201E-01 0.95653220E-01 0.11039450E+00 0.12719188E+00 0.14612078E+00 0.16715236E+00 0.19010676E+00 0.21460746E+00 0.24004793E+00 0.26558401E+00 0.29016298E+00 0.31259369E+00 0.33165168E+00 0.34620419E+00 0.35533463E+00 0.35844700E+00 0.35533463E+00 0.34620419E+00 0.33165168E+00 0.31259369E+00 0.29016298E+00 0.26558401E+00 0.24004793E+00 0.21460746E+00 0.19010676E+00 0.16715236E+00 0.14612078E+00 0.12719188E+00 0.11039450E+00 0.95653220E-01 0.82829201E-01
0.14830497E-01 0.15168128E-01 0.15651145E-01 0.16317475E-01 0.17209351E-01 0.18374368E-01 0.19866546E-01 0.21747274E-01 0.24086124E-01 0.26961604E-01 0.30462030E-01 0.34686815E-01 0.39748526E-01 0.45775932E-01 0.52918038E-01 0.61348597E-01 0.71269917E-01 0.82913956E-01 0.96537820E-01 0.11241002E+00 0.13078345E+00 0.15185187E+00 0.17568899E+00 0.20217490E+00 0.23092136E+00 0.26121534E+00 0.29200265E+00 0.32192895E+00 0.34944164E+00 0.37293941E+00 0.39094371E+00 0.40226290E+00 0.40612500E+00 0.40226290E+00 0.39094371E+00 0.37293941E+00 0.34944164E+00 0.32192895E+00 0.29200265E+00 0.26121534E+00 0.23092136E+00 0.20217490E+00 0.17568899E+00 0.15185187E+00 0.13078345E+00 0.11241002E+00 0.96537820E-01 0.82913956E-01
0.12531797E-01 0.12913147E-01 0.13441805E-01 0.14156683E-01 0.15101984E-01 0.16328024E-01 0.17891992E-01 0.19858591E-01 0.22300641E-01 0.25299806E-01 0.28947824E-01 0.33348715E-01 0.38622524E-01 0.44911010E-01 0.52385359E-01 0.61255296E-01 0.71778050E-01 0.84264300E-01 0.99076773E-01 0.11661555E+00 0.13728315E+00 0.16142309E+00 0.18923003E+00 0.22063857E+00 0.25521071E+00 0.29205397E+00 0.32980464E+00 0.36669826E+00 0.40072320E+00 0.42982815E+00 0.45214232E+00 0.46617330E+00 0.47096070E+00 0.46617330E+00 0.45214232E+00 0.42982815E+00 0.40072320E+00 0.36669826E+00 0.32980464E+00 0.29205397E+00 0.25521071E+00 0.22063857E+00 0.18923003E+00 0.16142309E+00 0.13728315E+00 0.11661555E+00 0.99076773E-01 0.84264300E-01
0.10618795E-01 0.11032915E-01 0.11598138E-01 0.12354655E-01 0.13348771E-01 0.14633564E-01 0.16269433E-01 0.18324569E-01 0.20875484E-01 0.24007939E-01 0.27818815E-01 0.32419634E-01 0.37942527E-01 0.44549266E-01 0.52443515E-01 0.61885582E-01 0.73207629E-01 0.86825416E-01 0.10324023E+00 0.12302181E+00 0.14676112E+00 0.17498259E+00 0.20801289E+00 0.24581886E+00 0.28784937E+00 0.33293307E+00 0.37928192E+00 0.42461984E+00 0.46640918E+00 0.50211675E+00 0.52946639E+00 0.54665351E+00 0.55251639E+00 0.54665351E+00 0.52946639E+00 0.50211675E+00 0.46640918E+00 0.42461984E+00 0.37928192E+00 0.33293307E+00 0.28784937E+00 0.24581886E+00 0.20801289E+00 0.17498259E+00 0.14676112E+00 0.12302181E+00 0.10324023E+00 0.86825416E-01
0.90317668E-02 0.94705922E-02 0.10065490E-01 0.10858140E-01 0.11897047E-01 0.13238089E-01 0.14944937E-01 0.17089449E-01 0.19752284E-01 0.23024229E-01 0.27008992E-01 0.31828450E-01 0.37631382E-01 0.44606576E-01 0.53000553E-01 0.63139088E-01 0.75449907E-01 0.90481239E-01 0.10890710E+00 0.13150558E+00 0.15909298E+00 0.19239818E+00 0.23187449E+00 0.27747327E+00 0.32843880E+00 0.38320630E+00 0.43946518E+00 0.49438190E+00 0.54490251E+00 0.58803891E+00 0.62110114E+00 0.64190851E+00 0.64901444E+00 0.64190851E+00 0.62110114E+00 0.58803891E+00 0.54490251E+00 0.49438190E+00 0.43946518E+00 0.38320630E+00 0.32843880E+00 0.27747327E+00 0.23187449E+00 0.19239818E+00 0.15909298E+00 0.13150558E+00 0.10890710E+00 0.90481239E-01
0.77186785E-02 0.81763623E-02 0.87956731E-02 0.96198969E-02 0.10699770E-01 0.12093959E-01 0.13869420E-01 0.16101811E-01 0.18876311E-01 0.22289534E-01 0.26453517E-01 0.31503045E-01 0.37607680E-01 0.44989610E-01 0.53947758E-01 0.64887183E-01 0.78350474E-01 0.95043993E-01 0.11584608E+00 0.14177726E+00 0.17390730E+00 0.21317743E+00 0.26013860E+00 0.31465175E+00 0.37565049E+00 0.44108560E+00 0.50810772E+00 0.57341095E+00 0.63356328E+00 0.68519837E+00 0.72511369E+00 0.75046111E+00 0.75916813E+00 0.75046111E+00 0.72511369E+00 0.68519837E+00 0.63356328E+00 0.57341095E+00 0.50810772E+00 0.44108560E+00 0.37565049E+00 0.31465175E+00 0.26013860E+00 0.21317743E+00 0.17390730E+00 0.14177726E+00 0.11584608E+00 0.95043993E-01
0.66347200E-02 0.71069529E-02 0.77464606E-02 0.85981492E-02 0.97149317E-02 0.11158174E-01 0.12998047E-01 0.15314031E-01 0.18196048E-01 0.21747118E-01 0.26088739E-01 0.31370602E-01 0.37786299E-01 0.45596491E-01 0.55160123E-01 0.66972646E-01 0.81707086E-01 0.10024847E+00 0.12370386E+00 0.15335986E+00 0.19055252E+00 0.23642218E+00 0.29156426E+00 0.35566009E+00 0.42724826E+00 0.50379396E+00 0.58206372E+00 0.65858743E+00 0.72989984E+00 0.79242305E+00 0.84216443E+00 0.87470294E+00 0.88610103E+00 0.87470294E+00 0.84216443E+00 0.79242305E+00 0.72989984E+00 0.65858743E+00 0.58206372E+00 0.50379396E+00 0.42724826E+00 0.35566009E+00 0.29156426E+00 0.23642218E+00 0.19055252E+00 0.15335986E+00 0.12370386E+00 0.10024847E+00
0.57417381E-02 0.62251566E-02 0.68811721E-02 0.77562248E-02 0.89052549E-02 0.10392142E-01 0.12290093E-01 0.14682283E-01 0.17663397E-01 0.21343102E-01 0.25852976E-01 0.31358767E-01 0.38080028E-01 0.46318910E-01 0.56498943E-01 0.69212625E-01 0.85272683E-01 0.10575464E+00 0.13200688E+00 0.16559016E+00 0.20810027E+00 0.26084254E+00 0.32438998E+00 0.39816854E+00 0.48030938E+00 0.56794913E+00 0.65787759E+00 0.74712577E+00 0.83308319E+00 0.91298049E+00 0.98239181E+00 0.10326433E+01 0.10515386E+01 0.10326433E+01 0.98239181E+00 0.91298049E+00 0.83308319E+00 0.74712577E+00 0.65787759E+00 0.56794913E+00 0.48030938E+00 0.39816854E+00 0.32438998E+00 0.26084254E+00 0.20810027E+00 0.16559016E+00 0.13200688E+00 0.10575464E+00
0.50076166E-02 0.54993403E-02 0.61683016E-02 0.70622950E-02 0.82380444E-02 0.97616559E-02 0.11709062E-01 0.14166844E-01 0.17234205E-01 0.21027307E-01 0.25687764E-01 0.31397462E-01 0.38402127E-01 0.47045732E-01 0.57816859E-01 0.71405678E-01 0.88765273E-01 0.11116166E+00 0.14018172E+00 0.17764996E+00 0.22539617E+00 0.28484304E+00 0.35647951E+00 0.43944524E+00 0.53155793E+00 0.62996540E+00 0.73219328E+00 0.83715689E+00 0.94634332E+00 0.10655299E+01 0.11999197E+01 0.13278274E+01 0.13845775E+01 0.13278274E+01 0.11999197E+01 0.10655299E+01 0.94634332E+00 0.83715689E+00 0.73219328E+00 0.62996540E+00 0.53155793E+00 0.43944524E+00 0.35647951E+00 0.28484304E+00 0.22539617E+00 0.17764996E+00 0.14018172E+00 0.11116166E+00
