Advanced/Day1/qtaim/urea/crystal/pato/urea_cry_pl2d_pato.SURFRHOO
DSAA
 161 161
-0.75589045E+01  0.75589045E+01  0.94486307E-01
-0.75589045E+01  0.75589045E+01  0.94486307E-01
 0.00000000E+00  0.00000000E+00
[rows 88 to 109 of 161, columns 48 to 95 of 161]
0.27750579E+00 0.30136934E+00 0.32729531E+00 0.35380530E+00 0.37953279E+00 0.40321581E+00 0.42367308E+00 0.43977499E+00 0.45047146E+00 0.45495475E+00 0.45291650E+00 0.44468889E+00 0.43112456E+00 0.41334296E+00 0.39255672E+00 0.37002677E+00 0.34706222E+00 0.32498718E+00 0.30505255E+00 0.28831059E+00 0.27548793E+00 0.26689701E+00 0.26242125E+00 0.26159949E+00 0.26382702E+00 0.26868677E+00 0.27642048E+00 0.28847381E+00 0.30762684E+00 0.33637858E+00 0.37255784E+00 0.40526604E+00 0.41877384E+00 0.40526604E+00 0.37255784E+00 0.33637858E+00 0.30762684E+00 0.28847381E+00 0.27642048E+00 0.26868677E+00 0.26382702E+00 0.26159949E+00 0.26242125E+00 0.26689701E+00 0.27548793E+00 0.28831059E+00 0.30505255E+00 0.32498718E+00
0.25115312E+00 0.26993397E+00 0.29096393E+00 0.31284551E+00 0.33428204E+00 0.35406979E+00 0.37111220E+00 0.38445071E+00 0.39331599E+00 0.39720304E+00 0.39594989E+00 0.38977559E+00 0.37925101E+00 0.36522422E+00 0.34874200E+00 0.33098422E+00 0.31319790E+00 0.29661254E+00 0.28233232E+00 0.27121910E+00 0.26379188E+00 0.26017256E+00 0.26010956E+00 0.26312044E+00 0.26881989E+00 0.27756756E+00 0.29171790E+00 0.31769432E+00 0.36755787E+00 0.45462653E+00 0.57658902E+00 0.69504325E+00 0.74583973E+00 0.69504325E+00 0.57658902E+00 0.45462653E+00 0.36755787E+00 0.31769432E+00 0.29171790E+00 0.27756756E+00 0.26881989E+00 0.26312044E+00 0.26010956E+00 0.26017256E+00 0.26379188E+00 0.27121910E+00 0.28233232E+00 0.29661254E+00
0.22502959E+00 0.23915513E+00 0.25558551E+00 0.27307972E+00 0.29048716E+00 0.30673236E+00 0.32083744E+00 0.33196660E+00 0.33947838E+00 0.34297666E+00 0.34235046E+00 0.33779129E+00 0.32978190E+00 0.31905976E+00 0.30656339E+00 0.29336500E+00 0.28058797E+00 0.26930779E+00 0.26044326E+00 0.25465329E+00 0.25225969E+00 0.25322048E+00 0.25719165E+00 0.26375530E+00 0.27298863E+00 0.28684337E+00 0.31251787E+00 0.36939255E+00 0.49700955E+00 0.74788673E+00 0.11374089E+01 0.15527048E+01 0.17419030E+01 0.15527048E+01 0.11374089E+01 0.74788673E+00 0.49700955E+00 0.36939255E+00 0.31251787E+00 0.28684337E+00 0.27298863E+00 0.26375530E+00 0.25719165E+00 0.25322048E+00 0.25225969E+00 0.25465329E+00 0.26044326E+00 0.26930779E+00
0.19980253E+00 0.20989479E+00 0.22219168E+00 0.23565828E+00 0.24933023E+00 0.26229362E+00 0.27370771E+00 0.28285217E+00 0.28917946E+00 0.29236023E+00 0.29231465E+00 0.28922528E+00 0.28352947E+00 0.27589075E+00 0.26715034E+00 0.25825934E+00 0.25019327E+00 0.24385418E+00 0.23997108E+00 0.23901323E+00 0.24113247E+00 0.24615822E+00 0.25369978E+00 0.26349309E+00 0.27636282E+00 0.29697848E+00 0.34170701E+00 0.45712954E+00 0.74849135E+00 0.13922361E+01 0.25552429E+01 0.40217118E+01 0.47696077E+01 0.40217118E+01 0.25552429E+01 0.13922361E+01 0.74849135E+00 0.45712954E+00 0.34170701E+00 0.29697848E+00 0.27636282E+00 0.26349309E+00 0.25369978E+00 0.24615822E+00 0.24113247E+00 0.23901323E+00 0.23997108E+00 0.24385418E+00
0.17600798E+00 0.18279746E+00 0.19156129E+00 0.20149280E+00 0.21182822E+00 0.22182821E+00 0.23080014E+00 0.23814413E+00 0.24340420E+00 0.24631178E+00 0.24681503E+00 0.24509072E+00 0.24153719E+00 0.23674733E+00 0.23146165E+00 0.22650209E+00 0.22269043E+00 0.22075862E+00 0.22126214E+00 0.22450858E+00 0.23051429E+00 0.23901565E+00 0.24961140E+00 0.26224579E+00 0.27867778E+00 0.30719933E+00 0.37742054E+00 0.57875106E+00 0.11370942E+01 0.25528515E+01 0.57141687E+01 0.10782982E+02 0.13908445E+02 0.10782982E+02 0.57141687E+01 0.25528515E+01 0.11370942E+01 0.57875106E+00 0.37742054E+00 0.30719933E+00 0.27867778E+00 0.26224579E+00 0.24961140E+00 0.23901565E+00 0.23051429E+00 0.22450858E+00 0.22126214E+00 0.22075862E+00
0.15402664E+00 0.15825604E+00 0.16415552E+00 0.17114063E+00 0.17863998E+00 0.18608422E+00 0.19292850E+00 0.19869541E+00 0.20302238E+00 0.20570241E+00 0.20671164E+00 0.20622055E+00 0.20458719E+00 0.20233161E+00 0.20009146E+00 0.19856066E+00 0.19841539E+00 0.20023527E+00 0.20442953E+00 0.21117749E+00 0.22039470E+00 0.23175461E+00 0.24486100E+00 0.25984454E+00 0.27928918E+00 0.31483841E+00 0.40903467E+00 0.69610619E+00 0.15498933E+01 0.40114181E+01 0.10761575E+02 0.26371032E+02 0.41730356E+02 0.26371032E+02 0.10761575E+02 0.40114181E+01 0.15498933E+01 0.69610619E+00 0.40903467E+00 0.31483841E+00 0.27928918E+00 0.25984454E+00 0.24486100E+00 0.23175461E+00 0.22039470E+00 0.21117749E+00 0.20442953E+00 0.20023527E+00
0.13407225E+00 0.13642115E+00 0.14012176E+00 0.14478302E+00 0.15000131E+00 0.15535887E+00 0.16044689E+00 0.16490397E+00 0.16845795E+00 0.17096202E+00 0.17241943E+00 0.17299366E+00 0.17300229E+00 0.17289387E+00 0.17320814E+00 0.17452154E+00 0.17738253E+00 0.18224364E+00 0.18939841E+00 0.19893072E+00 0.21068644E+00 0.22429879E+00 0.23937021E+00 0.25611062E+00 0.27744728E+00 0.31642369E+00 0.42109727E+00 0.74557413E+00 0.17363834E+01 0.47494677E+01 0.13846101E+02 0.41538115E+02 0.11962365E+03 0.41538115E+02 0.13846101E+02 0.47494677E+01 0.17363834E+01 0.74557413E+00 0.42109727E+00 0.31642369E+00 0.27744728E+00 0.25611062E+00 0.23937021E+00 0.22429879E+00 0.21068644E+00 0.19893072E+00 0.18939841E+00 0.18224364E+00
0.11620233E+00 0.11724655E+00 0.11935393E+00 0.12228541E+00 0.12577224E+00 0.12952230E+00 0.13324318E+00 0.13667557E+00 0.13962853E+00 0.14200996E+00 0.14384765E+00 0.14529801E+00 0.14664094E+00 0.14826002E+00 0.15060827E+00 0.15416150E+00 0.15936288E+00 0.16656464E+00 0.17597374E+00 0.18760769E+00 0.20126902E+00 0.21656769E+00 0.23308752E+00 0.25097195E+00 0.27283592E+00 0.31034860E+00 0.40601577E+00 0.69380139E+00 0.15464804E+01 0.40005496E+01 0.10718933E+02 0.26198675E+02 0.41347845E+02 0.26198675E+02 0.10718933E+02 0.40005496E+01 0.15464804E+01 0.69380139E+00 0.40601577E+00 0.31034860E+00 0.27283592E+00 0.25097195E+00 0.23308752E+00 0.21656769E+00 0.20126902E+00 0.18760769E+00 0.17597374E+00 0.16656464E+00
0.10035238E+00 0.10055331E+00 0.10157983E+00 0.10330182E+00 0.10555165E+00 0.10813529E+00 0.11085412E+00 0.11353306E+00 0.11604929E+00 0.11835698E+00 0.12050448E+00 0.12264161E+00 0.12501551E+00 0.12795435E+00 0.13183884E+00 0.13706303E+00 0.14398724E+00 0.15288804E+00 0.16391094E+00 0.17703115E+00 0.19202950E+00 0.20850731E+00 0.22601808E+00 0.24452963E+00 0.26586530E+00 0.29838227E+00 0.37167452E+00 0.57484781E+00 0.11326653E+01 0.25417414E+01 0.56799043E+01 0.10698569E+02 0.13785323E+02 0.10698569E+02 0.56799043E+01 0.25417414E+01 0.11326653E+01 0.57484781E+00 0.37167452E+00 0.29838227E+00 0.26586530E+00 0.24452963E+00 0.22601808E+00 0.20850731E+00 0.19202950E+00 0.17703115E+00 0.16391094E+00 0.15288804E+00
0.86382862E-01 0.86093967E-01 0.86446545E-01 0.87382357E-01 0.88805403E-01 0.90594700E-01 0.92623708E-01 0.94783302E-01 0.97004630E-01 0.99278625E-01 0.10166966E+00 0.10432146E+00 0.10745392E+00 0.11134995E+00 0.11633226E+00 0.12273071E+00 0.13084250E+00 0.14088912E+00 0.15297479E+00 0.16705132E+00 0.18289510E+00 0.20011307E+00 0.21823283E+00 0.23701942E+00 0.25739705E+00 0.28415511E+00 0.33372246E+00 0.45253007E+00 0.74517895E+00 0.13865284E+01 0.25408017E+01 0.39926350E+01 0.47320409E+01 0.39926350E+01 0.25408017E+01 0.13865284E+01 0.74517895E+00 0.45253007E+00 0.33372246E+00 0.28415511E+00 0.25739705E+00 0.23701942E+00 0.21823283E+00 0.20011307E+00 0.18289510E+00 0.16705132E+00 0.15297479E+00 0.14088912E+00
0.74123066E-01 0.73602933E-01 0.73585868E-01 0.74057752E-01 0.74971157E-01 0.76257600E-01 0.77843926E-01 0.79670635E-01 0.81709714E-01 0.83979789E-01 0.86556787E-01 0.89578643E-01 0.93242878E-01 0.97796164E-01 0.10351545E+00 0.11068098E+00 0.11954263E+00 0.13028273E+00 0.14297944E+00 0.15757525E+00 0.17385511E+00 0.19144511E+00 0.20986571E+00 0.22872360E+00 0.24822838E+00 0.27051258E+00 0.30293488E+00 0.36492156E+00 0.49583371E+00 0.74776666E+00 0.11358136E+01 0.15480563E+01 0.17355678E+01 0.15480563E+01 0.11358136E+01 0.74776666E+00 0.49583371E+00 0.36492156E+00 0.30293488E+00 0.27051258E+00 0.24822838E+00 0.22872360E+00 0.20986571E+00 0.19144511E+00 0.17385511E+00 0.15757525E+00 0.14297944E+00 0.13028273E+00
0.63401200E-01 0.62827997E-01 0.62654673E-01 0.62892533E-01 0.63526071E-01 0.64523562E-01 0.65850323E-01 0.67483033E-01 0.69423476E-01 0.71710174E-01 0.74426627E-01 0.77705006E-01 0.81724289E-01 0.86701988E-01 0.92878875E-01 0.10049668E+00 0.10976974E+00 0.12085286E+00 0.13380909E+00 0.14858145E+00 0.16497249E+00 0.18263836E+00 0.20111587E+00 0.21992728E+00 0.23884470E+00 0.25846618E+00 0.28139636E+00 0.31425627E+00 0.36920257E+00 0.45956773E+00 0.58314921E+00 0.70201618E+00 0.75280673E+00 0.70201618E+00 0.58314921E+00 0.45956773E+00 0.36920257E+00 0.31425627E+00 0.28139636E+00 0.25846618E+00 0.23884470E+00 0.21992728E+00 0.20111587E+00 0.18263836E+00 0.16497249E+00 0.14858145E+00 0.13380909E+00 0.12085286E+00
0.54058527E-01 0.53544682E-01 0.53353607E-01 0.53510410E-01 0.54020114E-01 0.54876265E-01 0.56071336E-01 0.57607759E-01 0.59508403E-01 0.61825451E-01 0.64646700E-01 0.68098400E-01 0.72343777E-01 0.77576446E-01 0.84008059E-01 0.91849952E-01 0.10128933E+00 0.11246171E+00 0.12542261E+00 0.14012219E+00 0.15638631E+00 0.17390825E+00 0.19226027E+00 0.21094643E+00 0.22953135E+00 0.24788434E+00 0.26657019E+00 0.28733209E+00 0.31318504E+00 0.34680195E+00 0.38617676E+00 0.42063168E+00 0.43468327E+00 0.42063168E+00 0.38617676E+00 0.34680195E+00 0.31318504E+00 0.28733209E+00 0.26657019E+00 0.24788434E+00 0.22953135E+00 0.21094643E+00 0.19226027E+00 0.17390825E+00 0.15638631E+00 0.14012219E+00 0.12542261E+00 0.11246171E+00
0.45952150E-01 0.45559055E-01 0.45431082E-01 0.45600338E-01 0.46084856E-01 0.46895337E-01 0.48043152E-01 0.49548732E-01 0.51449504E-01 0.53806595E-01 0.56709596E-01 0.60278676E-01 0.64663363E-01 0.70037266E-01 0.76588119E-01 0.84502791E-01 0.93947485E-01 0.10504434E+00 0.11784677E+00 0.13231666E+00 0.14830674E+00 0.16555110E+00 0.18366835E+00 0.20218686E+00 0.22060653E+00 0.23850739E+00 0.25569200E+00 0.27230238E+00 0.28875903E+00 0.30526870E+00 0.32085102E+00 0.33268775E+00 0.33719831E+00 0.33268775E+00 0.32085102E+00 0.30526870E+00 0.28875903E+00 0.27230238E+00 0.25569200E+00 0.23850739E+00 0.22060653E+00 0.20218686E+00 0.18366835E+00 0.16555110E+00 0.14830674E+00 0.13231666E+00 0.11784677E+00 0.10504434E+00
0.38952580E-01 0.38704716E-01 0.38679308E-01 0.38911665E-01 0.39427999E-01 0.40250591E-01 0.41403864E-01 0.42920701E-01 0.44848393E-01 0.47253647E-01 0.50226114E-01 0.53879903E-01 0.58352526E-01 0.63800686E-01 0.70392337E-01 0.78294622E-01 0.87657701E-01 0.98595202E-01 0.11116297E+00 0.12533863E+00 0.14100474E+00 0.15793821E+00 0.17580836E+00 0.19418779E+00 0.21258198E+00 0.23048153E+00 0.24742821E+00 0.26306486E+00 0.27712020E+00 0.28928591E+00 0.29902072E+00 0.30547274E+00 0.30775377E+00 0.30547274E+00 0.29902072E+00 0.28928591E+00 0.27712020E+00 0.26306486E+00 0.24742821E+00 0.23048153E+00 0.21258198E+00 0.19418779E+00 0.17580836E+00 0.15793821E+00 0.14100474E+00 0.12533863E+00 0.11116297E+00 0.98595202E-01
0.32940476E-01 0.32838020E-01 0.32927212E-01 0.33244580E-01 0.33821503E-01 0.34688126E-01 0.35877920E-01 0.37432391E-01 0.39405482E-01 0.41867247E-01 0.44906393E-01 0.48631306E-01 0.53169155E-01 0.58662593E-01 0.65263615E-01 0.73124148E-01 0.82383221E-01 0.93151047E-01 0.10549100E+00 0.11940127E+00 0.13479834E+00 0.15150456E+00 0.16924171E+00 0.18763262E+00 0.20621378E+00 0.22446134E+00 0.24182809E+00 0.25778080E+00 0.27182079E+00 0.28347726E+00 0.29228779E+00 0.29780890E+00 0.29969410E+00 0.29780890E+00 0.29228779E+00 0.28347726E+00 0.27182079E+00 0.25778080E+00 0.24182809E+00 0.22446134E+00 0.20621378E+00 0.18763262E+00 0.16924171E+00 0.15150456E+00 0.13479834E+00 0.11940127E+00 0.10549100E+00 0.93151047E-01
0.27804503E-01 0.27833601E-01 0.28033037E-01 0.28439653E-01 0.29088207E-01 0.30014324E-01 0.31257887E-01 0.32866507E-01 0.34898719E-01 0.37426610E-01 0.40537600E-01 0.44335118E-01 0.48937909E-01 0.54477655E-01 0.61094541E-01 0.68930380E-01 0.78118987E-01 0.88773713E-01 0.10097250E+00 0.11474131E+00 0.13003740E+00 0.14673397E+00 0.16460812E+00 0.18333366E+00 0.20248137E+00 0.22152915E+00 0.23988358E+00 0.25691127E+00 0.27197456E+00 0.28446632E+00 0.29384372E+00 0.29966642E+00 0.30164177E+00 0.29966642E+00 0.29384372E+00 0.28446632E+00 0.27197456E+00 0.25691127E+00 0.23988358E+00 0.22152915E+00 0.20248137E+00 0.18333366E+00 0.16460812E+00 0.14673397E+00 0.13003740E+00 0.11474131E+00 0.10097250E+00 0.88773713E-01
0.23440502E-01 0.23580888E-01 0.23877874E-01 0.24368350E-01 0.25089480E-01 0.26080921E-01 0.27387329E-01 0.29060866E-01 0.31163474E-01 0.33768695E-01 0.36962903E-01 0.40845804E-01 0.45530097E-01 0.51140121E-01 0.57809225E-01 0.65675486E-01 0.74875288E-01 0.85534259E-01 0.97755214E-01 0.11160306E+00 0.12708703E+00 0.14414116E+00 0.16260436E+00 0.18220237E+00 0.20253463E+00 0.22307051E+00 0.24315954E+00 0.26205878E+00 0.27897738E+00 0.29313456E+00 0.30382494E+00 0.31048407E+00 0.31274606E+00 0.31048407E+00 0.30382494E+00 0.29313456E+00 0.27897738E+00 0.26205878E+00 0.24315954E+00 0.22307051E+00 0.20253463E+00 0.18220237E+00 0.16260436E+00 0.14414116E+00 0.12708703E+00 0.11160306E+00 0.97755214E-01 0.85534259E-01
0.19751518E-01 0.19981614E-01 0.20360517E-01 0.20925260E-01 0.21714964E-01 0.22772519E-01 0.24146411E-01 0.25892500E-01 0.28075587E-01 0.30770663E-01 0.34063797E-01 0.38052691E-01 0.42846931E-01 0.48567914E-01 0.55348299E-01 0.63330562E-01 0.72663979E-01 0.83499057E-01 0.95978271E-01 0.11022196E+00 0.12630854E+00 0.14424873E+00 0.16395479E+00 0.18520726E+00 0.20762465E+00 0.23064340E+00 0.25351742E+00 0.27534473E+00 0.29512412E+00 0.31183803E+00 0.32455067E+00 0.33250675E+00 0.33521550E+00 0.33250675E+00 0.32455067E+00 0.31183803E+00 0.29512412E+00 0.27534473E+00 0.25351742E+00 0.23064340E+00 0.20762465E+00 0.18520726E+00 0.16395479E+00 0.14424873E+00 0.12630854E+00 0.11022196E+00 0.95978271E-01 0.83499057E-01
0.16648161E-01 0.16948087E-01 0.17393590E-01 0.18022119E-01 0.18874634E-01 0.19996875E-01 0.21440688E-01 0.23265253E-01 0.25538147E-01 0.28336222E-01 0.31746395E-01 0.35866531E-01 0.40806625E-01 0.46690413E-01 0.53657339E-01 0.61864428E-01 0.71487106E-01 0.82717422E-01 0.95757571E-01 0.11080625E+00 0.12803527E+00 0.14755471E+00 0.16936643E+00 0.19330970E+00 0.21900720E+00 0.24582471E+00 0.27286023E+00 0.29897565E+00 0.32287512E+00 0.34322290E+00 0.35878234E+00 0.36855312E+00 0.37188515E+00 0.36855312E+00 0.35878234E+00 0.34322290E+00 0.32287512E+00 0.29897565E+00 0.27286023E+00 0.24582471E+00 0.21900720E+00 0.19330970E+00 0.16936643E+00 0.14755471E+00 0.12803527E+00 0.11080625E+00 0.95757571E-01 0.82717422E-01
0.14048985E-01 0.14401998E-01 0.14900758E-01 0.15583474E-01 0.16492994E-01 0.17677783E-01 0.19192873E-01 0.21100698E-01 0.23471827E-01 0.26385679E-01 0.29931481E-01 0.34209812E-01 0.39335140E-01 0.45439647E-01 0.52678350E-01 0.61234985E-01 0.71327356E-01 0.83209892E-01 0.97170113E-01 0.11351469E+00 0.13254030E+00 0.15448509E+00 0.17945965E+00 0.20736271E+00 0.23779532E+00 0.26999621E+00 0.30282406E+00 0.33480541E+00 0.36425072E+00 0.38942122E+00 0.40871635E+00 0.42084982E+00 0.42499011E+00 0.42084982E+00 0.40871635E+00 0.38942122E+00 0.36425072E+00 0.33480541E+00 0.30282406E+00 0.26999621E+00 0.23779532E+00 0.20736271E+00 0.17945965E+00 0.15448509E+00 0.13254030E+00 0.11351469E+00 0.97170113E-01 0.83209892E-01
0.11880690E-01 0.12273568E-01 0.12814799E-01 0.13543678E-01 0.14505067E-01 0.15750160E-01 0.17337166E-01 0.19331884E-01 0.21808264E-01 0.24849179E-01 0.28547821E-01 0.33010297E-01 0.38360009E-01 0.44744351E-01 0.52343758E-01 0.61382519E-01 0.72139599E-01 0.84956340E-01 0.10023610E+00 0.11842899E+00 0.13999358E+00 0.16532807E+00 0.19466878E+00 0.22796411E+00 0.26474818E+00 0.30405120E+00 0.34438635E+00 0.38383507E+00 0.42022204E+00 0.45134254E+00 0.47519610E+00 0.49019202E+00 0.49530813E+00 0.49019202E+00 0.47519610E+00 0.45134254E+00 0.42022204E+00 0.38383507E+00 0.34438635E+00 0.30405120E+00 0.26474818E+00 0.22796411E+00 0.19466878E+00 0.16532807E+00 0.13999358E+00 0.11842899E+00 0.10023610E+00 0.84956340E-01
