Advanced/Day1/qtaim/urea/crystal/pato/urea_cry_pl2d_pato.SURFRHOO
DSAA
 161 161
-0.75589045E+01  0.75589045E+01  0.94486307E-01
-0.75589045E+01  0.75589045E+01  0.94486307E-01
 0.00000000E+00  0.00000000E+00
[rows 88 to 109 of 161, columns 0 to 47 of 161]
0.17980182E+00 0.18265456E+00 0.18193148E+00 0.17768731E+00 0.17023873E+00 0.16012219E+00 0.14802407E+00 0.13469547E+00 0.12086671E+00 0.10717632E+00 0.94124788E-01 0.82057213E-01 0.71171666E-01 0.61545448E-01 0.53169761E-01 0.45984506E-01 0.39907764E-01 0.34857514E-01 0.30765532E-01 0.27584770E-01 0.25292078E-01 0.23888057E-01 0.23395347E-01 0.23856049E-01 0.25328371E-01 0.27882203E-01 0.31593562E-01 0.36539216E-01 0.42796029E-01 0.50454679E-01 0.59661534E-01 0.70697579E-01 0.84077647E-01 0.10060160E+00 0.12122723E+00 0.14661151E+00 0.17627813E+00 0.20772385E+00 0.23626294E+00 0.25642166E+00 0.26461800E+00 0.26136523E+00 0.25117308E+00 0.24021293E+00 0.23362610E+00 0.23416489E+00 0.24234466E+00 0.25728710E+00
0.23368647E+00 0.23765719E+00 0.23665065E+00 0.23074397E+00 0.22038426E+00 0.20633232E+00 0.18956731E+00 0.17116706E+00 0.15218343E+00 0.13353473E+00 0.11593293E+00 0.99854419E-01 0.85551602E-01 0.73093622E-01 0.62420882E-01 0.53399583E-01 0.45867276E-01 0.39665601E-01 0.34660362E-01 0.30751317E-01 0.27874758E-01 0.26001773E-01 0.25134324E-01 0.25300410E-01 0.26548715E-01 0.28942620E-01 0.32553605E-01 0.37455585E-01 0.43725411E-01 0.51460605E-01 0.60830260E-01 0.72169533E-01 0.86099063E-01 0.10359117E+00 0.12583013E+00 0.15367642E+00 0.18666136E+00 0.22186450E+00 0.25365405E+00 0.27533609E+00 0.28243512E+00 0.27542424E+00 0.25961072E+00 0.24226307E+00 0.22934433E+00 0.22394025E+00 0.22654571E+00 0.23614429E+00
0.30204625E+00 0.30743120E+00 0.30606634E+00 0.29805460E+00 0.28399465E+00 0.26491267E+00 0.24214389E+00 0.21717706E+00 0.19148366E+00 0.16636058E+00 0.14281559E+00 0.12151456E+00 0.10279186E+00 0.86708581E-01 0.73134677E-01 0.61832252E-01 0.52524793E-01 0.44945995E-01 0.38868641E-01 0.34117576E-01 0.30571849E-01 0.28160560E-01 0.26855748E-01 0.26664354E-01 0.27620085E-01 0.29775261E-01 0.33192701E-01 0.37939220E-01 0.44086066E-01 0.51727772E-01 0.61035939E-01 0.72358860E-01 0.86347667E-01 0.10402765E+00 0.12665438E+00 0.15515153E+00 0.18904469E+00 0.22525645E+00 0.25780658E+00 0.27954792E+00 0.28565821E+00 0.27655745E+00 0.25778941E+00 0.23696164E+00 0.22028224E+00 0.21092410E+00 0.20937080E+00 0.21458851E+00
0.38559885E+00 0.39266406E+00 0.39087382E+00 0.38035836E+00 0.36187723E+00 0.33674156E+00 0.30667862E+00 0.27364860E+00 0.23963007E+00 0.20640394E+00 0.17537806E+00 0.14749034E+00 0.12320515E+00 0.10258776E+00 0.85421821E-01 0.71332880E-01 0.59891875E-01 0.50687384E-01 0.43367163E-01 0.37655550E-01 0.33354851E-01 0.30337750E-01 0.28535813E-01 0.27927111E-01 0.28524387E-01 0.30364010E-01 0.33495792E-01 0.37974958E-01 0.43861089E-01 0.51234656E-01 0.60246508E-01 0.71210363E-01 0.84719568E-01 0.10171069E+00 0.12332318E+00 0.15036829E+00 0.18233684E+00 0.21629484E+00 0.24663056E+00 0.26667737E+00 0.27193647E+00 0.26275895E+00 0.24423844E+00 0.22340133E+00 0.20601451E+00 0.19506153E+00 0.19104699E+00 0.19307832E+00
0.48347651E+00 0.49244300E+00 0.49017138E+00 0.47682292E+00 0.45333517E+00 0.42132017E+00 0.38290583E+00 0.34053840E+00 0.29674679E+00 0.25387847E+00 0.21384988E+00 0.17797642E+00 0.14692803E+00 0.12080806E+00 0.99310194E-01 0.81894941E-01 0.67941173E-01 0.56852106E-01 0.48115189E-01 0.41325982E-01 0.36188643E-01 0.32503779E-01 0.30151172E-01 0.29071814E-01 0.29251319E-01 0.30705226E-01 0.33466149E-01 0.37573586E-01 0.43070158E-01 0.50012988E-01 0.58513013E-01 0.68810369E-01 0.81368999E-01 0.96923377E-01 0.11635034E+00 0.14021793E+00 0.16797341E+00 0.19707680E+00 0.22285292E+00 0.23984136E+00 0.24438402E+00 0.23675355E+00 0.22106865E+00 0.20306386E+00 0.18752506E+00 0.17701904E+00 0.17208656E+00 0.17209517E+00
0.59372831E+00 0.60486607E+00 0.60204297E+00 0.58547216E+00 0.55636938E+00 0.51674876E+00 0.46917541E+00 0.41655268E+00 0.36191908E+00 0.30819392E+00 0.25787172E+00 0.21275225E+00 0.17381120E+00 0.14125247E+00 0.11469751E+00 0.93425414E-01 0.76588561E-01 0.63365809E-01 0.53048782E-01 0.45075491E-01 0.39030213E-01 0.34625725E-01 0.31678817E-01 0.30085401E-01 0.29798112E-01 0.30807178E-01 0.33124357E-01 0.36770143E-01 0.41766642E-01 0.48142367E-01 0.55958450E-01 0.65362107E-01 0.76653643E-01 0.90314458E-01 0.10690030E+00 0.12669767E+00 0.14913741E+00 0.17220954E+00 0.19242261E+00 0.20580823E+00 0.20974452E+00 0.20442776E+00 0.19281369E+00 0.17907353E+00 0.16678283E+00 0.15797019E+00 0.15319058E+00 0.15210297E+00
0.71515918E+00 0.72911108E+00 0.72556636E+00 0.70487031E+00 0.66890268E+00 0.62048562E+00 0.56282249E+00 0.49923879E+00 0.43312128E+00 0.36781449E+00 0.30634561E+00 0.25105450E+00 0.20332323E+00 0.16354293E+00 0.13130726E+00 0.10571732E+00 0.85676825E-01 0.70108266E-01 0.58075974E-01 0.48834249E-01 0.41827667E-01 0.36666908E-01 0.33095765E-01 0.30958065E-01 0.30168472E-01 0.30688227E-01 0.32505432E-01 0.35619449E-01 0.40030386E-01 0.45737448E-01 0.52752339E-01 0.61131476E-01 0.71017137E-01 0.82650782E-01 0.96293979E-01 0.11199508E+00 0.12921418E+00 0.14648097E+00 0.16142350E+00 0.17144222E+00 0.17485343E+00 0.17178903E+00 0.16416015E+00 0.15471081E+00 0.14587808E+00 0.13914782E+00 0.13504564E+00 0.13347491E+00
0.85112175E+00 0.86995977E+00 0.86513494E+00 0.83747111E+00 0.79103600E+00 0.73077905E+00 0.66104818E+00 0.58548774E+00 0.50745688E+00 0.43033230E+00 0.35742072E+00 0.29152991E+00 0.23450050E+00 0.18699995E+00 0.14866049E+00 0.11843194E+00 0.94965450E-01 0.76908054E-01 0.63074338E-01 0.52515116E-01 0.44520049E-01 0.38586842E-01 0.34378771E-01 0.31682429E-01 0.30370955E-01 0.30374109E-01 0.31654627E-01 0.34189819E-01 0.37958123E-01 0.42932257E-01 0.49082375E-01 0.56391382E-01 0.64876226E-01 0.74592410E-01 0.85582892E-01 0.97738009E-01 0.11058335E+00 0.12310668E+00 0.13381236E+00 0.14113337E+00 0.14408021E+00 0.14273654E+00 0.13823848E+00 0.13225118E+00 0.12631847E+00 0.12146456E+00 0.11814928E+00 0.11643812E+00
0.10232652E+01 0.10567431E+01 0.10479183E+01 0.10004906E+01 0.92997169E+00 0.84864099E+00 0.76188465E+00 0.67216244E+00 0.58159493E+00 0.49274231E+00 0.40864184E+00 0.33230221E+00 0.26597133E+00 0.21064859E+00 0.16607626E+00 0.13109876E+00 0.10413131E+00 0.83543910E-01 0.67892605E-01 0.56015145E-01 0.47038515E-01 0.40341904E-01 0.35504341E-01 0.32252743E-01 0.30417134E-01 0.29894802E-01 0.30622640E-01 0.32556105E-01 0.35653523E-01 0.39865732E-01 0.45132385E-01 0.51385957E-01 0.58560116E-01 0.66590132E-01 0.75384598E-01 0.84752318E-01 0.94297674E-01 0.10334708E+00 0.11100136E+00 0.11636806E+00 0.11890077E+00 0.11865001E+00 0.11625208E+00 0.11266222E+00 0.10881200E+00 0.10538153E+00 0.10275035E+00 0.10106823E+00
0.13519603E+01 0.14620255E+01 0.14314317E+01 0.12860359E+01 0.11211243E+01 0.98258197E+00 0.86496828E+00 0.75641160E+00 0.65212682E+00 0.55178673E+00 0.45721475E+00 0.37114789E+00 0.29606265E+00 0.23328121E+00 0.18270915E+00 0.14313883E+00 0.11278386E+00 0.89754918E-01 0.72357534E-01 0.59220167E-01 0.49309246E-01 0.41886948E-01 0.36449245E-01 0.32664327E-01 0.30319892E-01 0.29281478E-01 0.29460941E-01 0.30793071E-01 0.33218320E-01 0.36670505E-01 0.41069358E-01 0.46318192E-01 0.52305108E-01 0.58902002E-01 0.65951651E-01 0.73235898E-01 0.80432866E-01 0.87094271E-01 0.92685859E-01 0.96710581E-01 0.98874994E-01 0.99208146E-01 0.98055656E-01 0.95951694E-01 0.93449040E-01 0.90996065E-01 0.88896178E-01 0.87327856E-01
0.24178160E+01 0.29764822E+01 0.28140261E+01 0.21189821E+01 0.15069650E+01 0.11629202E+01 0.97246269E+00 0.83540903E+00 0.71562573E+00 0.60421687E+00 0.50029842E+00 0.40573677E+00 0.32297210E+00 0.25357252E+00 0.19762387E+00 0.15391267E+00 0.12049587E+00 0.95260098E-01 0.76286349E-01 0.62012573E-01 0.51258172E-01 0.43177963E-01 0.37191656E-01 0.32913466E-01 0.30092136E-01 0.28563963E-01 0.28217828E-01 0.28969867E-01 0.30745224E-01 0.33464968E-01 0.37037144E-01 0.41351612E-01 0.46277999E-01 0.51664475E-01 0.57333497E-01 0.63071853E-01 0.68618863E-01 0.73666180E-01 0.77886452E-01 0.80996570E-01 0.82835937E-01 0.83420191E-01 0.82937937E-01 0.81691569E-01 0.80015838E-01 0.78213035E-01 0.76522794E-01 0.75119877E-01
0.63743195E+01 0.95946709E+01 0.85907278E+01 0.49111948E+01 0.24563675E+01 0.14537802E+01 0.10879624E+01 0.90543323E+00 0.76845547E+00 0.64693850E+00 0.53525809E+00 0.43388210E+00 0.34497085E+00 0.27022777E+00 0.20989721E+00 0.16278775E+00 0.12684684E+00 0.99785862E-01 0.79503795E-01 0.64281747E-01 0.52817211E-01 0.44175606E-01 0.37712871E-01 0.32997808E-01 0.29746097E-01 0.27768985E-01 0.26935570E-01 0.27146032E-01 0.28312921E-01 0.30348042E-01 0.33153350E-01 0.36615063E-01 0.40600555E-01 0.44957324E-01 0.49512766E-01 0.54073959E-01 0.58428991E-01 0.62354723E-01 0.65636776E-01 0.68102416E-01 0.69657104E-01 0.70308279E-01 0.70163380E-01 0.69402517E-01 0.68239247E-01 0.66885664E-01 0.65530497E-01 0.64329299E-01
0.19257000E+02 0.38711790E+02 0.31757565E+02 0.12688406E+02 0.43188567E+01 0.18746035E+01 0.12033107E+01 0.96019474E+00 0.80666937E+00 0.67716061E+00 0.55987914E+00 0.45376268E+00 0.36060003E+00 0.28213762E+00 0.21873035E+00 0.16921512E+00 0.13147301E+00 0.10309758E+00 0.81861598E-01 0.65935826E-01 0.53931221E-01 0.44849180E-01 0.37999415E-01 0.32917208E-01 0.29293241E-01 0.26919315E-01 0.25648831E-01 0.25369230E-01 0.25983253E-01 0.27396262E-01 0.29507666E-01 0.32205326E-01 0.35362479E-01 0.38836941E-01 0.42472363E-01 0.46101360E-01 0.49551000E-01 0.52651971E-01 0.55252673E-01 0.57237396E-01 0.58544146E-01 0.59175420E-01 0.59196846E-01 0.58723857E-01 0.57901611E-01 0.56884844E-01 0.55821945E-01 0.54844108E-01
0.41665080E+02 0.15263374E+03 0.95172015E+02 0.23731881E+02 0.61838806E+01 0.22150773E+01 0.12788580E+01 0.99023875E+00 0.82650771E+00 0.69269991E+00 0.57257467E+00 0.46410367E+00 0.36883385E+00 0.28851425E+00 0.22355221E+00 0.17280197E+00 0.13411538E+00 0.10503002E+00 0.83257165E-01 0.66912947E-01 0.54564654E-01 0.45180489E-01 0.38045184E-01 0.32674820E-01 0.28744695E-01 0.26033731E-01 0.24384310E-01 0.23674653E-01 0.23800486E-01 0.24663092E-01 0.26161560E-01 0.28187892E-01 0.30624349E-01 0.33342884E-01 0.36206662E-01 0.39073699E-01 0.41802674E-01 0.44260981E-01 0.46334768E-01 0.47939883E-01 0.49031401E-01 0.49608881E-01 0.49715326E-01 0.49429898E-01 0.48856475E-01 0.48110949E-01 0.47309569E-01 0.46559518E-01
0.36335783E+02 0.10915791E+03 0.76032593E+02 0.21352076E+02 0.58312654E+01 0.21572096E+01 0.12687350E+01 0.98789683E+00 0.82570686E+00 0.69242672E+00 0.57258257E+00 0.46430834E+00 0.36919343E+00 0.28898925E+00 0.22409646E+00 0.17336702E+00 0.13465685E+00 0.10551098E+00 0.83648134E-01 0.67189987E-01 0.54706726E-01 0.45166875E-01 0.37853248E-01 0.32278206E-01 0.28111984E-01 0.25127618E-01 0.23161369E-01 0.22085821E-01 0.21792396E-01 0.22180340E-01 0.23149905E-01 0.24598246E-01 0.26417292E-01 0.28493342E-01 0.30708405E-01 0.32943318E-01 0.35082568E-01 0.37020560E-01 0.38668749E-01 0.39962696E-01 0.40867696E-01 0.41381608E-01 0.41533991E-01 0.41381560E-01 0.41000915E-01 0.40479934E-01 0.39909253E-01 0.39374868E-01
0.14546789E+02 0.26682889E+02 0.22566842E+02 0.10003033E+02 0.37597980E+01 0.17653321E+01 0.11818180E+01 0.95462335E+00 0.80472260E+00 0.67659427E+00 0.56008702E+00 0.45452627E+00 0.36180233E+00 0.28366209E+00 0.22044045E+00 0.17096887E+00 0.13314135E+00 0.10457355E+00 0.83059937E-01 0.66787126E-01 0.54374156E-01 0.44822900E-01 0.37436956E-01 0.31740175E-01 0.27407853E-01 0.24213947E-01 0.21993327E-01 0.20616355E-01 0.19972661E-01 0.19961226E-01 0.20484528E-01 0.21445201E-01 0.22744391E-01 0.24281470E-01 0.25955075E-01 0.27665461E-01 0.29318098E-01 0.30828217E-01 0.32125782E-01 0.33160177E-01 0.33903741E-01 0.34353394E-01 0.34529889E-01 0.34474694E-01 0.34245010E-01 0.33907737E-01 0.33533295E-01 0.33190117E-01
0.48171618E+01 0.68259582E+01 0.62137111E+01 0.38540662E+01 0.21368129E+01 0.13752820E+01 0.10687635E+01 0.89953609E+00 0.76651032E+00 0.64678466E+00 0.53620062E+00 0.43564438E+00 0.34737944E+00 0.27309371E+00 0.21299998E+00 0.16590226E+00 0.12977138E+00 0.10235460E+00 0.81584867E-01 0.65767331E-01 0.53610925E-01 0.44180311E-01 0.36820098E-01 0.31079188E-01 0.26646956E-01 0.23304353E-01 0.20889068E-01 0.19272268E-01 0.18343983E-01 0.18004435E-01 0.18159125E-01 0.18716193E-01 0.19585180E-01 0.20676834E-01 0.21903837E-01 0.23182456E-01 0.24435036E-01 0.25593123E-01 0.26600822E-01 0.27417878E-01 0.28021925E-01 0.28409413E-01 0.28594943E-01 0.28609027E-01 0.28494565E-01 0.28302575E-01 0.28087782E-01 0.27904671E-01
0.20104600E+01 0.23691503E+01 0.22661012E+01 0.18128896E+01 0.13888139E+01 0.11257238E+01 0.96069358E+00 0.83162009E+00 0.71513200E+00 0.60551999E+00 0.50281816E+00 0.40920297E+00 0.32716964E+00 0.25824612E+00 0.20248097E+00 0.15866290E+00 0.12488429E+00 0.99079591E-01 0.79372819E-01 0.64230830E-01 0.52485076E-01 0.43286285E-01 0.36036081E-01 0.30319187E-01 0.25846252E-01 0.22410097E-01 0.19854642E-01 0.18054320E-01 0.16901358E-01 0.16298423E-01 0.16154631E-01 0.16383519E-01 0.16902156E-01 0.17630988E-01 0.18494313E-01 0.19421346E-01 0.20347839E-01 0.21218098E-01 0.21987144E-01 0.22622671E-01 0.23106410E-01 0.23434619E-01 0.23617489E-01 0.23677504E-01 0.23646947E-01 0.23564894E-01 0.23474133E-01 0.23418432E-01
0.12582393E+01 0.13340380E+01 0.13132624E+01 0.12112119E+01 0.10858724E+01 0.96876196E+00 0.86061945E+00 0.75649394E+00 0.65463164E+00 0.55583963E+00 0.46241462E+00 0.37725175E+00 0.30281739E+00 0.24037415E+00 0.18979491E+00 0.14988701E+00 0.11891189E+00 0.95036966E-01 0.76615488E-01 0.62305620E-01 0.51083111E-01 0.42200203E-01 0.35126198E-01 0.29488865E-01 0.25025026E-01 0.21542756E-01 0.18894626E-01 0.16960141E-01 0.15635059E-01 0.14825382E-01 0.14444243E-01 0.14410408E-01 0.14647653E-01 0.15084642E-01 0.15655188E-01 0.16298864E-01 0.16961957E-01 0.17598673E-01 0.18172428E-01 0.18656998E-01 0.19037292E-01 0.19309530E-01 0.19480732E-01 0.19567515E-01 0.19594339E-01 0.19591435E-01 0.19592719E-01 0.19633970E-01
0.10044765E+01 0.10321903E+01 0.10249664E+01 0.98514618E+00 0.92299444E+00 0.84781086E+00 0.76496842E+00 0.67770065E+00 0.58874275E+00 0.50104572E+00 0.41783849E+00 0.34215791E+00 0.27619325E+00 0.22088252E+00 0.17595156E+00 0.14027648E+00 0.11233110E+00 0.90546744E-01 0.73526986E-01 0.60135691E-01 0.49502931E-01 0.40989492E-01 0.34137262E-01 0.28620474E-01 0.24204539E-01 0.20714556E-01 0.18013120E-01 0.15985909E-01 0.14533067E-01 0.13564510E-01 0.12997607E-01 0.12756129E-01 0.12769835E-01 0.12974355E-01 0.13311275E-01 0.13728410E-01 0.14180272E-01 0.14628686E-01 0.15043466E-01 0.15403007E-01 0.15694647E-01 0.15914653E-01 0.16067780E-01 0.16166400E-01 0.16229290E-01 0.16280253E-01 0.16346761E-01 0.16458808E-01
0.85546535E+00 0.87299941E+00 0.86852398E+00 0.84266425E+00 0.79861431E+00 0.74056268E+00 0.67254432E+00 0.59821173E+00 0.52105613E+00 0.44456952E+00 0.37208859E+00 0.30637295E+00 0.24919136E+00 0.20116905E+00 0.16194660E+00 0.13052270E+00 0.10561419E+00 0.85928999E-01 0.70324182E-01 0.57868902E-01 0.47846405E-01 0.39725093E-01 0.33118899E-01 0.27748306E-01 0.23407342E-01 0.19938352E-01 0.17214313E-01 0.15127496E-01 0.13582829E-01 0.12494418E-01 0.11783911E-01 0.11379820E-01 0.11217240E-01 0.11237723E-01 0.11389224E-01 0.11626116E-01 0.11909313E-01 0.12206471E-01 0.12492246E-01 0.12748507E-01 0.12964422E-01 0.13136343E-01 0.13267419E-01 0.13366987E-01 0.13449761E-01 0.13534958E-01 0.13645477E-01 0.13807268E-01
0.73457754E+00 0.74815995E+00 0.74471292E+00 0.72453659E+00 0.68929241E+00 0.64156538E+00 0.58441959E+00 0.52114942E+00 0.45515931E+00 0.38979515E+00 0.32804256E+00 0.27217606E+00 0.22352746E+00 0.18247998E+00 0.14866332E+00 0.12124165E+00 0.99186831E-01 0.81476992E-01 0.67209644E-01 0.55646185E-01 0.46212531E-01 0.38477126E-01 0.32120816E-01 0.26907019E-01 0.22656360E-01 0.19227299E-01 0.16502658E-01 0.14381114E-01 0.12772366E-01 0.11594702E-01 0.10773941E-01 0.10243013E-01 0.99417666E-02 0.98168135E-02 0.98213487E-02 0.99149828E-02 0.10063614E-01 0.10239354E-01 0.10420506E-01 0.10591527E-01 0.10742955E-01 0.10871222E-01 0.10978352E-01 0.11071529E-01 0.11162602E-01 0.11267579E-01 0.11406199E-01 0.11601681E-01
