Advanced/Day1/qtaim/urea/crystal/pato/urea_cry_pl2d_pato.SURFLAPM
DSAA
 161 161
-0.75589045E+01  0.75589045E+01  0.94486307E-01
-0.75589045E+01  0.75589045E+01  0.94486307E-01
 0.00000000E+00  0.00000000E+00
[rows 126 to 146 of 161, columns 47 to 93 of 161]
-0.13143231E-01 -0.15528711E-01 -0.18495597E-01 -0.22067596E-01 -0.26235965E-01 -0.30954769E-01 -0.36146992E-01 -0.41730123E-01 -0.47670987E-01 -0.54078176E-01 -0.61334489E-01 -0.70260327E-01 -0.82282856E-01 -0.99567662E-01 -0.12505095E+00 -0.16228414E+00 -0.21495071E+00 -0.28582135E+00 -0.37481215E+00 -0.47585377E+00 -0.57276165E+00 -0.63553949E+00 -0.62048491E+00 -0.47888853E+00 -0.17698385E+00 0.27900818E+00 0.83037851E+00 0.13819890E+01 0.18394723E+01 0.21387475E+01 0.22511954E+01 0.21890059E+01 0.20405037E+01 0.19621227E+01 0.20405037E+01 0.21890059E+01 0.22511954E+01 0.21387475E+01 0.18394723E+01 0.13819890E+01 0.83037851E+00 0.27900818E+00 -0.17698385E+00 -0.47888853E+00 -0.62048491E+00 -0.63553949E+00 -0.57276165E+00
-0.12811819E-01 -0.15084755E-01 -0.17920139E-01 -0.21345397E-01 -0.25358156E-01 -0.29920325E-01 -0.34960919E-01 -0.40395083E-01 -0.46168080E-01 -0.52332201E-01 -0.59160048E-01 -0.67288251E-01 -0.77871948E-01 -0.92714641E-01 -0.11432288E+00 -0.14581825E+00 -0.19060884E+00 -0.25166552E+00 -0.33017647E+00 -0.42335277E+00 -0.52141086E+00 -0.60447844E+00 -0.64137411E+00 -0.59331968E+00 -0.42513589E+00 -0.12240216E+00 0.29403101E+00 0.76835779E+00 0.12289975E+01 0.16152851E+01 0.18950038E+01 0.20666031E+01 0.21507761E+01 0.21746101E+01 0.21507761E+01 0.20666031E+01 0.18950038E+01 0.16152851E+01 0.12289975E+01 0.76835779E+00 0.29403101E+00 -0.12240216E+00 -0.42513589E+00 -0.59331968E+00 -0.64137411E+00 -0.60447844E+00 -0.52141086E+00
-0.12593555E-01 -0.14760478E-01 -0.17468091E-01 -0.20746837E-01 -0.24600336E-01 -0.28998617E-01 -0.33878100E-01 -0.39154649E-01 -0.44757331E-01 -0.50690306E-01 -0.57126963E-01 -0.64533084E-01 -0.73804410E-01 -0.86390541E-01 -0.10436441E+00 -0.13038518E+00 -0.16748672E+00 -0.21859379E+00 -0.28562426E+00 -0.36802154E+00 -0.46068177E+00 -0.55162879E+00 -0.62049094E+00 -0.63957971E+00 -0.57942267E+00 -0.41894559E+00 -0.15686504E+00 0.18249874E+00 0.55451863E+00 0.90899393E+00 0.12055919E+01 0.14216078E+01 0.15501488E+01 0.15924862E+01 0.15501488E+01 0.14216078E+01 0.12055919E+01 0.90899393E+00 0.55451863E+00 0.18249874E+00 -0.15686504E+00 -0.41894559E+00 -0.57942267E+00 -0.63957971E+00 -0.62049094E+00 -0.55162879E+00 -0.46068177E+00
-0.12526891E-01 -0.14601145E-01 -0.17191600E-01 -0.20330641E-01 -0.24027060E-01 -0.28258781E-01 -0.32970613E-01 -0.38082127E-01 -0.43512245E-01 -0.49227185E-01 -0.55316251E-01 -0.62094397E-01 -0.70221372E-01 -0.80815958E-01 -0.95532956E-01 -0.11656223E+00 -0.14650169E+00 -0.18804316E+00 -0.24338910E+00 -0.31330550E+00 -0.39576875E+00 -0.48435976E+00 -0.56694173E+00 -0.62561270E+00 -0.63910371E+00 -0.58817919E+00 -0.46293544E+00 -0.26884171E+00 -0.27772700E-01 0.22738692E+00 0.46191656E+00 0.64731318E+00 0.76487408E+00 0.80499967E+00 0.76487408E+00 0.64731318E+00 0.46191656E+00 0.22738692E+00 -0.27772700E-01 -0.26884171E+00 -0.46293544E+00 -0.58817919E+00 -0.63910371E+00 -0.62561270E+00 -0.56694173E+00 -0.48435976E+00 -0.39576875E+00
-0.12659168E-01 -0.14661620E-01 -0.17153095E-01 -0.20166504E-01 -0.23714520E-01 -0.27782230E-01 -0.32323259E-01 -0.37263461E-01 -0.42517642E-01 -0.48025109E-01 -0.53808579E-01 -0.60056925E-01 -0.67225281E-01 -0.76136707E-01 -0.88060390E-01 -0.10473446E+00 -0.12829779E+00 -0.16109190E+00 -0.20528730E+00 -0.26228402E+00 -0.33185789E+00 -0.41111730E+00 -0.49353003E+00 -0.56853741E+00 -0.62243109E+00 -0.64097179E+00 -0.61350683E+00 -0.53728658E+00 -0.41997206E+00 -0.27879958E+00 -0.13654111E+00 -0.16114677E-01 0.63928749E-01 0.91920676E-01 0.63928749E-01 -0.16114677E-01 -0.13654111E+00 -0.27879958E+00 -0.41997206E+00 -0.53728658E+00 -0.61350683E+00 -0.64097179E+00 -0.62243109E+00 -0.56853741E+00 -0.49353003E+00 -0.41111730E+00 -0.33185789E+00
-0.13045192E-01 -0.15004342E-01 -0.17422571E-01 -0.20331592E-01 -0.23746288E-01 -0.27657680E-01 -0.32028057E-01 -0.36791489E-01 -0.41864122E-01 -0.47169171E-01 -0.52680879E-01 -0.58488992E-01 -0.64880094E-01 -0.72424857E-01 -0.82052406E-01 -0.95086963E-01 -0.11321942E+00 -0.13838703E+00 -0.17253566E+00 -0.21724085E+00 -0.27317575E+00 -0.33945547E+00 -0.41298270E+00 -0.48805138E+00 -0.55657250E+00 -0.60923952E+00 -0.63765203E+00 -0.63690465E+00 -0.60768634E+00 -0.55689173E+00 -0.49630619E+00 -0.43979573E+00 -0.40003170E+00 -0.38574514E+00 -0.40003170E+00 -0.43979573E+00 -0.49630619E+00 -0.55689173E+00 -0.60768634E+00 -0.63690465E+00 -0.63765203E+00 -0.60923952E+00 -0.55657250E+00 -0.48805138E+00 -0.41298270E+00 -0.33945547E+00 -0.27317575E+00
-0.13744337E-01 -0.15695432E-01 -0.18072526E-01 -0.20904176E-01 -0.24205545E-01 -0.27972025E-01 -0.32173938E-01 -0.36754856E-01 -0.41636865E-01 -0.46736915E-01 -0.51998043E-01 -0.57437640E-01 -0.63211170E-01 -0.69684247E-01 -0.77499563E-01 -0.87619702E-01 -0.10132447E+00 -0.12014261E+00 -0.14570190E+00 -0.17948721E+00 -0.22250483E+00 -0.27487232E+00 -0.33539410E+00 -0.40125021E+00 -0.46798162E+00 -0.52995712E+00 -0.58138728E+00 -0.61771769E+00 -0.63697613E+00 -0.64053259E+00 -0.63288420E+00 -0.62044907E+00 -0.60975419E+00 -0.60560272E+00 -0.60975419E+00 -0.62044907E+00 -0.63288420E+00 -0.64053259E+00 -0.63697613E+00 -0.61771769E+00 -0.58138728E+00 -0.52995712E+00 -0.46798162E+00 -0.40125021E+00 -0.33539410E+00 -0.27487232E+00 -0.22250483E+00
-0.14815671E-01 -0.16798254E-01 -0.19169677E-01 -0.21953263E-01 -0.25162462E-01 -0.28795402E-01 -0.32829693E-01 -0.37219305E-01 -0.41896089E-01 -0.46779229E-01 -0.51795984E-01 -0.56916070E-01 -0.62199580E-01 -0.67854226E-01 -0.74292666E-01 -0.82175942E-01 -0.92426365E-01 -0.10619387E+00 -0.12476401E+00 -0.14940207E+00 -0.18113633E+00 -0.22049462E+00 -0.26722885E+00 -0.32008920E+00 -0.37674098E+00 -0.43392050E+00 -0.48788431E+00 -0.53510272E+00 -0.57301996E+00 -0.60061773E+00 -0.61854393E+00 -0.62871682E+00 -0.63352103E+00 -0.63487852E+00 -0.63352103E+00 -0.62871682E+00 -0.61854393E+00 -0.60061773E+00 -0.57301996E+00 -0.53510272E+00 -0.48788431E+00 -0.43392050E+00 -0.37674098E+00 -0.32008920E+00 -0.26722885E+00 -0.22049462E+00 -0.18113633E+00
-0.16310542E-01 -0.18363721E-01 -0.20762534E-01 -0.23523021E-01 -0.26655168E-01 -0.30158628E-01 -0.34017996E-01 -0.38198799E-01 -0.42646219E-01 -0.47289083E-01 -0.52052078E-01 -0.56878600E-01 -0.61765043E-01 -0.66804444E-01 -0.72233498E-01 -0.78473024E-01 -0.86149158E-01 -0.96082409E-01 -0.10923460E+00 -0.12660938E+00 -0.14910941E+00 -0.17736148E+00 -0.21153126E+00 -0.25116206E+00 -0.29508339E+00 -0.34144043E+00 -0.38787706E+00 -0.43186318E+00 -0.47109683E+00 -0.50386270E+00 -0.52922312E+00 -0.54697117E+00 -0.55736819E+00 -0.56077991E+00 -0.55736819E+00 -0.54697117E+00 -0.52922312E+00 -0.50386270E+00 -0.47109683E+00 -0.43186318E+00 -0.38787706E+00 -0.34144043E+00 -0.29508339E+00 -0.25116206E+00 -0.21153126E+00 -0.17736148E+00 -0.14910941E+00
-0.18262190E-01 -0.20416697E-01 -0.22863967E-01 -0.25610929E-01 -0.28663028E-01 -0.32021351E-01 -0.35678540E-01 -0.39614192E-01 -0.43791202E-01 -0.48155182E-01 -0.52639596E-01 -0.57179066E-01 -0.61732298E-01 -0.66313987E-01 -0.71032096E-01 -0.76123645E-01 -0.81979518E-01 -0.89147934E-01 -0.98307905E-01 -0.11020818E+00 -0.12557317E+00 -0.14498407E+00 -0.16874984E+00 -0.19678940E+00 -0.22855025E+00 -0.26299154E+00 -0.29864937E+00 -0.33378763E+00 -0.36660700E+00 -0.39546298E+00 -0.41903337E+00 -0.43639240E+00 -0.44698583E+00 -0.45054288E+00 -0.44698583E+00 -0.43639240E+00 -0.41903337E+00 -0.39546298E+00 -0.36660700E+00 -0.33378763E+00 -0.29864937E+00 -0.26299154E+00 -0.22855025E+00 -0.19678940E+00 -0.16874984E+00 -0.14498407E+00 -0.12557317E+00
-0.20672167E-01 -0.22938252E-01 -0.25428432E-01 -0.28139166E-01 -0.31071581E-01 -0.34230216E-01 -0.37619577E-01 -0.41238760E-01 -0.45075223E-01 -0.49099736E-01 -0.53265064E-01 -0.57511107E-01 -0.61778481E-01 -0.66030901E-01 -0.70284363E-01 -0.74638351E-01 -0.79301910E-01 -0.84606248E-01 -0.90996247E-01 -0.98996145E-01 -0.10914920E+00 -0.12193656E+00 -0.13768553E+00 -0.15648152E+00 -0.17810011E+00 -0.20197518E+00 -0.22721555E+00 -0.25267337E+00 -0.27705493E+00 -0.29905422E+00 -0.31747999E+00 -0.33135280E+00 -0.33996046E+00 -0.34287674E+00 -0.33996046E+00 -0.33135280E+00 -0.31747999E+00 -0.29905422E+00 -0.27705493E+00 -0.25267337E+00 -0.22721555E+00 -0.20197518E+00 -0.17810011E+00 -0.15648152E+00 -0.13768553E+00 -0.12193656E+00 -0.10914920E+00
-0.23494030E-01 -0.25844335E-01 -0.28324613E-01 -0.30920337E-01 -0.33630696E-01 -0.36469217E-01 -0.39460674E-01 -0.42634144E-01 -0.46013164E-01 -0.49605244E-01 -0.53393706E-01 -0.57335194E-01 -0.61365431E-01 -0.65414406E-01 -0.69429892E-01 -0.73405759E-01 -0.77409255E-01 -0.81600187E-01 -0.86235125E-01 -0.91651802E-01 -0.98232390E-01 -0.10634866E+00 -0.11629609E+00 -0.12822719E+00 -0.14209549E+00 -0.15762146E+00 -0.17428862E+00 -0.19137339E+00 -0.20800622E+00 -0.22325433E+00 -0.23621279E+00 -0.24608907E+00 -0.25227154E+00 -0.25437597E+00 -0.25227154E+00 -0.24608907E+00 -0.23621279E+00 -0.22325433E+00 -0.20800622E+00 -0.19137339E+00 -0.17428862E+00 -0.15762146E+00 -0.14209549E+00 -0.12822719E+00 -0.11629609E+00 -0.10634866E+00 -0.98232390E-01
-0.26615747E-01 -0.28962955E-01 -0.31306469E-01 -0.33621706E-01 -0.35911763E-01 -0.38210140E-01 -0.40577246E-01 -0.43090174E-01 -0.45827007E-01 -0.48848664E-01 -0.52182477E-01 -0.55811756E-01 -0.59674780E-01 -0.63674929E-01 -0.67701402E-01 -0.71657482E-01 -0.75490995E-01 -0.79220191E-01 -0.82948238E-01 -0.86861243E-01 -0.91207814E-01 -0.96261974E-01 -0.10227473E+00 -0.10942215E+00 -0.11775890E+00 -0.12718551E+00 -0.13743594E+00 -0.14808853E+00 -0.15859977E+00 -0.16835637E+00 -0.17673803E+00 -0.18318182E+00 -0.18724024E+00 -0.18862602E+00 -0.18724024E+00 -0.18318182E+00 -0.17673803E+00 -0.16835637E+00 -0.15859977E+00 -0.14808853E+00 -0.13743594E+00 -0.12718551E+00 -0.11775890E+00 -0.10942215E+00 -0.10227473E+00 -0.96261974E-01 -0.91207814E-01
-0.29843938E-01 -0.32014397E-01 -0.33989277E-01 -0.35737605E-01 -0.37277886E-01 -0.38682843E-01 -0.40073653E-01 -0.41603113E-01 -0.43430151E-01 -0.45690774E-01 -0.48471511E-01 -0.51790878E-01 -0.55592615E-01 -0.59752528E-01 -0.64098706E-01 -0.68442554E-01 -0.72615539E-01 -0.76504327E-01 -0.80076427E-01 -0.83389978E-01 -0.86584886E-01 -0.89856657E-01 -0.93417950E-01 -0.97455022E-01 -0.10208686E+00 -0.10733389E+00 -0.11310151E+00 -0.11918083E+00 -0.12526686E+00 -0.13099106E+00 -0.13596372E+00 -0.13981995E+00 -0.14226307E+00 -0.14309980E+00 -0.14226307E+00 -0.13981995E+00 -0.13596372E+00 -0.13099106E+00 -0.12526686E+00 -0.11918083E+00 -0.11310151E+00 -0.10733389E+00 -0.10208686E+00 -0.97455022E-01 -0.93417950E-01 -0.89856657E-01 -0.86584886E-01
-0.32895129E-01 -0.34602400E-01 -0.35842860E-01 -0.36588656E-01 -0.36895152E-01 -0.36906181E-01 -0.36841348E-01 -0.36965932E-01 -0.37549559E-01 -0.38823129E-01 -0.40942815E-01 -0.43966367E-01 -0.47843438E-01 -0.52420028E-01 -0.57457389E-01 -0.62665260E-01 -0.67746448E-01 -0.72445301E-01 -0.76589304E-01 -0.80113592E-01 -0.83062845E-01 -0.85571416E-01 -0.87827869E-01 -0.90032582E-01 -0.92356989E-01 -0.94911192E-01 -0.97724242E-01 -0.10073892E+00 -0.10382056E+00 -0.10677758E+00 -0.10939020E+00 -0.11144264E+00 -0.11275428E+00 -0.11320545E+00 -0.11275428E+00 -0.11144264E+00 -0.10939020E+00 -0.10677758E+00 -0.10382056E+00 -0.10073892E+00 -0.97724242E-01 -0.94911192E-01 -0.92356989E-01 -0.90032582E-01 -0.87827869E-01 -0.85571416E-01 -0.83062845E-01
-0.35401659E-01 -0.36228431E-01 -0.36221518E-01 -0.35378969E-01 -0.33833129E-01 -0.31850374E-01 -0.29799752E-01 -0.28096528E-01 -0.27136924E-01 -0.27242546E-01 -0.28625272E-01 -0.31371669E-01 -0.35438853E-01 -0.40655718E-01 -0.46731306E-01 -0.53278618E-01 -0.59860355E-01 -0.66053050E-01 -0.71514355E-01 -0.76033574E-01 -0.79551252E-01 -0.82145554E-01 -0.83993952E-01 -0.85323644E-01 -0.86363191E-01 -0.87303897E-01 -0.88275157E-01 -0.89334517E-01 -0.90470982E-01 -0.91618725E-01 -0.92677627E-01 -0.93536845E-01 -0.94097700E-01 -0.94292640E-01 -0.94097700E-01 -0.93536845E-01 -0.92677627E-01 -0.91618725E-01 -0.90470982E-01 -0.89334517E-01 -0.88275157E-01 -0.87303897E-01 -0.86363191E-01 -0.85323644E-01 -0.83993952E-01 -0.82145554E-01 -0.79551252E-01
-0.36941647E-01 -0.36344801E-01 -0.34456832E-01 -0.31353340E-01 -0.27318174E-01 -0.22819658E-01 -0.18433708E-01 -0.14737600E-01 -0.12214804E-01 -0.11204091E-01 -0.11898322E-01 -0.14370103E-01 -0.18591804E-01 -0.24429999E-01 -0.31619436E-01 -0.39743457E-01 -0.48252884E-01 -0.56537188E-01 -0.64030729E-01 -0.70314611E-01 -0.75176751E-01 -0.78615260E-01 -0.80795285E-01 -0.81982646E-01 -0.82476830E-01 -0.82557619E-01 -0.82450821E-01 -0.82312684E-01 -0.82229564E-01 -0.82228413E-01 -0.82293698E-01 -0.82386783E-01 -0.82464522E-01 -0.82494426E-01 -0.82464522E-01 -0.82386783E-01 -0.82293698E-01 -0.82228413E-01 -0.82229564E-01 -0.82312684E-01 -0.82450821E-01 -0.82557619E-01 -0.82476830E-01 -0.81982646E-01 -0.80795285E-01 -0.78615260E-01 -0.75176751E-01
-0.37101992E-01 -0.34461403E-01 -0.30036554E-01 -0.24086975E-01 -0.17176958E-01 -0.10083946E-01 -0.36238650E-02 0.15351884E-02 0.49835197E-02 0.65612876E-02 0.62596551E-02 0.41049242E-02 0.92776102E-04 -0.57953047E-02 -0.13500739E-01 -0.22768269E-01 -0.33072636E-01 -0.43654565E-01 -0.53668874E-01 -0.62378952E-01 -0.69308655E-01 -0.74297459E-01 -0.77461724E-01 -0.79102271E-01 -0.79602783E-01 -0.79347621E-01 -0.78669155E-01 -0.77822819E-01 -0.76983151E-01 -0.76253358E-01 -0.75682023E-01 -0.75282043E-01 -0.75048305E-01 -0.74971741E-01 -0.75048305E-01 -0.75282043E-01 -0.75682023E-01 -0.76253358E-01 -0.76983151E-01 -0.77822819E-01 -0.78669155E-01 -0.79347621E-01 -0.79602783E-01 -0.79102271E-01 -0.77461724E-01 -0.74297459E-01 -0.69308655E-01
-0.35577018E-01 -0.30307583E-01 -0.22863382E-01 -0.13876648E-01 -0.43784761E-02 0.44520784E-02 0.11638060E-01 0.16672952E-01 0.19555667E-01 0.20596790E-01 0.20146586E-01 0.18396664E-01 0.15299612E-01 0.10587137E-01 0.38938558E-02 -0.50048534E-02 -0.15927569E-01 -0.28164332E-01 -0.40606633E-01 -0.52069363E-01 -0.61624170E-01 -0.68787962E-01 -0.73526975E-01 -0.76136392E-01 -0.77082935E-01 -0.76871499E-01 -0.75958733E-01 -0.74711027E-01 -0.73394681E-01 -0.72185459E-01 -0.71187497E-01 -0.70454683E-01 -0.70010168E-01 -0.69861514E-01 -0.70010168E-01 -0.70454683E-01 -0.71187497E-01 -0.72185459E-01 -0.73394681E-01 -0.74711027E-01 -0.75958733E-01 -0.76871499E-01 -0.77082935E-01 -0.76136392E-01 -0.73526975E-01 -0.68787962E-01 -0.61624170E-01
-0.32290048E-01 -0.24017455E-01 -0.13518099E-01 -0.20646287E-02 0.86703068E-02 0.17181599E-01 0.22719364E-01 0.25498550E-01 0.26356186E-01 0.26134098E-01 0.25292039E-01 0.23955150E-01 0.22094415E-01 0.19476620E-01 0.15480602E-01 0.91971917E-02 -0.49098230E-04 -0.12125360E-01 -0.25940800E-01 -0.39834746E-01 -0.52204203E-01 -0.61983782E-01 -0.68795122E-01 -0.72824307E-01 -0.74587708E-01 -0.74715207E-01 -0.73805257E-01 -0.72352233E-01 -0.70725431E-01 -0.69177918E-01 -0.67869070E-01 -0.66890524E-01 -0.66289632E-01 -0.66087414E-01 -0.66289632E-01 -0.66890524E-01 -0.67869070E-01 -0.69177918E-01 -0.70725431E-01 -0.72352233E-01 -0.73805257E-01 -0.74715207E-01 -0.74587708E-01 -0.72824307E-01 -0.68795122E-01 -0.61983782E-01 -0.52204203E-01
-0.27501936E-01 -0.16260703E-01 -0.33648387E-02 0.90189459E-02 0.18636205E-01 0.24252102E-01 0.26407783E-01 0.27039744E-01 0.27965004E-01 0.29409903E-01 0.30048008E-01 0.28632222E-01 0.25472582E-01 0.22058589E-01 0.19268499E-01 0.16193235E-01 0.10762607E-01 0.14217647E-02 -0.11687311E-01 -0.26817955E-01 -0.41608427E-01 -0.54114320E-01 -0.63324896E-01 -0.69133016E-01 -0.72022145E-01 -0.72728040E-01 -0.71999930E-01 -0.70476098E-01 -0.68642416E-01 -0.66837906E-01 -0.65281297E-01 -0.64102961E-01 -0.63373875E-01 -0.63127617E-01 -0.63373875E-01 -0.64102961E-01 -0.65281297E-01 -0.66837906E-01 -0.68642416E-01 -0.70476098E-01 -0.71999930E-01 -0.72728040E-01 -0.72022145E-01 -0.69133016E-01 -0.63324896E-01 -0.54114320E-01 -0.41608427E-01
