Advanced/Day1/qtaim/urea/crystal/pato/urea_cry_pl2d_pato.SURFELFB
DSAA
 161 161
-0.75589045E+01  0.75589045E+01  0.94486307E-01
-0.75589045E+01  0.75589045E+01  0.94486307E-01
 0.00000000E+00  0.00000000E+00
[rows 132 to 153 of 161, columns 0 to 47 of 161]
0.70971319E-01 0.80439494E-01 0.77682066E-01 0.66086709E-01 0.59242270E-01 0.69210336E-01 0.11164574E+00 0.21157322E+00 0.37440016E+00 0.54959049E+00 0.67983516E+00 0.75453275E+00 0.78999135E+00 0.80283518E+00 0.80322118E+00 0.79609274E+00 0.78338851E+00 0.76566640E+00 0.74301913E+00 0.71545529E+00 0.68296890E+00 0.64548013E+00 0.60277899E+00 0.55456084E+00 0.50059516E+00 0.44101842E+00 0.37669686E+00 0.30956588E+00 0.24278397E+00 0.18045248E+00 0.12669621E+00 0.84324509E-01 0.53877059E-01 0.33778146E-01 0.21398100E-01 0.14159649E-01 0.10115472E-01 0.80249414E-02 0.72072093E-02 0.73780240E-02 0.85482457E-02 0.10979601E-01 0.15132625E-01 0.21460832E-01 0.29873179E-01 0.39020273E-01 0.46332499E-01 0.49550250E-01
0.69658829E-01 0.65355932E-01 0.66326762E-01 0.73690478E-01 0.94263127E-01 0.14134734E+00 0.23228481E+00 0.37058554E+00 0.52501681E+00 0.65181859E+00 0.73336234E+00 0.77691739E+00 0.79581480E+00 0.80019429E+00 0.79585977E+00 0.78550394E+00 0.77009167E+00 0.74985236E+00 0.72481577E+00 0.69500128E+00 0.66041084E+00 0.62095785E+00 0.57643428E+00 0.52658314E+00 0.47129956E+00 0.41093744E+00 0.34666019E+00 0.28072754E+00 0.21653493E+00 0.15815252E+00 0.10925833E+00 0.71875761E-01 0.45765796E-01 0.28931234E-01 0.18746653E-01 0.12888386E-01 0.97124522E-02 0.82333494E-02 0.79716376E-02 0.88320904E-02 0.11064901E-01 0.15296468E-01 0.22534705E-01 0.33884246E-01 0.49563099E-01 0.67353763E-01 0.82281902E-01 0.89405860E-01
0.16159263E+00 0.14622603E+00 0.14997609E+00 0.17397722E+00 0.22429522E+00 0.30753468E+00 0.42059617E+00 0.54321515E+00 0.64877102E+00 0.72291724E+00 0.76677633E+00 0.78830314E+00 0.79530894E+00 0.79311862E+00 0.78462350E+00 0.77105612E+00 0.75278636E+00 0.72987477E+00 0.70234239E+00 0.67022839E+00 0.63353813E+00 0.59217886E+00 0.54596036E+00 0.49470585E+00 0.43847822E+00 0.37788660E+00 0.31440449E+00 0.25057906E+00 0.18992965E+00 0.13631094E+00 0.92773661E-01 0.60495631E-01 0.38561163E-01 0.24726216E-01 0.16501919E-01 0.11871305E-01 0.94969362E-02 0.86416358E-02 0.90373745E-02 0.10825283E-01 0.14608531E-01 0.21605770E-01 0.33766867E-01 0.53382998E-01 0.81367282E-01 0.11427541E+00 0.14330930E+00 0.15898710E+00
0.36451119E+00 0.34282432E+00 0.34828889E+00 0.38076624E+00 0.43843857E+00 0.51469938E+00 0.59686583E+00 0.67054815E+00 0.72642151E+00 0.76262801E+00 0.78219879E+00 0.78954418E+00 0.78838623E+00 0.78110939E+00 0.76889805E+00 0.75217124E+00 0.73100813E+00 0.70541992E+00 0.67545009E+00 0.64115429E+00 0.60253346E+00 0.55949278E+00 0.51188163E+00 0.45963796E+00 0.40302626E+00 0.34292708E+00 0.28110335E+00 0.22031103E+00 0.16404691E+00 0.11576997E+00 0.77785733E-01 0.50460841E-01 0.32366551E-01 0.21186137E-01 0.14664638E-01 0.11113040E-01 0.94890524E-02 0.92976234E-02 0.10505613E-01 0.13569017E-01 0.19621056E-01 0.30817964E-01 0.50624804E-01 0.83210741E-01 0.13046289E+00 0.18687695E+00 0.23819174E+00 0.26913333E+00
0.57623659E+00 0.56137474E+00 0.56518598E+00 0.58694205E+00 0.62240498E+00 0.66460304E+00 0.70578416E+00 0.73989307E+00 0.76399748E+00 0.77799701E+00 0.78336421E+00 0.78191950E+00 0.77510002E+00 0.76373313E+00 0.74814302E+00 0.72838435E+00 0.70444642E+00 0.67635716E+00 0.64418718E+00 0.60799508E+00 0.56777061E+00 0.52342796E+00 0.47488296E+00 0.42221948E+00 0.36592291E+00 0.30713583E+00 0.24785733E+00 0.19094347E+00 0.13971275E+00 0.97083086E-01 0.64575449E-01 0.41856023E-01 0.27170367E-01 0.18276095E-01 0.13210661E-01 0.10610700E-01 0.97125219E-02 0.10265556E-01 0.12517385E-01 0.17363105E-01 0.26731087E-01 0.44205223E-01 0.75482527E-01 0.12715436E+00 0.20142952E+00 0.28851300E+00 0.36720055E+00 0.41787731E+00
0.70106044E+00 0.69441284E+00 0.69612828E+00 0.70578099E+00 0.72103373E+00 0.73843919E+00 0.75455677E+00 0.76687212E+00 0.77414745E+00 0.77621034E+00 0.77346430E+00 0.76642286E+00 0.75543594E+00 0.74063030E+00 0.72198834E+00 0.69946325E+00 0.67305631E+00 0.64282926E+00 0.60886423E+00 0.57120709E+00 0.52983703E+00 0.48469662E+00 0.43579703E+00 0.38339042E+00 0.32818302E+00 0.27154474E+00 0.21563301E+00 0.16328203E+00 0.11749105E+00 0.80546442E-01 0.53220761E-01 0.34637407E-01 0.22895219E-01 0.15933673E-01 0.12107342E-01 0.10362625E-01 0.10201013E-01 0.11634511E-01 0.15269807E-01 0.22628805E-01 0.36812272E-01 0.63459461E-01 0.11115579E+00 0.18854864E+00 0.29525879E+00 0.41319861E+00 0.51449401E+00 0.58054382E+00
0.75044317E+00 0.74820634E+00 0.74878703E+00 0.75200815E+00 0.75690260E+00 0.76205235E+00 0.76602997E+00 0.76773938E+00 0.76653860E+00 0.76216020E+00 0.75453399E+00 0.74362708E+00 0.72936677E+00 0.71164727E+00 0.69037900E+00 0.66553263E+00 0.63714812E+00 0.60530556E+00 0.57007654E+00 0.53148628E+00 0.48951597E+00 0.44416289E+00 0.39555890E+00 0.34413265E+00 0.29079084E+00 0.23707615E+00 0.18521392E+00 0.13789862E+00 0.97701925E-01 0.66249119E-01 0.43659219E-01 0.28686746E-01 0.19433847E-01 0.14088827E-01 0.11323736E-01 0.10374479E-01 0.11004225E-01 0.13528707E-01 0.19036729E-01 0.29947210E-01 0.51031851E-01 0.90649760E-01 0.16035891E+00 0.26841880E+00 0.40624186E+00 0.54446313E+00 0.65346082E+00 0.72254888E+00
0.75748961E+00 0.75720571E+00 0.75728418E+00 0.75765558E+00 0.75793726E+00 0.75755372E+00 0.75589270E+00 0.75242602E+00 0.74675607E+00 0.73859587E+00 0.72772183E+00 0.71393957E+00 0.69708051E+00 0.67702163E+00 0.65370681E+00 0.62715003E+00 0.59741380E+00 0.56457086E+00 0.52866872E+00 0.48971921E+00 0.44772955E+00 0.40277929E+00 0.35513630E+00 0.30539709E+00 0.25463155E+00 0.20448943E+00 0.15717345E+00 0.11513784E+00 0.80459859E-01 0.54129494E-01 0.35743017E-01 0.23851480E-01 0.16672414E-01 0.12675649E-01 0.10836674E-01 0.10663886E-01 0.12194495E-01 0.16120171E-01 0.24192868E-01 0.40094464E-01 0.70849210E-01 0.12795026E+00 0.22458109E+00 0.36339806E+00 0.52201683E+00 0.66301462E+00 0.76378879E+00 0.82486127E+00
0.74197993E+00 0.74255801E+00 0.74241557E+00 0.74152326E+00 0.73971624E+00 0.73673383E+00 0.73227176E+00 0.72602530E+00 0.71771207E+00 0.70707830E+00 0.69390053E+00 0.67799281E+00 0.65921992E+00 0.63750911E+00 0.61285077E+00 0.58528291E+00 0.55486347E+00 0.52164196E+00 0.48564610E+00 0.44689658E+00 0.40545553E+00 0.36150562E+00 0.31545139E+00 0.26803297E+00 0.22043577E+00 0.17434940E+00 0.13187271E+00 0.95144160E-01 0.65721587E-01 0.44028188E-01 0.29281842E-01 0.19971518E-01 0.14504181E-01 0.11638681E-01 0.10634470E-01 0.11264710E-01 0.13874535E-01 0.19643562E-01 0.31237320E-01 0.54052961E-01 0.97890759E-01 0.17699535E+00 0.30257845E+00 0.46517445E+00 0.62845507E+00 0.75679601E+00 0.84068714E+00 0.88948568E+00
0.71318904E+00 0.71418860E+00 0.71393869E+00 0.71242421E+00 0.70955847E+00 0.70519680E+00 0.69915602E+00 0.69123404E+00 0.68122657E+00 0.66894167E+00 0.65421368E+00 0.63691648E+00 0.61697273E+00 0.59435512E+00 0.56907676E+00 0.54117309E+00 0.51068221E+00 0.47763408E+00 0.44205776E+00 0.40401201E+00 0.36363799E+00 0.32122887E+00 0.27731124E+00 0.23273391E+00 0.18874765E+00 0.14702036E+00 0.10948037E+00 0.77901694E-01 0.53334766E-01 0.35731908E-01 0.24073227E-01 0.16895530E-01 0.12836596E-01 0.10936066E-01 0.10719632E-01 0.12231731E-01 0.16186516E-01 0.24411390E-01 0.40806128E-01 0.72959016E-01 0.13360465E+00 0.23786345E+00 0.38938279E+00 0.56289839E+00 0.71582649E+00 0.82388782E+00 0.88996362E+00 0.92739903E+00
0.67556215E+00 0.67679282E+00 0.67648419E+00 0.67462694E+00 0.67116685E+00 0.66601116E+00 0.65903884E+00 0.65011307E+00 0.63909479E+00 0.62585622E+00 0.61029281E+00 0.59233175E+00 0.57193459E+00 0.54909293E+00 0.52381845E+00 0.49613159E+00 0.46605535E+00 0.43362040E+00 0.39888543E+00 0.36197222E+00 0.32311208E+00 0.28270056E+00 0.24136017E+00 0.20000975E+00 0.15991915E+00 0.12268244E+00 0.90006565E-01 0.63277965E-01 0.43080899E-01 0.29006553E-01 0.19922013E-01 0.14489622E-01 0.11594394E-01 0.10541185E-01 0.11111548E-01 0.13646236E-01 0.19322008E-01 0.30824931E-01 0.53654084E-01 0.97930466E-01 0.17864426E+00 0.30808257E+00 0.47703307E+00 0.64736772E+00 0.78120327E+00 0.86861872E+00 0.91999107E+00 0.94884752E+00
0.63205168E+00 0.63340222E+00 0.63306311E+00 0.63102825E+00 0.62726199E+00 0.62170325E+00 0.61427236E+00 0.60487986E+00 0.59343621E+00 0.57986097E+00 0.56408989E+00 0.54607855E+00 0.52580193E+00 0.50325070E+00 0.47842670E+00 0.45134159E+00 0.42202238E+00 0.39052637E+00 0.35696526E+00 0.32153583E+00 0.28455508E+00 0.24650051E+00 0.20805946E+00 0.17018485E+00 0.13412657E+00 0.10136256E+00 0.73342484E-01 0.51064483E-01 0.34709729E-01 0.23619933E-01 0.16651550E-01 0.12641153E-01 0.10720612E-01 0.10443924E-01 0.11849796E-01 0.15622632E-01 0.23530963E-01 0.39371655E-01 0.70575872E-01 0.12972739E+00 0.23211476E+00 0.38245365E+00 0.55714883E+00 0.71385910E+00 0.82664507E+00 0.89689342E+00 0.93760376E+00 0.96066024E+00
0.58539506E+00 0.58678303E+00 0.58643431E+00 0.58434482E+00 0.58049088E+00 0.57483185E+00 0.56731470E+00 0.55787966E+00 0.54646623E+00 0.53301859E+00 0.51748936E+00 0.49984162E+00 0.48004935E+00 0.45809796E+00 0.43398679E+00 0.40773595E+00 0.37939868E+00 0.34907886E+00 0.31695171E+00 0.28328578E+00 0.24846680E+00 0.21302810E+00 0.17769248E+00 0.14341733E+00 0.11140099E+00 0.82971317E-01 0.59298132E-01 0.41010678E-01 0.27964278E-01 0.19355963E-01 0.14109139E-01 0.11259749E-01 0.10176844E-01 0.10652329E-01 0.12998515E-01 0.18315716E-01 0.29125989E-01 0.50594780E-01 0.92236479E-01 0.16827593E+00 0.29110250E+00 0.45425654E+00 0.62370536E+00 0.76204468E+00 0.85617098E+00 0.91372291E+00 0.94732840E+00 0.96678431E+00
0.53811946E+00 0.53948807E+00 0.53914411E+00 0.53708460E+00 0.53329218E+00 0.52773668E+00 0.52037798E+00 0.51116938E+00 0.50006140E+00 0.48700522E+00 0.47195583E+00 0.45487508E+00 0.43573518E+00 0.41452405E+00 0.39125326E+00 0.36596921E+00 0.33876684E+00 0.30980429E+00 0.27931675E+00 0.24762956E+00 0.21517450E+00 0.18251573E+00 0.15038801E+00 0.11973044E+00 0.91663791E-01 0.67338234E-01 0.47634479E-01 0.32849639E-01 0.22597702E-01 0.16022529E-01 0.12167895E-01 0.10277025E-01 0.99436104E-02 0.11195241E-01 0.14652044E-01 0.21927367E-01 0.36475666E-01 0.65018627E-01 0.11890906E+00 0.21223932E+00 0.35099749E+00 0.51734136E+00 0.67418989E+00 0.79415052E+00 0.87369538E+00 0.92260363E+00 0.95185252E+00 0.96933273E+00
0.49213890E+00 0.49345960E+00 0.49312765E+00 0.49114042E+00 0.48748245E+00 0.48212651E+00 0.47503550E+00 0.46616494E+00 0.45546603E+00 0.44288922E+00 0.42838846E+00 0.41192643E+00 0.39348140E+00 0.37305591E+00 0.35068725E+00 0.32645911E+00 0.30051267E+00 0.27305584E+00 0.24437007E+00 0.21481755E+00 0.18485436E+00 0.15505605E+00 0.12615270E+00 0.99047322E-01 0.74759846E-01 0.54241497E-01 0.38088186E-01 0.26316352E-01 0.18383704E-01 0.13455046E-01 0.10726638E-01 0.96460555E-02 0.10021530E-01 0.12126340E-01 0.16941764E-01 0.26710424E-01 0.45979039E-01 0.83022340E-01 0.15018844E+00 0.25894929E+00 0.40669185E+00 0.56778805E+00 0.70895424E+00 0.81313004E+00 0.88220794E+00 0.92569957E+00 0.95263447E+00 0.96934715E+00
0.44852778E+00 0.44979508E+00 0.44947657E+00 0.44756957E+00 0.44405829E+00 0.43891481E+00 0.43210084E+00 0.42357044E+00 0.41327358E+00 0.40116083E+00 0.38718934E+00 0.37133027E+00 0.35357772E+00 0.33395870E+00 0.31254350E+00 0.28945495E+00 0.26487517E+00 0.23904929E+00 0.21228759E+00 0.18497023E+00 0.15756119E+00 0.13063472E+00 0.10490480E+00 0.81222276E-01 0.60484716E-01 0.43430460E-01 0.30389526E-01 0.21159929E-01 0.15122329E-01 0.11517390E-01 0.97090146E-02 0.93413580E-02 0.10433826E-01 0.13529983E-01 0.20043630E-01 0.32966346E-01 0.58015236E-01 0.10468185E+00 0.18483294E+00 0.30491550E+00 0.45404087E+00 0.60429089E+00 0.72986026E+00 0.82162986E+00 0.88369149E+00 0.92419921E+00 0.95034616E+00 0.96723220E+00
0.40761921E+00 0.40883981E+00 0.40853306E+00 0.40669617E+00 0.40331283E+00 0.39835432E+00 0.39178180E+00 0.38354967E+00 0.37361018E+00 0.36191947E+00 0.34844499E+00 0.33317420E+00 0.31612406E+00 0.29735053E+00 0.27695687E+00 0.25509938E+00 0.23198995E+00 0.20789597E+00 0.18314045E+00 0.15810768E+00 0.13325960E+00 0.10916191E+00 0.86502992E-01 0.66065242E-01 0.48604338E-01 0.34641754E-01 0.24275022E-01 0.17151480E-01 0.12642710E-01 0.10101465E-01 0.90627374E-02 0.93600058E-02 0.11230683E-01 0.15529053E-01 0.24185283E-01 0.41032995E-01 0.72870785E-01 0.12964100E+00 0.22089892E+00 0.34676440E+00 0.49077508E+00 0.62753328E+00 0.73919112E+00 0.82166423E+00 0.87932219E+00 0.91862214E+00 0.94513799E+00 0.96296857E+00
0.36929412E+00 0.37047652E+00 0.37017937E+00 0.36839995E+00 0.36512242E+00 0.36031928E+00 0.35395420E+00 0.34598615E+00 0.33637501E+00 0.32508848E+00 0.31211029E+00 0.29744897E+00 0.28114676E+00 0.26328736E+00 0.24400142E+00 0.22346905E+00 0.20191932E+00 0.17962850E+00 0.15692085E+00 0.13417685E+00 0.11185167E+00 0.90497815E-01 0.70767909E-01 0.53358543E-01 0.38868464E-01 0.27610837E-01 0.19496487E-01 0.14089002E-01 0.10803947E-01 0.91263449E-02 0.87596147E-02 0.97244415E-02 0.12495968E-01 0.18294770E-01 0.29650925E-01 0.51260382E-01 0.90663001E-01 0.15709795E+00 0.25619762E+00 0.38213265E+00 0.51656868E+00 0.63930625E+00 0.73911868E+00 0.81468010E+00 0.86972762E+00 0.90904255E+00 0.93678601E+00 0.95619981E+00
0.33327937E+00 0.33442749E+00 0.33413893E+00 0.33241128E+00 0.32923052E+00 0.32457279E+00 0.31840761E+00 0.31070261E+00 0.30142958E+00 0.29057180E+00 0.27813204E+00 0.26414075E+00 0.24866345E+00 0.23180629E+00 0.21371909E+00 0.19459538E+00 0.17467049E+00 0.15422017E+00 0.13356351E+00 0.11307404E+00 0.93198396E-01 0.74470767E-01 0.57495853E-01 0.42867394E-01 0.31020063E-01 0.22080930E-01 0.15827751E-01 0.11800266E-01 0.94950257E-02 0.85377659E-02 0.87970067E-02 0.10487598E-01 0.14356748E-01 0.22057905E-01 0.36781555E-01 0.63976422E-01 0.11129315E+00 0.18596104E+00 0.28889012E+00 0.41010023E+00 0.53255865E+00 0.64186183E+00 0.73159365E+00 0.80177641E+00 0.85523653E+00 0.89526491E+00 0.92478649E+00 0.94626211E+00
0.29934876E+00 0.30046000E+00 0.30018068E+00 0.29850883E+00 0.29543331E+00 0.29093564E+00 0.28499347E+00 0.27758542E+00 0.26869721E+00 0.25832871E+00 0.24650122E+00 0.23326449E+00 0.21870237E+00 0.20293643E+00 0.18612709E+00 0.16847243E+00 0.15020641E+00 0.13159900E+00 0.11296189E+00 0.94661305E-01 0.77133718E-01 0.60887929E-01 0.46466575E-01 0.34346818E-01 0.24803074E-01 0.17810718E-01 0.13069749E-01 0.10144342E-01 0.86344785E-02 0.83086032E-02 0.92013469E-02 0.11740955E-01 0.16995749E-01 0.27119914E-01 0.45968028E-01 0.79450571E-01 0.13446275E+00 0.21513631E+00 0.31793807E+00 0.43110062E+00 0.54074527E+00 0.63758524E+00 0.71844153E+00 0.78395839E+00 0.83612159E+00 0.87700310E+00 0.90846259E+00 0.93222117E+00
0.26740636E+00 0.26847293E+00 0.26820479E+00 0.26660053E+00 0.26365234E+00 0.25934780E+00 0.25367334E+00 0.24661892E+00 0.23818376E+00 0.22838271E+00 0.21725258E+00 0.20485774E+00 0.19129424E+00 0.17669197E+00 0.16121467E+00 0.14505868E+00 0.12845217E+00 0.11165753E+00 0.94979249E-01 0.78776552E-01 0.63472479E-01 0.49540771E-01 0.37447958E-01 0.27547691E-01 0.19970097E-01 0.14581291E-01 0.11054233E-01 0.90122776E-02 0.81704669E-02 0.84410378E-02 0.10034438E-01 0.13626081E-01 0.20666270E-01 0.33861212E-01 0.57634845E-01 0.97866875E-01 0.15975998E+00 0.24382189E+00 0.34323721E+00 0.44652337E+00 0.54351118E+00 0.62886840E+00 0.70150299E+00 0.76237045E+00 0.81284700E+00 0.85410915E+00 0.88715000E+00 0.91299702E+00
0.23748054E+00 0.23849212E+00 0.23823775E+00 0.23671660E+00 0.23392403E+00 0.22985340E+00 0.22449922E+00 0.21786143E+00 0.20995059E+00 0.20079329E+00 0.19043748E+00 0.17895677E+00 0.16645346E+00 0.15305966E+00 0.13893714E+00 0.12427669E+00 0.10929900E+00 0.94259098E-01 0.79455275E-01 0.65238954E-01 0.52014122E-01 0.40208158E-01 0.30200484E-01 0.22223753E-01 0.16290454E-01 0.12202120E-01 0.96461808E-02 0.83274698E-02 0.80819873E-02 0.89711555E-02 0.11403253E-01 0.16349806E-01 0.25707684E-01 0.42742121E-01 0.72213570E-01 0.11931498E+00 0.18678285E+00 0.27167922E+00 0.36545818E+00 0.45824988E+00 0.54329570E+00 0.61805167E+00 0.68272538E+00 0.73846730E+00 0.78630892E+00 0.82687028E+00 0.86051973E+00 0.88767819E+00
