Advanced/Day1/qtaim/urea/crystal/pato/urea_cry_pl2d_pato.SURFLAPM
DSAA
 161 161
-0.75589045E+01  0.75589045E+01  0.94486307E-01
-0.75589045E+01  0.75589045E+01  0.94486307E-01
 0.00000000E+00  0.00000000E+00
[rows 21 to 41 of 161, columns 0 to 46 of 161]
-0.36892679E+00 -0.36071748E+00 -0.36283380E+00 -0.37476650E+00 -0.39362006E+00 -0.41473922E+00 -0.43279076E+00 -0.44306583E+00 -0.44259297E+00 -0.43066635E+00 -0.40863921E+00 -0.37917668E+00 -0.34536012E+00 -0.30998882E+00 -0.27522129E+00 -0.24250507E+00 -0.21266474E+00 -0.18603961E+00 -0.16261802E+00 -0.14215731E+00 -0.12429060E+00 -0.10861806E+00 -0.94775368E-01 -0.82473439E-01 -0.71509415E-01 -0.61755414E-01 -0.53135146E-01 -0.45598109E-01 -0.39098305E-01 -0.33580725E-01 -0.28975743E-01 -0.25199737E-01 -0.22159510E-01 -0.19758383E-01 -0.17902185E-01 -0.16504306E-01 -0.15489361E-01 -0.14795540E-01 -0.14375894E-01 -0.14198913E-01 -0.14248698E-01 -0.14524902E-01 -0.15042528E-01 -0.15831435E-01 -0.16935267E-01 -0.18409361E-01 -0.20317122E-01
-0.22635521E+00 -0.22460097E+00 -0.22503411E+00 -0.22772775E+00 -0.23293411E+00 -0.24049752E+00 -0.24939513E+00 -0.25784418E+00 -0.26391168E+00 -0.26620066E+00 -0.26419711E+00 -0.25815809E+00 -0.24873800E+00 -0.23665009E+00 -0.22252055E+00 -0.20690031E+00 -0.19031723E+00 -0.17329103E+00 -0.15630411E+00 -0.13976121E+00 -0.12396665E+00 -0.10912746E+00 -0.95373563E-01 -0.82781908E-01 -0.71394710E-01 -0.61228881E-01 -0.52278388E-01 -0.44513376E-01 -0.37879661E-01 -0.32300470E-01 -0.27680906E-01 -0.23914353E-01 -0.20889637E-01 -0.18497818E-01 -0.16637798E-01 -0.15220369E-01 -0.14170752E-01 -0.13429861E-01 -0.12954680E-01 -0.12718146E-01 -0.12708839E-01 -0.12930633E-01 -0.13402310E-01 -0.14156986E-01 -0.15240960E-01 -0.16711521E-01 -0.18633140E-01
-0.83141581E-01 -0.91741303E-01 -0.89445153E-01 -0.77533512E-01 -0.62462547E-01 -0.51906750E-01 -0.50895565E-01 -0.60328581E-01 -0.77787812E-01 -0.99366226E-01 -0.12133243E+00 -0.14099263E+00 -0.15673695E+00 -0.16770385E+00 -0.17350648E+00 -0.17415536E+00 -0.17006379E+00 -0.16199932E+00 -0.15095090E+00 -0.13796232E+00 -0.12399303E+00 -0.10983660E+00 -0.96094483E-01 -0.83186924E-01 -0.71381164E-01 -0.60823353E-01 -0.51567252E-01 -0.43597840E-01 -0.36850388E-01 -0.31226232E-01 -0.26606180E-01 -0.22861886E-01 -0.19865278E-01 -0.17495841E-01 -0.15645757E-01 -0.14223062E-01 -0.13153123E-01 -0.12378940E-01 -0.11860704E-01 -0.11575065E-01 -0.11514371E-01 -0.11686068E-01 -0.12112161E-01 -0.12828559E-01 -0.13883878E-01 -0.15337177E-01 -0.17254001E-01
-0.15612012E+00 -0.20201309E+00 -0.18986759E+00 -0.12545088E+00 -0.37359237E-01 0.41645242E-01 0.90771840E-01 0.10495366E+00 0.89923780E-01 0.55893701E-01 0.13088793E-01 -0.30599614E-01 -0.70160159E-01 -0.10284994E+00 -0.12734753E+00 -0.14325010E+00 -0.15090208E+00 -0.15129235E+00 -0.14586247E+00 -0.13624360E+00 -0.12400988E+00 -0.11051064E+00 -0.96794879E-01 -0.83607320E-01 -0.71426231E-01 -0.60517712E-01 -0.50990296E-01 -0.42842128E-01 -0.35998573E-01 -0.30340944E-01 -0.25728010E-01 -0.22011799E-01 -0.19048938E-01 -0.16708344E-01 -0.14875930E-01 -0.13456937E-01 -0.12376522E-01 -0.11579182E-01 -0.11027617E-01 -0.10701447E-01 -0.10596071E-01 -0.10721837E-01 -0.11103359E-01 -0.11778821E-01 -0.12798736E-01 -0.14223645E-01 -0.16120082E-01
-0.10155081E+01 -0.12100310E+01 -0.11584727E+01 -0.88591579E+00 -0.51436418E+00 -0.17577441E+00 0.57148628E-01 0.17672847E+00 0.20886707E+00 0.18550687E+00 0.13327374E+00 0.71114133E-01 0.10740800E-01 -0.41670559E-01 -0.83355875E-01 -0.11340927E+00 -0.13207944E+00 -0.14051049E+00 -0.14050741E+00 -0.13420763E+00 -0.12373962E+00 -0.11096819E+00 -0.97363928E-01 -0.83979871E-01 -0.71496025E-01 -0.60294126E-01 -0.50536731E-01 -0.42236777E-01 -0.35312622E-01 -0.29628940E-01 -0.25025658E-01 -0.21337844E-01 -0.18408799E-01 -0.16098124E-01 -0.14286076E-01 -0.12875208E-01 -0.11790192E-01 -0.10976513E-01 -0.10398740E-01 -0.10038746E-01 -0.98942804E-02 -0.99779037E-02 -0.10316211E-01 -0.10949083E-01 -0.11928442E-01 -0.13315941E-01 -0.15178910E-01
-0.44170476E+01 -0.51561552E+01 -0.49599761E+01 -0.39264587E+01 -0.25308713E+01 -0.12783024E+01 -0.42405945E+00 0.38717799E-01 0.23129610E+00 0.27000000E+00 0.23169195E+00 0.16167072E+00 0.85424583E-01 0.15926147E-01 -0.41247587E-01 -0.84281964E-01 -0.11322821E+00 -0.12930823E+00 -0.13459123E+00 -0.13162432E+00 -0.12301603E+00 -0.11109730E+00 -0.97730792E-01 -0.84261975E-01 -0.71565450E-01 -0.60137022E-01 -0.50195054E-01 -0.41770832E-01 -0.34780043E-01 -0.29074938E-01 -0.24480366E-01 -0.20817439E-01 -0.17918316E-01 -0.15634690E-01 -0.13841904E-01 -0.12440037E-01 -0.11353099E-01 -0.10527146E-01 -0.99280221E-02 -0.95392177E-02 -0.93601451E-02 -0.94049093E-02 -0.97014393E-02 -0.10290710E-01 -0.11225512E-01 -0.12568171E-01 -0.14386536E-01
-0.14787667E+02 -0.17147876E+02 -0.16521997E+02 -0.13217612E+02 -0.87380005E+01 -0.47175878E+01 -0.20050786E+01 -0.55583585E+00 0.73277779E-01 0.28089362E+00 0.29807896E+00 0.23734589E+00 0.15260509E+00 0.69463873E-01 -0.12597838E-02 -0.56006183E-01 -0.94410861E-01 -0.11768903E+00 -0.12808173E+00 -0.12844757E+00 -0.12179341E+00 -0.11085939E+00 -0.97865511E-01 -0.84430965E-01 -0.71616899E-01 -0.60031670E-01 -0.49951691E-01 -0.41430695E-01 -0.34386352E-01 -0.28663031E-01 -0.24074405E-01 -0.20430735E-01 -0.17555300E-01 -0.15293379E-01 -0.13516221E-01 -0.12121744E-01 -0.11033222E-01 -0.10196944E-01 -0.95795349E-02 -0.91655116E-02 -0.89553227E-02 -0.89639768E-02 -0.92201024E-02 -0.97651549E-02 -0.10652221E-01 -0.11943813E-01 -0.13707956E-01
-0.40112298E+02 -0.46644615E+02 -0.44895208E+02 -0.35850669E+02 -0.23900486E+02 -0.13211754E+02 -0.59385220E+01 -0.20663696E+01 -0.40406465E+00 0.18000844E+00 0.32093049E+00 0.29382746E+00 0.21035589E+00 0.11788488E+00 0.35860262E-01 -0.29174014E-01 -0.76083023E-01 -0.10597587E+00 -0.12118796E+00 -0.12480037E+00 -0.12013608E+00 -0.11028192E+00 -0.97773867E-01 -0.84480650E-01 -0.71637966E-01 -0.59962704E-01 -0.49790028E-01 -0.41199325E-01 -0.34114412E-01 -0.28375982E-01 -0.23790261E-01 -0.20159672E-01 -0.17300852E-01 -0.15054170E-01 -0.13287671E-01 -0.11897501E-01 -0.10806220E-01 -0.99601072E-02 -0.93261685E-02 -0.88894359E-02 -0.86508305E-02 -0.86256716E-02 -0.88426819E-02 -0.93431955E-02 -0.10180017E-01 -0.11415327E-01 -0.13116928E-01
-0.98794305E+02 -0.11933989E+03 -0.11370754E+03 -0.86194408E+02 -0.54559832E+02 -0.29860659E+02 -0.13732173E+02 -0.50755198E+01 -0.13693011E+01 -0.70807886E-01 0.29199366E+00 0.32813586E+00 0.25678772E+00 0.15977938E+00 0.68981128E-01 -0.47202049E-02 -0.58993597E-01 -0.94731210E-01 -0.11430158E+00 -0.12093460E+00 -0.11819214E+00 -0.10944197E+00 -0.97487673E-01 -0.84415897E-01 -0.71618693E-01 -0.59912854E-01 -0.49689910E-01 -0.41056072E-01 -0.33944250E-01 -0.28194905E-01 -0.23610115E-01 -0.19987233E-01 -0.17138383E-01 -0.14900513E-01 -0.13139392E-01 -0.11749854E-01 -0.10653873E-01 -0.97975732E-02 -0.91480329E-02 -0.86903883E-02 -0.84255453E-02 -0.83686023E-02 -0.85478203E-02 -0.90038401E-02 -0.97886175E-02 -0.10963470E-01 -0.12595541E-01
-0.22421925E+03 -0.25895865E+03 -0.25111562E+03 -0.19575954E+03 -0.11408642E+03 -0.56912886E+02 -0.25833281E+02 -0.98012498E+01 -0.28855346E+01 -0.47700389E+00 0.21424933E+00 0.34108292E+00 0.29097689E+00 0.19377256E+00 0.96798798E-01 0.16240491E-01 -0.44046979E-01 -0.84646109E-01 -0.10791459E+00 -0.11717421E+00 -0.11615674E+00 -0.10844403E+00 -0.97052284E-01 -0.84246292E-01 -0.71548810E-01 -0.59862141E-01 -0.49627700E-01 -0.40977037E-01 -0.33853377E-01 -0.28099386E-01 -0.23515675E-01 -0.19896974E-01 -0.17052868E-01 -0.14818329E-01 -0.13057806E-01 -0.11665367E-01 -0.10562600E-01 -0.96954558E-02 -0.90308824E-02 -0.85537991E-02 -0.82646988E-02 -0.81780115E-02 -0.83210429E-02 -0.87332148E-02 -0.94650944E-02 -0.10576607E-01 -0.12133765E-01
-0.25693414E+03 -0.16029658E+03 -0.19998766E+03 -0.27606797E+03 -0.20583026E+03 -0.94946102E+02 -0.40392461E+02 -0.15431261E+02 -0.47028821E+01 -0.96383672E+00 0.11048691E+00 0.33887289E+00 0.31355100E+00 0.21887116E+00 0.11807241E+00 0.32596112E-01 -0.32152280E-01 -0.76419819E-01 -0.10252927E+00 -0.11385276E+00 -0.11423183E+00 -0.10739597E+00 -0.96513524E-01 -0.83979869E-01 -0.71415405E-01 -0.59787585E-01 -0.49576930E-01 -0.40935955E-01 -0.33817573E-01 -0.28067978E-01 -0.23488342E-01 -0.19872858E-01 -0.17030367E-01 -0.14795267E-01 -0.13031666E-01 -0.11633479E-01 -0.10522216E-01 -0.96437327E-02 -0.89647605E-02 -0.84697833E-02 -0.81585923E-02 -0.80445824E-02 -0.81536869E-02 -0.85236493E-02 -0.92031467E-02 -0.10250196E-01 -0.11729178E-01
0.27782764E+03 0.51161620E+04 0.29282019E+04 -0.15661434E+03 -0.26662321E+03 -0.13302462E+03 -0.52927579E+02 -0.20064962E+02 -0.62085659E+01 -0.13659055E+01 0.22670374E-01 0.33196898E+00 0.32640289E+00 0.23457570E+00 0.13181246E+00 0.43408002E-01 -0.24082849E-01 -0.70648094E-01 -0.98574507E-01 -0.11125502E+00 -0.11258856E+00 -0.10638689E+00 -0.95905972E-01 -0.83617920E-01 -0.71201421E-01 -0.59663567E-01 -0.49509410E-01 -0.40905429E-01 -0.33811961E-01 -0.28078981E-01 -0.23509643E-01 -0.19899342E-01 -0.17057820E-01 -0.14820242E-01 -0.13051388E-01 -0.11645688E-01 -0.10524989E-01 -0.96352384E-02 -0.89429698E-02 -0.84321382E-02 -0.81016375E-02 -0.79635649E-02 -0.80421536E-02 -0.83730759E-02 -0.90026692E-02 -0.99865396E-02 -0.11386917E-01
0.16399946E+04 0.52233491E+05 0.11311552E+05 0.51726907E+02 -0.27553190E+03 -0.14748334E+03 -0.57445730E+02 -0.21666071E+02 -0.67293508E+01 -0.15038174E+01 -0.65277126E-02 0.33038045E+00 0.33151185E+00 0.24072633E+00 0.13738519E+00 0.48044355E-01 -0.20362523E-01 -0.67733927E-01 -0.96339183E-01 -0.10957077E+00 -0.11133779E+00 -0.10547008E+00 -0.95244390E-01 -0.83151623E-01 -0.70885220E-01 -0.59462812E-01 -0.49396697E-01 -0.40858449E-01 -0.33812271E-01 -0.28111375E-01 -0.23561821E-01 -0.19961667E-01 -0.17123052E-01 -0.14883226E-01 -0.13108648E-01 -0.11695025E-01 -0.10565033E-01 -0.96650057E-02 -0.89614134E-02 -0.84376964E-02 -0.80917708E-02 -0.79342732E-02 -0.79875083E-02 -0.82847557E-02 -0.88696194E-02 -0.97948174E-02 -0.11119877E-01
0.69450699E+02 0.32325972E+04 0.17228760E+04 -0.19204538E+03 -0.26119131E+03 -0.12766824E+03 -0.51230075E+02 -0.19450236E+02 -0.60052415E+01 -0.13081815E+01 0.39037521E-01 0.33777445E+00 0.32959084E+00 0.23726397E+00 0.13455548E+00 0.46267353E-01 -0.21189705E-01 -0.67829089E-01 -0.95929596E-01 -0.10886574E+00 -0.11051208E+00 -0.10465328E+00 -0.94519436E-01 -0.82561094E-01 -0.70441365E-01 -0.59157907E-01 -0.49211806E-01 -0.40769931E-01 -0.33796112E-01 -0.28145779E-01 -0.23628493E-01 -0.20046233E-01 -0.17214943E-01 -0.14975206E-01 -0.13196230E-01 -0.11775795E-01 -0.10637989E-01 -0.97299234E-02 -0.90182504E-02 -0.84860233E-02 -0.81302034E-02 -0.79599211E-02 -0.79953989E-02 -0.82672970E-02 -0.88161397E-02 -0.96912974E-02 -0.10949015E-01
-0.27094329E+03 -0.21819189E+03 -0.23851899E+03 -0.27590150E+03 -0.19028256E+03 -0.88035792E+02 -0.37936260E+02 -0.14489476E+02 -0.43914315E+01 -0.87361538E+00 0.13737914E+00 0.34913463E+00 0.31960229E+00 0.22416478E+00 0.12351932E+00 0.38276326E-01 -0.26403189E-01 -0.70810068E-01 -0.97253606E-01 -0.10907220E+00 -0.11006106E+00 -0.10389716E+00 -0.93698189E-01 -0.81816924E-01 -0.69842562E-01 -0.58723261E-01 -0.48930954E-01 -0.40618178E-01 -0.33744135E-01 -0.28165324E-01 -0.23695271E-01 -0.20141025E-01 -0.17323647E-01 -0.15088316E-01 -0.13308044E-01 -0.11883538E-01 -0.10740950E-01 -0.98286553E-02 -0.91138318E-02 -0.85793768E-02 -0.82214380E-02 -0.80476790E-02 -0.80761888E-02 -0.83348427E-02 -0.88607886E-02 -0.96995995E-02 -0.10903623E-01
-0.20046956E+03 -0.23803896E+03 -0.22875273E+03 -0.17337016E+03 -0.10133796E+03 -0.51568833E+02 -0.23540825E+02 -0.88946637E+01 -0.25839247E+01 -0.38532117E+00 0.24436335E+00 0.35415659E+00 0.29958425E+00 0.20165406E+00 0.10494926E+00 0.24710464E-01 -0.35489333E-01 -0.76288123E-01 -0.10003132E+00 -0.10999886E+00 -0.10985970E+00 -0.10312196E+00 -0.92729179E-01 -0.80883981E-01 -0.69062523E-01 -0.58137270E-01 -0.48535204E-01 -0.40386132E-01 -0.33640973E-01 -0.28156351E-01 -0.23750266E-01 -0.20235954E-01 -0.17440869E-01 -0.15216011E-01 -0.13439259E-01 -0.12015132E-01 -0.10872562E-01 -0.99617469E-02 -0.92508273E-02 -0.87228732E-02 -0.83734509E-02 -0.82088912E-02 -0.82451726E-02 -0.85072769E-02 -0.90287051E-02 -0.98507775E-02 -0.11021277E-01
-0.84924715E+02 -0.10179910E+03 -0.97175695E+02 -0.74523822E+02 -0.47902088E+02 -0.26378416E+02 -0.12090440E+02 -0.44239904E+01 -0.11448523E+01 0.46549166E-02 0.32122846E+00 0.34342045E+00 0.26818259E+00 0.17055420E+00 0.80022928E-01 0.66096174E-02 -0.47627315E-01 -0.83650013E-01 -0.10382928E+00 -0.11135751E+00 -0.10972766E+00 -0.10222060E+00 -0.91550940E-01 -0.79726805E-01 -0.68079336E-01 -0.57384423E-01 -0.48011824E-01 -0.40062286E-01 -0.33475848E-01 -0.28108857E-01 -0.23784441E-01 -0.20323153E-01 -0.17560096E-01 -0.15353277E-01 -0.13586498E-01 -0.12168995E-01 -0.11033227E-01 -0.10131840E-01 -0.94344499E-02 -0.89247090E-02 -0.85979175E-02 -0.84592681E-02 -0.85227092E-02 -0.88102517E-02 -0.93514748E-02 -0.10182954E-01 -0.11347163E-01
-0.34291556E+02 -0.39791015E+02 -0.38323657E+02 -0.30675715E+02 -0.20448522E+02 -0.11252903E+02 -0.50055337E+01 -0.16846335E+01 -0.25830152E+00 0.23928826E+00 0.35023606E+00 0.31270958E+00 0.22583085E+00 0.13249964E+00 0.50381510E-01 -0.14668602E-01 -0.61766790E-01 -0.92123776E-01 -0.10811302E+00 -0.11280215E+00 -0.10945624E+00 -0.10107608E+00 -0.90102521E-01 -0.78315650E-01 -0.66878768E-01 -0.56457058E-01 -0.47355186E-01 -0.39641129E-01 -0.33242871E-01 -0.28016693E-01 -0.23791763E-01 -0.20397131E-01 -0.17676767E-01 -0.15496824E-01 -0.13748057E-01 -0.12345306E-01 -0.11225339E-01 -0.10343913E-01 -0.96726843E-02 -0.91963588E-02 -0.89103323E-02 -0.88189102E-02 -0.89340985E-02 -0.92748324E-02 -0.98664570E-02 -0.10740220E-01 -0.11932417E-01
-0.12189572E+02 -0.14159809E+02 -0.13637270E+02 -0.10879539E+02 -0.71462595E+01 -0.38023534E+01 -0.15484814E+01 -0.34466959E+00 0.17378151E+00 0.33529413E+00 0.33301111E+00 0.26365949E+00 0.17495593E+00 0.89854471E-01 0.17996010E-01 -0.37569107E-01 -0.76729119E-01 -0.10086172E+00 -0.11231102E+00 -0.11397458E+00 -0.10883860E+00 -0.99580028E-01 -0.88334117E-01 -0.76632097E-01 -0.65456971E-01 -0.55356477E-01 -0.46567110E-01 -0.39123186E-01 -0.32940929E-01 -0.27877472E-01 -0.23769179E-01 -0.20454814E-01 -0.17788375E-01 -0.15645240E-01 -0.13924084E-01 -0.12546221E-01 -0.11453498E-01 -0.10605466E-01 -0.99764186E-02 -0.95526158E-02 -0.93299332E-02 -0.93120217E-02 -0.95089942E-02 -0.99365309E-02 -0.10615294E-01 -0.11570454E-01 -0.12831056E-01
-0.33884280E+01 -0.39833062E+01 -0.38253870E+01 -0.29936930E+01 -0.18712517E+01 -0.86468427E+00 -0.18059972E+00 0.18389526E+00 0.32452184E+00 0.33556167E+00 0.28153475E+00 0.20189296E+00 0.11931647E+00 0.45379663E-01 -0.15029413E-01 -0.60481590E-01 -0.91322308E-01 -0.10903121E+00 -0.11588154E+00 -0.11454993E+00 -0.10769837E+00 -0.97649373E-01 -0.86215948E-01 -0.74673257E-01 -0.63822067E-01 -0.54093225E-01 -0.45656586E-01 -0.38514547E-01 -0.32573269E-01 -0.27692256E-01 -0.23716427E-01 -0.20495466E-01 -0.17894488E-01 -0.15799075E-01 -0.14116712E-01 -0.12776004E-01 -0.11724617E-01 -0.10926574E-01 -0.10359399E-01 -0.10011392E-01 -0.98792580E-02 -0.99661556E-02 -0.10280228E-01 -0.10833534E-01 -0.11641365E-01 -0.12721754E-01 -0.14095095E-01
-0.55531287E+00 -0.70556432E+00 -0.66571282E+00 -0.45540081E+00 -0.17033420E+00 0.85390836E-01 0.25354169E+00 0.32721017E+00 0.32718668E+00 0.28046410E+00 0.21050588E+00 0.13445120E+00 0.63012459E-01 0.18313583E-02 -0.46663205E-01 -0.81887011E-01 -0.10445709E+00 -0.11590225E+00 -0.11837332E+00 -0.11427537E+00 -0.10591247E+00 -0.95238574E-01 -0.83743994E-01 -0.72453827E-01 -0.61994328E-01 -0.52686449E-01 -0.44638862E-01 -0.37826025E-01 -0.32146807E-01 -0.27465056E-01 -0.23635709E-01 -0.20520520E-01 -0.17996687E-01 -0.15960853E-01 -0.14330099E-01 -0.13041057E-01 -0.12047900E-01 -0.11319756E-01 -0.10837925E-01 -0.10593173E-01 -0.10583274E-01 -0.10810894E-01 -0.11281880E-01 -0.12003979E-01 -0.12985972E-01 -0.14237208E-01 -0.15767479E-01
