Advanced/Day1/qtaim/urea/crystal/pato/urea_cry_pl2d_pato.SURFRHOO
DSAA
 161 161
-0.75589045E+01  0.75589045E+01  0.94486307E-01
-0.75589045E+01  0.75589045E+01  0.94486307E-01
 0.00000000E+00  0.00000000E+00
[rows 88 to 109 of 161, columns 96 to 143 of 161]
0.34706222E+00 0.37002677E+00 0.39255672E+00 0.41334296E+00 0.43112456E+00 0.44468889E+00 0.45291650E+00 0.45495475E+00 0.45047146E+00 0.43977499E+00 0.42367308E+00 0.40321581E+00 0.37953279E+00 0.35380530E+00 0.32729531E+00 0.30136934E+00 0.27750579E+00 0.25728710E+00 0.24234466E+00 0.23416489E+00 0.23362610E+00 0.24021293E+00 0.25117308E+00 0.26136523E+00 0.26461800E+00 0.25642166E+00 0.23626294E+00 0.20772385E+00 0.17627813E+00 0.14661151E+00 0.12122723E+00 0.10060160E+00 0.84077647E-01 0.70697579E-01 0.59661534E-01 0.50454679E-01 0.42796029E-01 0.36539216E-01 0.31593562E-01 0.27882203E-01 0.25328371E-01 0.23856049E-01 0.23395347E-01 0.23888057E-01 0.25292078E-01 0.27584770E-01 0.30765532E-01 0.34857514E-01
0.31319790E+00 0.33098422E+00 0.34874200E+00 0.36522422E+00 0.37925101E+00 0.38977559E+00 0.39594989E+00 0.39720304E+00 0.39331599E+00 0.38445071E+00 0.37111220E+00 0.35406979E+00 0.33428204E+00 0.31284551E+00 0.29096393E+00 0.26993397E+00 0.25115312E+00 0.23614429E+00 0.22654571E+00 0.22394025E+00 0.22934433E+00 0.24226307E+00 0.25961072E+00 0.27542424E+00 0.28243512E+00 0.27533609E+00 0.25365405E+00 0.22186450E+00 0.18666136E+00 0.15367642E+00 0.12583013E+00 0.10359117E+00 0.86099063E-01 0.72169533E-01 0.60830260E-01 0.51460605E-01 0.43725411E-01 0.37455585E-01 0.32553605E-01 0.28942620E-01 0.26548715E-01 0.25300410E-01 0.25134324E-01 0.26001773E-01 0.27874758E-01 0.30751317E-01 0.34660362E-01 0.39665601E-01
0.28058797E+00 0.29336500E+00 0.30656339E+00 0.31905976E+00 0.32978190E+00 0.33779129E+00 0.34235046E+00 0.34297666E+00 0.33947838E+00 0.33196660E+00 0.32083744E+00 0.30673236E+00 0.29048716E+00 0.27307972E+00 0.25558551E+00 0.23915513E+00 0.22502959E+00 0.21458851E+00 0.20937080E+00 0.21092410E+00 0.22028224E+00 0.23696164E+00 0.25778941E+00 0.27655745E+00 0.28565821E+00 0.27954792E+00 0.25780658E+00 0.22525645E+00 0.18904469E+00 0.15515153E+00 0.12665438E+00 0.10402765E+00 0.86347667E-01 0.72358860E-01 0.61035939E-01 0.51727772E-01 0.44086066E-01 0.37939220E-01 0.33192701E-01 0.29775261E-01 0.27620085E-01 0.26664354E-01 0.26855748E-01 0.28160560E-01 0.30571849E-01 0.34117576E-01 0.38868641E-01 0.44945995E-01
0.25019327E+00 0.25825934E+00 0.26715034E+00 0.27589075E+00 0.28352947E+00 0.28922528E+00 0.29231465E+00 0.29236023E+00 0.28917946E+00 0.28285217E+00 0.27370771E+00 0.26229362E+00 0.24933023E+00 0.23565828E+00 0.22219168E+00 0.20989479E+00 0.19980253E+00 0.19307832E+00 0.19104699E+00 0.19506153E+00 0.20601451E+00 0.22340133E+00 0.24423844E+00 0.26275895E+00 0.27193647E+00 0.26667737E+00 0.24663056E+00 0.21629484E+00 0.18233684E+00 0.15036829E+00 0.12332318E+00 0.10171069E+00 0.84719568E-01 0.71210363E-01 0.60246508E-01 0.51234656E-01 0.43861089E-01 0.37974958E-01 0.33495792E-01 0.30364010E-01 0.28524387E-01 0.27927111E-01 0.28535813E-01 0.30337750E-01 0.33354851E-01 0.37655550E-01 0.43367163E-01 0.50687384E-01
0.22269043E+00 0.22650209E+00 0.23146165E+00 0.23674733E+00 0.24153719E+00 0.24509072E+00 0.24681503E+00 0.24631178E+00 0.24340420E+00 0.23814413E+00 0.23080014E+00 0.22182821E+00 0.21182822E+00 0.20149280E+00 0.19156129E+00 0.18279746E+00 0.17600798E+00 0.17209517E+00 0.17208656E+00 0.17701904E+00 0.18752506E+00 0.20306386E+00 0.22106865E+00 0.23675355E+00 0.24438402E+00 0.23984136E+00 0.22285292E+00 0.19707680E+00 0.16797341E+00 0.14021793E+00 0.11635034E+00 0.96923377E-01 0.81368999E-01 0.68810369E-01 0.58513013E-01 0.50012988E-01 0.43070158E-01 0.37573586E-01 0.33466149E-01 0.30705226E-01 0.29251319E-01 0.29071814E-01 0.30151172E-01 0.32503779E-01 0.36188643E-01 0.41325982E-01 0.48115189E-01 0.56852106E-01
0.19841539E+00 0.19856066E+00 0.20009146E+00 0.20233161E+00 0.20458719E+00 0.20622055E+00 0.20671164E+00 0.20570241E+00 0.20302238E+00 0.19869541E+00 0.19292850E+00 0.18608422E+00 0.17863998E+00 0.17114063E+00 0.16415552E+00 0.15825604E+00 0.15402664E+00 0.15210297E+00 0.15319058E+00 0.15797019E+00 0.16678283E+00 0.17907353E+00 0.19281369E+00 0.20442776E+00 0.20974452E+00 0.20580823E+00 0.19242261E+00 0.17220954E+00 0.14913741E+00 0.12669767E+00 0.10690030E+00 0.90314458E-01 0.76653643E-01 0.65362107E-01 0.55958450E-01 0.48142367E-01 0.41766642E-01 0.36770143E-01 0.33124357E-01 0.30807178E-01 0.29798112E-01 0.30085401E-01 0.31678817E-01 0.34625725E-01 0.39030213E-01 0.45075491E-01 0.53048782E-01 0.63365809E-01
0.17738253E+00 0.17452154E+00 0.17320814E+00 0.17289387E+00 0.17300229E+00 0.17299366E+00 0.17241943E+00 0.17096202E+00 0.16845795E+00 0.16490397E+00 0.16044689E+00 0.15535887E+00 0.15000131E+00 0.14478302E+00 0.14012176E+00 0.13642115E+00 0.13407225E+00 0.13347491E+00 0.13504564E+00 0.13914782E+00 0.14587808E+00 0.15471081E+00 0.16416015E+00 0.17178903E+00 0.17485343E+00 0.17144222E+00 0.16142350E+00 0.14648097E+00 0.12921418E+00 0.11199508E+00 0.96293979E-01 0.82650782E-01 0.71017137E-01 0.61131476E-01 0.52752339E-01 0.45737448E-01 0.40030386E-01 0.35619449E-01 0.32505432E-01 0.30688227E-01 0.30168472E-01 0.30958065E-01 0.33095765E-01 0.36666908E-01 0.41827667E-01 0.48834249E-01 0.58075974E-01 0.70108266E-01
0.15936288E+00 0.15416150E+00 0.15060827E+00 0.14826002E+00 0.14664094E+00 0.14529801E+00 0.14384765E+00 0.14200996E+00 0.13962853E+00 0.13667557E+00 0.13324318E+00 0.12952230E+00 0.12577224E+00 0.12228541E+00 0.11935393E+00 0.11724655E+00 0.11620233E+00 0.11643812E+00 0.11814928E+00 0.12146456E+00 0.12631847E+00 0.13225118E+00 0.13823848E+00 0.14273654E+00 0.14408021E+00 0.14113337E+00 0.13381236E+00 0.12310668E+00 0.11058335E+00 0.97738009E-01 0.85582892E-01 0.74592410E-01 0.64876226E-01 0.56391382E-01 0.49082375E-01 0.42932257E-01 0.37958123E-01 0.34189819E-01 0.31654627E-01 0.30374109E-01 0.30370955E-01 0.31682429E-01 0.34378771E-01 0.38586842E-01 0.44520049E-01 0.52515116E-01 0.63074338E-01 0.76908054E-01
0.14398724E+00 0.13706303E+00 0.13183884E+00 0.12795435E+00 0.12501551E+00 0.12264161E+00 0.12050448E+00 0.11835698E+00 0.11604929E+00 0.11353306E+00 0.11085412E+00 0.10813529E+00 0.10555165E+00 0.10330182E+00 0.10157983E+00 0.10055331E+00 0.10035238E+00 0.10106823E+00 0.10275035E+00 0.10538153E+00 0.10881200E+00 0.11266222E+00 0.11625208E+00 0.11865001E+00 0.11890077E+00 0.11636806E+00 0.11100136E+00 0.10334708E+00 0.94297674E-01 0.84752318E-01 0.75384598E-01 0.66590132E-01 0.58560116E-01 0.51385957E-01 0.45132385E-01 0.39865732E-01 0.35653523E-01 0.32556105E-01 0.30622640E-01 0.29894802E-01 0.30417134E-01 0.32252743E-01 0.35504341E-01 0.40341904E-01 0.47038515E-01 0.56015145E-01 0.67892605E-01 0.83543910E-01
0.13084250E+00 0.12273071E+00 0.11633226E+00 0.11134995E+00 0.10745392E+00 0.10432146E+00 0.10166966E+00 0.99278625E-01 0.97004630E-01 0.94783302E-01 0.92623708E-01 0.90594700E-01 0.88805403E-01 0.87382357E-01 0.86446545E-01 0.86093967E-01 0.86382862E-01 0.87327856E-01 0.88896178E-01 0.90996065E-01 0.93449040E-01 0.95951694E-01 0.98055656E-01 0.99208146E-01 0.98874994E-01 0.96710581E-01 0.92685859E-01 0.87094271E-01 0.80432866E-01 0.73235898E-01 0.65951651E-01 0.58902002E-01 0.52305108E-01 0.46318192E-01 0.41069358E-01 0.36670505E-01 0.33218320E-01 0.30793071E-01 0.29460941E-01 0.29281478E-01 0.30319892E-01 0.32664327E-01 0.36449245E-01 0.41886948E-01 0.49309246E-01 0.59220167E-01 0.72357534E-01 0.89754918E-01
0.11954263E+00 0.11068098E+00 0.10351545E+00 0.97796164E-01 0.93242878E-01 0.89578643E-01 0.86556787E-01 0.83979789E-01 0.81709714E-01 0.79670635E-01 0.77843926E-01 0.76257600E-01 0.74971157E-01 0.74057752E-01 0.73585868E-01 0.73602933E-01 0.74123066E-01 0.75119877E-01 0.76522794E-01 0.78213035E-01 0.80015838E-01 0.81691569E-01 0.82937937E-01 0.83420191E-01 0.82835937E-01 0.80996570E-01 0.77886452E-01 0.73666180E-01 0.68618863E-01 0.63071853E-01 0.57333497E-01 0.51664475E-01 0.46277999E-01 0.41351612E-01 0.37037144E-01 0.33464968E-01 0.30745224E-01 0.28969867E-01 0.28217828E-01 0.28563963E-01 0.30092136E-01 0.32913466E-01 0.37191656E-01 0.43177963E-01 0.51258172E-01 0.62012573E-01 0.76286349E-01 0.95260098E-01
0.10976974E+00 0.10049668E+00 0.92878875E-01 0.86701988E-01 0.81724289E-01 0.77705006E-01 0.74426627E-01 0.71710174E-01 0.69423476E-01 0.67483033E-01 0.65850323E-01 0.64523562E-01 0.63526071E-01 0.62892533E-01 0.62654673E-01 0.62827997E-01 0.63401200E-01 0.64329299E-01 0.65530497E-01 0.66885664E-01 0.68239247E-01 0.69402517E-01 0.70163380E-01 0.70308279E-01 0.69657104E-01 0.68102416E-01 0.65636776E-01 0.62354723E-01 0.58428991E-01 0.54073959E-01 0.49512766E-01 0.44957324E-01 0.40600555E-01 0.36615063E-01 0.33153350E-01 0.30348042E-01 0.28312921E-01 0.27146032E-01 0.26935570E-01 0.27768985E-01 0.29746097E-01 0.32997808E-01 0.37712871E-01 0.44175606E-01 0.52817211E-01 0.64281747E-01 0.79503795E-01 0.99785862E-01
0.10128933E+00 0.91849952E-01 0.84008059E-01 0.77576446E-01 0.72343777E-01 0.68098400E-01 0.64646700E-01 0.61825451E-01 0.59508403E-01 0.57607759E-01 0.56071336E-01 0.54876265E-01 0.54020114E-01 0.53510410E-01 0.53353607E-01 0.53544682E-01 0.54058527E-01 0.54844108E-01 0.55821945E-01 0.56884844E-01 0.57901611E-01 0.58723857E-01 0.59196846E-01 0.59175420E-01 0.58544146E-01 0.57237396E-01 0.55252673E-01 0.52651971E-01 0.49551000E-01 0.46101360E-01 0.42472363E-01 0.38836941E-01 0.35362479E-01 0.32205326E-01 0.29507666E-01 0.27396262E-01 0.25983253E-01 0.25369230E-01 0.25648831E-01 0.26919315E-01 0.29293241E-01 0.32917208E-01 0.37999415E-01 0.44849180E-01 0.53931221E-01 0.65935826E-01 0.81861598E-01 0.10309758E+00
0.93947485E-01 0.84502791E-01 0.76588119E-01 0.70037266E-01 0.64663363E-01 0.60278676E-01 0.56709596E-01 0.53806595E-01 0.51449504E-01 0.49548732E-01 0.48043152E-01 0.46895337E-01 0.46084856E-01 0.45600338E-01 0.45431082E-01 0.45559055E-01 0.45952150E-01 0.46559518E-01 0.47309569E-01 0.48110949E-01 0.48856475E-01 0.49429898E-01 0.49715326E-01 0.49608881E-01 0.49031401E-01 0.47939883E-01 0.46334768E-01 0.44260981E-01 0.41802674E-01 0.39073699E-01 0.36206662E-01 0.33342884E-01 0.30624349E-01 0.28187892E-01 0.26161560E-01 0.24663092E-01 0.23800486E-01 0.23674653E-01 0.24384310E-01 0.26033731E-01 0.28744695E-01 0.32674820E-01 0.38045184E-01 0.45180489E-01 0.54564654E-01 0.66912947E-01 0.83257165E-01 0.10503002E+00
0.87657701E-01 0.78294622E-01 0.70392337E-01 0.63800686E-01 0.58352526E-01 0.53879903E-01 0.50226114E-01 0.47253647E-01 0.44848393E-01 0.42920701E-01 0.41403864E-01 0.40250591E-01 0.39427999E-01 0.38911665E-01 0.38679308E-01 0.38704716E-01 0.38952580E-01 0.39374868E-01 0.39909253E-01 0.40479934E-01 0.41000915E-01 0.41381560E-01 0.41533991E-01 0.41381608E-01 0.40867696E-01 0.39962696E-01 0.38668749E-01 0.37020560E-01 0.35082568E-01 0.32943318E-01 0.30708405E-01 0.28493342E-01 0.26417292E-01 0.24598246E-01 0.23149905E-01 0.22180340E-01 0.21792396E-01 0.22085821E-01 0.23161369E-01 0.25127618E-01 0.28111984E-01 0.32278206E-01 0.37853248E-01 0.45166875E-01 0.54706726E-01 0.67189987E-01 0.83648134E-01 0.10551098E+00
0.82383221E-01 0.73124148E-01 0.65263615E-01 0.58662593E-01 0.53169155E-01 0.48631306E-01 0.44906393E-01 0.41867247E-01 0.39405482E-01 0.37432391E-01 0.35877920E-01 0.34688126E-01 0.33821503E-01 0.33244580E-01 0.32927212E-01 0.32838020E-01 0.32940476E-01 0.33190117E-01 0.33533295E-01 0.33907737E-01 0.34245010E-01 0.34474694E-01 0.34529889E-01 0.34353394E-01 0.33903741E-01 0.33160177E-01 0.32125782E-01 0.30828217E-01 0.29318098E-01 0.27665461E-01 0.25955075E-01 0.24281470E-01 0.22744391E-01 0.21445201E-01 0.20484528E-01 0.19961226E-01 0.19972661E-01 0.20616355E-01 0.21993327E-01 0.24213947E-01 0.27407853E-01 0.31740175E-01 0.37436956E-01 0.44822900E-01 0.54374156E-01 0.66787126E-01 0.83059937E-01 0.10457355E+00
0.78118987E-01 0.68930380E-01 0.61094541E-01 0.54477655E-01 0.48937909E-01 0.44335118E-01 0.40537600E-01 0.37426610E-01 0.34898719E-01 0.32866507E-01 0.31257887E-01 0.30014324E-01 0.29088207E-01 0.28439653E-01 0.28033037E-01 0.27833601E-01 0.27804503E-01 0.27904671E-01 0.28087782E-01 0.28302575E-01 0.28494565E-01 0.28609027E-01 0.28594943E-01 0.28409413E-01 0.28021925E-01 0.27417878E-01 0.26600822E-01 0.25593123E-01 0.24435036E-01 0.23182456E-01 0.21903837E-01 0.20676834E-01 0.19585180E-01 0.18716193E-01 0.18159125E-01 0.18004435E-01 0.18343983E-01 0.19272268E-01 0.20889068E-01 0.23304353E-01 0.26646956E-01 0.31079188E-01 0.36820098E-01 0.44180311E-01 0.53610925E-01 0.65767331E-01 0.81584867E-01 0.10235460E+00
0.74875288E-01 0.65675486E-01 0.57809225E-01 0.51140121E-01 0.45530097E-01 0.40845804E-01 0.36962903E-01 0.33768695E-01 0.31163474E-01 0.29060866E-01 0.27387329E-01 0.26080921E-01 0.25089480E-01 0.24368350E-01 0.23877874E-01 0.23580888E-01 0.23440502E-01 0.23418432E-01 0.23474133E-01 0.23564894E-01 0.23646947E-01 0.23677504E-01 0.23617489E-01 0.23434619E-01 0.23106410E-01 0.22622671E-01 0.21987144E-01 0.21218098E-01 0.20347839E-01 0.19421346E-01 0.18494313E-01 0.17630988E-01 0.16902156E-01 0.16383519E-01 0.16154631E-01 0.16298423E-01 0.16901358E-01 0.18054320E-01 0.19854642E-01 0.22410097E-01 0.25846252E-01 0.30319187E-01 0.36036081E-01 0.43286285E-01 0.52485076E-01 0.64230830E-01 0.79372819E-01 0.99079591E-01
0.72663979E-01 0.63330562E-01 0.55348299E-01 0.48567914E-01 0.42846931E-01 0.38052691E-01 0.34063797E-01 0.30770663E-01 0.28075587E-01 0.25892500E-01 0.24146411E-01 0.22772519E-01 0.21714964E-01 0.20925260E-01 0.20360517E-01 0.19981614E-01 0.19751518E-01 0.19633970E-01 0.19592719E-01 0.19591435E-01 0.19594339E-01 0.19567515E-01 0.19480732E-01 0.19309530E-01 0.19037292E-01 0.18656998E-01 0.18172428E-01 0.17598673E-01 0.16961957E-01 0.16298864E-01 0.15655188E-01 0.15084642E-01 0.14647653E-01 0.14410408E-01 0.14444243E-01 0.14825382E-01 0.15635059E-01 0.16960141E-01 0.18894626E-01 0.21542756E-01 0.25025026E-01 0.29488865E-01 0.35126198E-01 0.42200203E-01 0.51083111E-01 0.62305620E-01 0.76615488E-01 0.95036966E-01
0.71487106E-01 0.61864428E-01 0.53657339E-01 0.46690413E-01 0.40806625E-01 0.35866531E-01 0.31746395E-01 0.28336222E-01 0.25538147E-01 0.23265253E-01 0.21440688E-01 0.19996875E-01 0.18874634E-01 0.18022119E-01 0.17393590E-01 0.16948087E-01 0.16648161E-01 0.16458808E-01 0.16346761E-01 0.16280253E-01 0.16229290E-01 0.16166400E-01 0.16067780E-01 0.15914653E-01 0.15694647E-01 0.15403007E-01 0.15043466E-01 0.14628686E-01 0.14180272E-01 0.13728410E-01 0.13311275E-01 0.12974355E-01 0.12769835E-01 0.12756129E-01 0.12997607E-01 0.13564510E-01 0.14533067E-01 0.15985909E-01 0.18013120E-01 0.20714556E-01 0.24204539E-01 0.28620474E-01 0.34137262E-01 0.40989492E-01 0.49502931E-01 0.60135691E-01 0.73526986E-01 0.90546744E-01
0.71327356E-01 0.61234985E-01 0.52678350E-01 0.45439647E-01 0.39335140E-01 0.34209812E-01 0.29931481E-01 0.26385679E-01 0.23471827E-01 0.21100698E-01 0.19192873E-01 0.17677783E-01 0.16492994E-01 0.15583474E-01 0.14900758E-01 0.14401998E-01 0.14048985E-01 0.13807268E-01 0.13645477E-01 0.13534958E-01 0.13449761E-01 0.13366987E-01 0.13267419E-01 0.13136343E-01 0.12964422E-01 0.12748507E-01 0.12492246E-01 0.12206471E-01 0.11909313E-01 0.11626116E-01 0.11389224E-01 0.11237723E-01 0.11217240E-01 0.11379820E-01 0.11783911E-01 0.12494418E-01 0.13582829E-01 0.15127496E-01 0.17214313E-01 0.19938352E-01 0.23407342E-01 0.27748306E-01 0.33118899E-01 0.39725093E-01 0.47846405E-01 0.57868902E-01 0.70324182E-01 0.85928999E-01
0.72139599E-01 0.61382519E-01 0.52343758E-01 0.44744351E-01 0.38360009E-01 0.33010297E-01 0.28547821E-01 0.24849179E-01 0.21808264E-01 0.19331884E-01 0.17337166E-01 0.15750160E-01 0.14505067E-01 0.13543678E-01 0.12814799E-01 0.12273568E-01 0.11880690E-01 0.11601681E-01 0.11406199E-01 0.11267579E-01 0.11162602E-01 0.11071529E-01 0.10978352E-01 0.10871222E-01 0.10742955E-01 0.10591527E-01 0.10420506E-01 0.10239354E-01 0.10063614E-01 0.99149828E-02 0.98213487E-02 0.98168135E-02 0.99417666E-02 0.10243013E-01 0.10773941E-01 0.11594702E-01 0.12772366E-01 0.14381114E-01 0.16502658E-01 0.19227299E-01 0.22656360E-01 0.26907019E-01 0.32120816E-01 0.38477126E-01 0.46212531E-01 0.55646185E-01 0.67209644E-01 0.81476992E-01
