Basic/Day4/qtaim/urea/crystal/pato/urea_cry_pl2d_pato.SURFVIRI
DSAA
 161 161
-0.75589045E+01  0.75589045E+01  0.94486307E-01
-0.75589045E+01  0.75589045E+01  0.94486307E-01
 0.00000000E+00  0.00000000E+00
[rows 0 to 20 of 161, columns 94 to 140 of 161]
-0.26789520E+00 -0.25355755E+00 -0.24847385E+00 -0.25081121E+00 -0.25845297E+00 -0.26901484E+00 -0.28005326E+00 -0.28931987E+00 -0.29498887E+00 -0.29582467E+00 -0.29127650E+00 -0.28149472E+00 -0.26726695E+00 -0.24987361E+00 -0.23086320E+00 -0.21175999E+00 -0.19376487E+00 -0.17762339E+00 -0.16398045E+00 -0.15453839E+00 -0.15385619E+00 -0.17051840E+00 -0.21528503E+00 -0.29438839E+00 -0.39994821E+00 -0.50500316E+00 -0.57156229E+00 -0.57086333E+00 -0.50170921E+00 -0.39112013E+00 -0.27670718E+00 -0.18601615E+00 -0.12757536E+00 -0.95313340E-01 -0.78203142E-01 -0.67351224E-01 -0.58205893E-01 -0.49561459E-01 -0.41759636E-01 -0.35425627E-01 -0.30951214E-01 -0.28435089E-01 -0.27780492E-01 -0.28800284E-01 -0.31297736E-01 -0.35143258E-01 -0.40380370E-01
-0.24081419E+00 -0.21905447E+00 -0.20578103E+00 -0.19953025E+00 -0.19864980E+00 -0.20127336E+00 -0.20547453E+00 -0.20946617E+00 -0.21178028E+00 -0.21140046E+00 -0.20783527E+00 -0.20112847E+00 -0.19180557E+00 -0.18075835E+00 -0.16907018E+00 -0.15779227E+00 -0.14770871E+00 -0.13919595E+00 -0.13237518E+00 -0.12776601E+00 -0.12737474E+00 -0.13549215E+00 -0.15781738E+00 -0.19786002E+00 -0.25173601E+00 -0.30546434E+00 -0.33921294E+00 -0.33794883E+00 -0.30102977E+00 -0.24254265E+00 -0.18208209E+00 -0.13389391E+00 -0.10215490E+00 -0.83385163E-01 -0.71693448E-01 -0.62600658E-01 -0.54127500E-01 -0.46100759E-01 -0.39066518E-01 -0.33571952E-01 -0.29909066E-01 -0.28125162E-01 -0.28114206E-01 -0.29704248E-01 -0.32732567E-01 -0.37134409E-01 -0.43081199E-01
-0.21911885E+00 -0.19275661E+00 -0.17416104E+00 -0.16215657E+00 -0.15543279E+00 -0.15251087E+00 -0.15186290E+00 -0.15206707E+00 -0.15194513E+00 -0.15066140E+00 -0.14777527E+00 -0.14324550E+00 -0.13738692E+00 -0.13078258E+00 -0.12415526E+00 -0.11820548E+00 -0.11343711E+00 -0.11002802E+00 -0.10785822E+00 -0.10682408E+00 -0.10743166E+00 -0.11131431E+00 -0.12096057E+00 -0.13809123E+00 -0.16119754E+00 -0.18419680E+00 -0.19829147E+00 -0.19676855E+00 -0.17932754E+00 -0.15223133E+00 -0.12414260E+00 -0.10122915E+00 -0.85088827E-01 -0.73965854E-01 -0.65245282E-01 -0.57198405E-01 -0.49368322E-01 -0.42107899E-01 -0.35985562E-01 -0.31431410E-01 -0.28642700E-01 -0.27626405E-01 -0.28275588E-01 -0.30440153E-01 -0.33999374E-01 -0.38966241E-01 -0.45662705E-01
-0.20105587E+00 -0.17235512E+00 -0.15074962E+00 -0.13529251E+00 -0.12492131E+00 -0.11843825E+00 -0.11460974E+00 -0.11228873E+00 -0.11051845E+00 -0.10860363E+00 -0.10614561E+00 -0.10304151E+00 -0.99449857E-01 -0.95725639E-01 -0.92329040E-01 -0.89712646E-01 -0.88198145E-01 -0.87871268E-01 -0.88553583E-01 -0.89925340E-01 -0.91817769E-01 -0.94529268E-01 -0.98836363E-01 -0.10541255E+00 -0.11382685E+00 -0.12192374E+00 -0.12645922E+00 -0.12491891E+00 -0.11718262E+00 -0.10558118E+00 -0.93292321E-01 -0.82482709E-01 -0.73587820E-01 -0.65888438E-01 -0.58537675E-01 -0.51205202E-01 -0.44122233E-01 -0.37791862E-01 -0.32693945E-01 -0.29136972E-01 -0.27242949E-01 -0.26994341E-01 -0.28292260E-01 -0.31013902E-01 -0.35085916E-01 -0.40607039E-01 -0.48062881E-01
-0.18528123E+00 -0.15595753E+00 -0.13309794E+00 -0.11593629E+00 -0.10358967E+00 -0.95062906E-01 -0.89337075E-01 -0.85467669E-01 -0.82662938E-01 -0.80334153E-01 -0.78117586E-01 -0.75870284E-01 -0.73642525E-01 -0.71630278E-01 -0.70111189E-01 -0.69367652E-01 -0.69602766E-01 -0.70862821E-01 -0.72994841E-01 -0.75679186E-01 -0.78558936E-01 -0.81418956E-01 -0.84279359E-01 -0.87263010E-01 -0.90261779E-01 -0.92675031E-01 -0.93548575E-01 -0.92123503E-01 -0.88362029E-01 -0.82964691E-01 -0.76861420E-01 -0.70647624E-01 -0.64418714E-01 -0.58023306E-01 -0.51415390E-01 -0.44818069E-01 -0.38655925E-01 -0.33387212E-01 -0.29370596E-01 -0.26815275E-01 -0.25793770E-01 -0.26279674E-01 -0.28189367E-01 -0.31430424E-01 -0.35978558E-01 -0.42019367E-01 -0.50202001E-01
-0.17089867E+00 -0.14218103E+00 -0.11932785E+00 -0.10171215E+00 -0.88583047E-01 -0.79094894E-01 -0.72388254E-01 -0.67669903E-01 -0.64272246E-01 -0.61688558E-01 -0.59585917E-01 -0.57798955E-01 -0.56307621E-01 -0.55202046E-01 -0.54637446E-01 -0.54781758E-01 -0.55759343E-01 -0.57597230E-01 -0.60187214E-01 -0.63283980E-01 -0.66555480E-01 -0.69675943E-01 -0.72412216E-01 -0.74638558E-01 -0.76261888E-01 -0.77128014E-01 -0.77017146E-01 -0.75755479E-01 -0.73337920E-01 -0.69931636E-01 -0.65755957E-01 -0.60965940E-01 -0.55651461E-01 -0.49933635E-01 -0.44051490E-01 -0.38362292E-01 -0.33266558E-01 -0.29118997E-01 -0.26173757E-01 -0.24573241E-01 -0.24364234E-01 -0.25523408E-01 -0.27986643E-01 -0.31692119E-01 -0.36662056E-01 -0.43162030E-01 -0.51989099E-01
-0.15741757E+00 -0.13013278E+00 -0.10813639E+00 -0.90905248E-01 -0.77789546E-01 -0.68060033E-01 -0.60981788E-01 -0.55879530E-01 -0.52182925E-01 -0.49451298E-01 -0.47380723E-01 -0.45796950E-01 -0.44637328E-01 -0.43924430E-01 -0.43733773E-01 -0.44157663E-01 -0.45267326E-01 -0.47076584E-01 -0.49513277E-01 -0.52408123E-01 -0.55510763E-01 -0.58533987E-01 -0.61210460E-01 -0.63333930E-01 -0.64765203E-01 -0.65410909E-01 -0.65204646E-01 -0.64109737E-01 -0.62132194E-01 -0.59320877E-01 -0.55754227E-01 -0.51536680E-01 -0.46818307E-01 -0.41820276E-01 -0.36835965E-01 -0.32196997E-01 -0.28221294E-01 -0.25169427E-01 -0.23223885E-01 -0.22489304E-01 -0.23003797E-01 -0.24754188E-01 -0.27696985E-01 -0.31798501E-01 -0.37120801E-01 -0.43994659E-01 -0.53333957E-01
-0.14467077E+00 -0.11932647E+00 -0.98712719E-01 -0.82382110E-01 -0.69767108E-01 -0.60235956E-01 -0.53157662E-01 -0.47954690E-01 -0.44137451E-01 -0.41321716E-01 -0.39232177E-01 -0.37695485E-01 -0.36625596E-01 -0.36003737E-01 -0.35854850E-01 -0.36222079E-01 -0.37140747E-01 -0.38613689E-01 -0.40590956E-01 -0.42958478E-01 -0.45540897E-01 -0.48120950E-01 -0.50471271E-01 -0.52387351E-01 -0.53709396E-01 -0.54328155E-01 -0.54179816E-01 -0.53238924E-01 -0.51514488E-01 -0.49049913E-01 -0.45926931E-01 -0.42273374E-01 -0.38270240E-01 -0.34149216E-01 -0.30174861E-01 -0.26615168E-01 -0.23711589E-01 -0.21658612E-01 -0.20596035E-01 -0.20610506E-01 -0.21741221E-01 -0.23987955E-01 -0.27326575E-01 -0.31746991E-01 -0.37341201E-01 -0.44483914E-01 -0.54162099E-01
-0.13272284E+00 -0.10957448E+00 -0.90618119E-01 -0.75460432E-01 -0.63604798E-01 -0.54506460E-01 -0.47626634E-01 -0.42473691E-01 -0.38629002E-01 -0.35759205E-01 -0.33617820E-01 -0.32039061E-01 -0.30926179E-01 -0.30236241E-01 -0.29962733E-01 -0.30117190E-01 -0.30710854E-01 -0.31737546E-01 -0.33159308E-01 -0.34897188E-01 -0.36829709E-01 -0.38800825E-01 -0.40636552E-01 -0.42166064E-01 -0.43241098E-01 -0.43748821E-01 -0.43617163E-01 -0.42815188E-01 -0.41352216E-01 -0.39278116E-01 -0.36684972E-01 -0.33707969E-01 -0.30521952E-01 -0.27330936E-01 -0.24351093E-01 -0.21791447E-01 -0.19837682E-01 -0.18642398E-01 -0.18321601E-01 -0.18954841E-01 -0.20586597E-01 -0.23229553E-01 -0.26876243E-01 -0.31534513E-01 -0.37314515E-01 -0.44609814E-01 -0.54429082E-01
-0.12178824E+00 -0.10088349E+00 -0.83664170E-01 -0.69771747E-01 -0.58771012E-01 -0.50196653E-01 -0.43594404E-01 -0.38551073E-01 -0.34712900E-01 -0.31793965E-01 -0.29576803E-01 -0.27907391E-01 -0.26686248E-01 -0.25857085E-01 -0.25393999E-01 -0.25288154E-01 -0.25534616E-01 -0.26120157E-01 -0.27012990E-01 -0.28155674E-01 -0.29462569E-01 -0.30822889E-01 -0.32109384E-01 -0.33191116E-01 -0.33947487E-01 -0.34280563E-01 -0.34123830E-01 -0.33447260E-01 -0.32259657E-01 -0.30609233E-01 -0.28582510E-01 -0.26300713E-01 -0.23912692E-01 -0.21584382E-01 -0.19486352E-01 -0.17782014E-01 -0.16618751E-01 -0.16122714E-01 -0.16396373E-01 -0.17517056E-01 -0.19535439E-01 -0.22475626E-01 -0.26343632E-01 -0.31159422E-01 -0.37039360E-01 -0.44370329E-01 -0.54130243E-01
-0.11217076E+00 -0.93370121E-01 -0.77809989E-01 -0.65142104E-01 -0.54978637E-01 -0.46923972E-01 -0.40600624E-01 -0.35667566E-01 -0.31831284E-01 -0.28850687E-01 -0.26537116E-01 -0.24750660E-01 -0.23393823E-01 -0.22403436E-01 -0.21741525E-01 -0.21385758E-01 -0.21319992E-01 -0.21525494E-01 -0.21973485E-01 -0.22619767E-01 -0.23402223E-01 -0.24241832E-01 -0.25047354E-01 -0.25723102E-01 -0.26178489E-01 -0.26337655E-01 -0.26147681E-01 -0.25584483E-01 -0.24656106E-01 -0.23403419E-01 -0.21898263E-01 -0.20239041E-01 -0.18544034E-01 -0.16943237E-01 -0.15570011E-01 -0.14553918E-01 -0.14015575E-01 -0.14063395E-01 -0.14791271E-01 -0.16275958E-01 -0.18573710E-01 -0.21718106E-01 -0.25725645E-01 -0.30623310E-01 -0.36523248E-01 -0.43783098E-01 -0.53303264E-01
-0.10422894E+00 -0.87204505E-01 -0.73088101E-01 -0.61502118E-01 -0.52080552E-01 -0.44480621E-01 -0.38390359E-01 -0.33533379E-01 -0.29671568E-01 -0.26605976E-01 -0.24175987E-01 -0.22256813E-01 -0.20755495E-01 -0.19605681E-01 -0.18761561E-01 -0.18191313E-01 -0.17870471E-01 -0.17775658E-01 -0.17879149E-01 -0.18144807E-01 -0.18525912E-01 -0.18965276E-01 -0.19397825E-01 -0.19755372E-01 -0.19972936E-01 -0.19995602E-01 -0.19784875E-01 -0.19323636E-01 -0.18619118E-01 -0.17703624E-01 -0.16632995E-01 -0.15483089E-01 -0.14344838E-01 -0.13318658E-01 -0.12509145E-01 -0.12020725E-01 -0.11954525E-01 -0.12406077E-01 -0.13462994E-01 -0.15201676E-01 -0.17682827E-01 -0.20947662E-01 -0.25020765E-01 -0.29932395E-01 -0.35782896E-01 -0.42883949E-01 -0.52023015E-01
-0.98365530E-01 -0.82581305E-01 -0.69559692E-01 -0.58828032E-01 -0.49997893E-01 -0.42750637E-01 -0.36821890E-01 -0.31989090E-01 -0.28063231E-01 -0.24884133E-01 -0.22317833E-01 -0.20254742E-01 -0.18607629E-01 -0.17308939E-01 -0.16307369E-01 -0.15563826E-01 -0.15047062E-01 -0.14729333E-01 -0.14582491E-01 -0.14574917E-01 -0.14669682E-01 -0.14824232E-01 -0.14991733E-01 -0.15123953E-01 -0.15175314E-01 -0.15107503E-01 -0.14893936E-01 -0.14523394E-01 -0.14002330E-01 -0.13355538E-01 -0.12625215E-01 -0.11868654E-01 -0.11155056E-01 -0.10562055E-01 -0.10172542E-01 -0.10072123E-01 -0.10347217E-01 -0.11083371E-01 -0.12363014E-01 -0.14261884E-01 -0.16843982E-01 -0.20156653E-01 -0.24230956E-01 -0.29098366E-01 -0.34843460E-01 -0.41722795E-01 -0.50390397E-01
-0.95031292E-01 -0.79711056E-01 -0.67293644E-01 -0.57109152E-01 -0.48676943E-01 -0.41657583E-01 -0.35806901E-01 -0.30940289E-01 -0.26909108E-01 -0.23587417E-01 -0.20865845E-01 -0.18649446E-01 -0.16857098E-01 -0.15421023E-01 -0.14285677E-01 -0.13405888E-01 -0.12744371E-01 -0.12268957E-01 -0.11949858E-01 -0.11757378E-01 -0.11660353E-01 -0.11625596E-01 -0.11618447E-01 -0.11604395E-01 -0.11551537E-01 -0.11433521E-01 -0.11232482E-01 -0.10941526E-01 -0.10566381E-01 -0.10126003E-01 -0.96521438E-02 -0.91880507E-02 -0.87866567E-02 -0.85086433E-02 -0.84207224E-02 -0.85942988E-02 -0.91044019E-02 -0.10028465E-01 -0.11444286E-01 -0.13426498E-01 -0.16041384E-01 -0.19341306E-01 -0.23362981E-01 -0.28138735E-01 -0.33737151E-01 -0.40358438E-01 -0.48518523E-01
-0.94726173E-01 -0.78819211E-01 -0.66359729E-01 -0.56333654E-01 -0.48067383E-01 -0.41135888E-01 -0.35276008E-01 -0.30318745E-01 -0.26143798E-01 -0.22653396E-01 -0.19759972E-01 -0.17382189E-01 -0.15444977E-01 -0.13880783E-01 -0.12630498E-01 -0.11643515E-01 -0.10876878E-01 -0.10293801E-01 -0.98618928E-02 -0.95514623E-02 -0.93341924E-02 -0.91824277E-02 -0.90691894E-02 -0.89689235E-02 -0.88588537E-02 -0.87207228E-02 -0.85426057E-02 -0.83205092E-02 -0.80595064E-02 -0.77742560E-02 -0.74889123E-02 -0.72365407E-02 -0.70582573E-02 -0.70023358E-02 -0.71234705E-02 -0.74822454E-02 -0.81446560E-02 -0.91812940E-02 -0.10665617E-01 -0.12670705E-01 -0.15264296E-01 -0.18503021E-01 -0.22429107E-01 -0.27076813E-01 -0.32501770E-01 -0.38853676E-01 -0.46519972E-01
-0.97976800E-01 -0.80137947E-01 -0.66824653E-01 -0.56483597E-01 -0.48113800E-01 -0.41118071E-01 -0.35161950E-01 -0.30062324E-01 -0.25711376E-01 -0.22031604E-01 -0.18953637E-01 -0.16408342E-01 -0.14326386E-01 -0.12640646E-01 -0.11288865E-01 -0.10215407E-01 -0.93718606E-02 -0.87166653E-02 -0.82141277E-02 -0.78332003E-02 -0.75463440E-02 -0.73287085E-02 -0.71577730E-02 -0.70134850E-02 -0.68788375E-02 -0.67407704E-02 -0.65911827E-02 -0.64278951E-02 -0.62553848E-02 -0.60852228E-02 -0.59361721E-02 -0.58340588E-02 -0.58115222E-02 -0.59077908E-02 -0.61685781E-02 -0.66460866E-02 -0.73989568E-02 -0.84918165E-02 -0.99939350E-02 -0.11976453E-01 -0.14507930E-01 -0.17648812E-01 -0.21447192E-01 -0.25941397E-01 -0.31179532E-01 -0.37271907E-01 -0.44497969E-01
-0.10527178E+00 -0.83877256E-01 -0.68740866E-01 -0.57530898E-01 -0.48753112E-01 -0.41530944E-01 -0.35393607E-01 -0.30106855E-01 -0.25555589E-01 -0.21672748E-01 -0.18402679E-01 -0.15686694E-01 -0.13460729E-01 -0.11658200E-01 -0.10214028E-01 -0.90678980E-02 -0.81661551E-02 -0.74624136E-02 -0.69172462E-02 -0.64973558E-02 -0.61745849E-02 -0.59250237E-02 -0.57283832E-02 -0.55677039E-02 -0.54293976E-02 -0.53035490E-02 -0.51843812E-02 -0.50707549E-02 -0.49666115E-02 -0.48813082E-02 -0.48298132E-02 -0.48328319E-02 -0.49169184E-02 -0.51146543E-02 -0.54649322E-02 -0.60133053E-02 -0.68122496E-02 -0.79210480E-02 -0.94048806E-02 -0.11332663E-01 -0.13773342E-01 -0.16790973E-01 -0.20440209E-01 -0.24766183E-01 -0.29816256E-01 -0.35675575E-01 -0.42542707E-01
-0.11694734E+00 -0.90168603E-01 -0.72121941E-01 -0.59428482E-01 -0.49912493E-01 -0.42295482E-01 -0.35895603E-01 -0.30384666E-01 -0.25617280E-01 -0.21525293E-01 -0.18061490E-01 -0.15175524E-01 -0.12808005E-01 -0.10892967E-01 -0.93628386E-02 -0.81529939E-02 -0.72048123E-02 -0.64671739E-02 -0.58967364E-02 -0.54574399E-02 -0.51196391E-02 -0.48591600E-02 -0.46564789E-02 -0.44961258E-02 -0.43663459E-02 -0.42589897E-02 -0.41695878E-02 -0.40975223E-02 -0.40462477E-02 -0.40235237E-02 -0.40416338E-02 -0.41176337E-02 -0.42736529E-02 -0.45372938E-02 -0.49421367E-02 -0.55283058E-02 -0.63429671E-02 -0.74405261E-02 -0.88821895E-02 -0.10734505E-01 -0.13066585E-01 -0.15946123E-01 -0.19435234E-01 -0.23588811E-01 -0.28460669E-01 -0.34126016E-01 -0.40732034E-01
-0.13303431E+00 -0.98985219E-01 -0.76904825E-01 -0.62095018E-01 -0.51505016E-01 -0.43327056E-01 -0.36589922E-01 -0.30826143E-01 -0.25835379E-01 -0.21535850E-01 -0.17882926E-01 -0.14832209E-01 -0.12328281E-01 -0.10305846E-01 -0.86951920E-02 -0.74278073E-02 -0.64404766E-02 -0.56775782E-02 -0.50918875E-02 -0.46443733E-02 -0.43034349E-02 -0.40439228E-02 -0.38461743E-02 -0.36951959E-02 -0.35800541E-02 -0.34934748E-02 -0.34316414E-02 -0.33941286E-02 -0.33839503E-02 -0.34076922E-02 -0.34757074E-02 -0.36024001E-02 -0.38066058E-02 -0.41120910E-02 -0.45481719E-02 -0.51504137E-02 -0.59613165E-02 -0.70308130E-02 -0.84163263E-02 -0.10182076E-01 -0.12397359E-01 -0.15133773E-01 -0.18461940E-01 -0.22449441E-01 -0.27163430E-01 -0.32683736E-01 -0.39134588E-01
-0.15309907E+00 -0.11005569E+00 -0.82906623E-01 -0.65395783E-01 -0.53423026E-01 -0.44534763E-01 -0.37397631E-01 -0.31362113E-01 -0.26149192E-01 -0.21651095E-01 -0.17819816E-01 -0.14614375E-01 -0.11982519E-01 -0.98596433E-02 -0.81742669E-02 -0.68544705E-02 -0.58329036E-02 -0.50498025E-02 -0.44542700E-02 -0.40043299E-02 -0.36662582E-02 -0.34135783E-02 -0.32259890E-02 -0.30883833E-02 -0.29900434E-02 -0.29240305E-02 -0.28867844E-02 -0.28778796E-02 -0.28999373E-02 -0.29586560E-02 -0.30629689E-02 -0.32252971E-02 -0.34619460E-02 -0.37936309E-02 -0.42461442E-02 -0.48511403E-02 -0.56469830E-02 -0.66795416E-02 -0.80027628E-02 -0.96787911E-02 -0.11777396E-01 -0.14374596E-01 -0.17550709E-01 -0.21388774E-01 -0.25975445E-01 -0.31408013E-01 -0.37812806E-01
-0.17612732E+00 -0.12279763E+00 -0.89789698E-01 -0.69126213E-01 -0.55531874E-01 -0.45820310E-01 -0.38240156E-01 -0.31926026E-01 -0.26500751E-01 -0.21819954E-01 -0.17826855E-01 -0.14481436E-01 -0.11733762E-01 -0.95198879E-02 -0.77669322E-02 -0.64000852E-02 -0.53483930E-02 -0.45484152E-02 -0.39459300E-02 -0.34962208E-02 -0.31634900E-02 -0.29198386E-02 -0.27441114E-02 -0.26207925E-02 -0.25390554E-02 -0.24919990E-02 -0.24761013E-02 -0.24908392E-02 -0.25384894E-02 -0.26240709E-02 -0.27554331E-02 -0.29434673E-02 -0.32024701E-02 -0.35506575E-02 -0.40108445E-02 -0.46112949E-02 -0.53867209E-02 -0.63793851E-02 -0.76402098E-02 -0.92297388E-02 -0.11218779E-01 -0.13688566E-01 -0.16730458E-01 -0.20445548E-01 -0.24945280E-01 -0.30355043E-01 -0.36823806E-01
