Basic/Day4/qtaim/urea/crystal/pato/urea_cry_pl2d_pato.SURFVIRI
DSAA
 161 161
-0.75589045E+01  0.75589045E+01  0.94486307E-01
-0.75589045E+01  0.75589045E+01  0.94486307E-01
 0.00000000E+00  0.00000000E+00
[rows 63 to 83 of 161, columns 0 to 46 of 161]
-0.17774640E-01 -0.17882431E-01 -0.17855247E-01 -0.17693787E-01 -0.17402177E-01 -0.16987745E-01 -0.16460630E-01 -0.15833279E-01 -0.15119884E-01 -0.14335812E-01 -0.13497073E-01 -0.12619841E-01 -0.11720068E-01 -0.10813157E-01 -0.99137141E-02 -0.90353616E-02 -0.81905985E-02 -0.73907212E-02 -0.66457897E-02 -0.59646555E-02 -0.53550467E-02 -0.48237114E-02 -0.43766134E-02 -0.40191668E-02 -0.37564901E-02 -0.35936563E-02 -0.35359161E-02 -0.35888740E-02 -0.37586106E-02 -0.40517665E-02 -0.44756374E-02 -0.50383773E-02 -0.57494740E-02 -0.66207293E-02 -0.76680508E-02 -0.89144115E-02 -0.10394323E-01 -0.12160063E-01 -0.14289628E-01 -0.16895925E-01 -0.20135933E-01 -0.24217404E-01 -0.29398631E-01 -0.35973187E-01 -0.44226130E-01 -0.54345117E-01 -0.66286926E-01
-0.16036101E-01 -0.16134590E-01 -0.16109750E-01 -0.15962246E-01 -0.15696008E-01 -0.15318002E-01 -0.14837843E-01 -0.14267297E-01 -0.13619724E-01 -0.12909519E-01 -0.12151587E-01 -0.11360895E-01 -0.10552101E-01 -0.97392701E-02 -0.89356709E-02 -0.81536296E-02 -0.74044475E-02 -0.66983703E-02 -0.60446026E-02 -0.54513754E-02 -0.49260643E-02 -0.44753549E-02 -0.41054514E-02 -0.38223119E-02 -0.36318924E-02 -0.35403740E-02 -0.35543453E-02 -0.36809178E-02 -0.39277610E-02 -0.43030684E-02 -0.48155030E-02 -0.54742274E-02 -0.62892005E-02 -0.72720133E-02 -0.84376296E-02 -0.98074710E-02 -0.11414290E-01 -0.13309162E-01 -0.15570650E-01 -0.18315629E-01 -0.21710447E-01 -0.25979844E-01 -0.31409143E-01 -0.38332310E-01 -0.47094070E-01 -0.57971445E-01 -0.71050275E-01
-0.14459450E-01 -0.14549466E-01 -0.14526760E-01 -0.14391969E-01 -0.14148856E-01 -0.13804082E-01 -0.13366811E-01 -0.12848217E-01 -0.12260923E-01 -0.11618450E-01 -0.10934702E-01 -0.10223536E-01 -0.94984204E-02 -0.87721885E-02 -0.80568727E-02 -0.73636083E-02 -0.67026080E-02 -0.60831711E-02 -0.55137484E-02 -0.50020473E-02 -0.45551809E-02 -0.41798563E-02 -0.38825953E-02 -0.36699724E-02 -0.35488488E-02 -0.35265742E-02 -0.36111252E-02 -0.38111506E-02 -0.41359071E-02 -0.45950910E-02 -0.51986191E-02 -0.59564796E-02 -0.68788669E-02 -0.79769345E-02 -0.92646212E-02 -0.10762109E-01 -0.12501489E-01 -0.14535104E-01 -0.16946681E-01 -0.19864725E-01 -0.23476660E-01 -0.28040786E-01 -0.33891294E-01 -0.41429012E-01 -0.51087407E-01 -0.63261130E-01 -0.78190269E-01
-0.13053718E-01 -0.13136075E-01 -0.13115297E-01 -0.12991999E-01 -0.12769793E-01 -0.12455060E-01 -0.12056560E-01 -0.11584928E-01 -0.11052122E-01 -0.10470869E-01 -0.98541700E-02 -0.92148831E-02 -0.85654098E-02 -0.79174807E-02 -0.72820310E-02 -0.66691505E-02 -0.60880977E-02 -0.55473595E-02 -0.50547525E-02 -0.46175719E-02 -0.42427657E-02 -0.39371485E-02 -0.37076363E-02 -0.35614891E-02 -0.35065358E-02 -0.35513500E-02 -0.37053381E-02 -0.39787063E-02 -0.43822811E-02 -0.49271921E-02 -0.56244789E-02 -0.64847680E-02 -0.75182924E-02 -0.87356732E-02 -0.10150052E-01 -0.11781297E-01 -0.13663045E-01 -0.15853216E-01 -0.18448190E-01 -0.21600051E-01 -0.25535033E-01 -0.30569583E-01 -0.37118508E-01 -0.45687225E-01 -0.56837961E-01 -0.71118637E-01 -0.88947287E-01
-0.11833081E-01 -0.11908694E-01 -0.11889616E-01 -0.11776435E-01 -0.11572628E-01 -0.11284324E-01 -0.10919914E-01 -0.10489553E-01 -0.10004607E-01 -0.94771104E-02 -0.89192771E-02 -0.83431046E-02 -0.77600824E-02 -0.71810054E-02 -0.66158839E-02 -0.60739300E-02 -0.55636120E-02 -0.50927518E-02 -0.46686688E-02 -0.42983589E-02 -0.39887016E-02 -0.37467047E-02 -0.35797529E-02 -0.34958596E-02 -0.35038849E-02 -0.36136828E-02 -0.38361335E-02 -0.41830183E-02 -0.46667108E-02 -0.52996947E-02 -0.60939901E-02 -0.70606803E-02 -0.82098911E-02 -0.95517717E-02 -0.11099247E-01 -0.12873489E-01 -0.14913121E-01 -0.17287996E-01 -0.20117838E-01 -0.23594988E-01 -0.28008803E-01 -0.33767195E-01 -0.41408106E-01 -0.51591494E-01 -0.65060604E-01 -0.82561636E-01 -0.10471540E+00
-0.10816623E-01 -0.10886607E-01 -0.10868946E-01 -0.10764212E-01 -0.10575760E-01 -0.10309506E-01 -0.99735311E-02 -0.95775916E-02 -0.91325699E-02 -0.86499395E-02 -0.81412880E-02 -0.76179338E-02 -0.70906508E-02 -0.65695041E-02 -0.60637838E-02 -0.55820229E-02 -0.51320798E-02 -0.47212737E-02 -0.43565633E-02 -0.40447614E-02 -0.37927807E-02 -0.36079046E-02 -0.34980615E-02 -0.34720944E-02 -0.35399692E-02 -0.37128921E-02 -0.40032769E-02 -0.44245131E-02 -0.49905072E-02 -0.57150186E-02 -0.66109044E-02 -0.76895318E-02 -0.89608247E-02 -0.10434673E-01 -0.12124714E-01 -0.14055728E-01 -0.16276003E-01 -0.18875740E-01 -0.22011907E-01 -0.25938481E-01 -0.31038866E-01 -0.37854292E-01 -0.47098778E-01 -0.59648313E-01 -0.76490569E-01 -0.98623056E-01 -0.12689425E+00
-0.10029119E-01 -0.10094868E-01 -0.10078274E-01 -0.99798924E-02 -0.98029961E-02 -0.95533462E-02 -0.92388101E-02 -0.88688701E-02 -0.84540838E-02 -0.80055541E-02 -0.75344585E-02 -0.70516727E-02 -0.65675038E-02 -0.60915373E-02 -0.56325855E-02 -0.51987259E-02 -0.47974081E-02 -0.44356208E-02 -0.41201057E-02 -0.38576121E-02 -0.36551845E-02 -0.35204721E-02 -0.34620413E-02 -0.34896542E-02 -0.36144875E-02 -0.38492070E-02 -0.42078586E-02 -0.47055097E-02 -0.53576145E-02 -0.61791472E-02 -0.71836635E-02 -0.83826450E-02 -0.97857496E-02 -0.11402928E-01 -0.13249726E-01 -0.15357418E-01 -0.17789683E-01 -0.20667267E-01 -0.24201083E-01 -0.28732260E-01 -0.34774805E-01 -0.43052383E-01 -0.54516449E-01 -0.70329112E-01 -0.91792647E-01 -0.12021069E+00 -0.15667642E+00
-0.95023923E-02 -0.95656615E-02 -0.95496916E-02 -0.94550337E-02 -0.92849287E-02 -0.90450833E-02 -0.87432914E-02 -0.83889472E-02 -0.79925088E-02 -0.75649688E-02 -0.71173823E-02 -0.66604871E-02 -0.62044335E-02 -0.57586304E-02 -0.53316970E-02 -0.49315121E-02 -0.45653392E-02 -0.42400233E-02 -0.39622424E-02 -0.37388098E-02 -0.35770127E-02 -0.34849751E-02 -0.34720143E-02 -0.35489532E-02 -0.37283321E-02 -0.40244449E-02 -0.44531393E-02 -0.50312970E-02 -0.57759916E-02 -0.67033865E-02 -0.78276075E-02 -0.91600678E-02 -0.10710073E-01 -0.12487964E-01 -0.14512504E-01 -0.16824638E-01 -0.19509812E-01 -0.22730676E-01 -0.26770637E-01 -0.32086266E-01 -0.39362444E-01 -0.49558852E-01 -0.63930296E-01 -0.83998173E-01 -0.11144840E+00 -0.14793600E+00 -0.19479353E+00
-0.92767999E-02 -0.93397739E-02 -0.93238775E-02 -0.92296694E-02 -0.90604354E-02 -0.88219663E-02 -0.85221812E-02 -0.81706407E-02 -0.77780069E-02 -0.73555054E-02 -0.69144398E-02 -0.64657943E-02 -0.60199459E-02 -0.55864933E-02 -0.51741997E-02 -0.47910431E-02 -0.44443549E-02 -0.41410459E-02 -0.38879031E-02 -0.36919492E-02 -0.35608500E-02 -0.35033461E-02 -0.35296723E-02 -0.36519110E-02 -0.38842065E-02 -0.42427560E-02 -0.47454797E-02 -0.54113195E-02 -0.62591296E-02 -0.73062959E-02 -0.85673964E-02 -0.10053546E-01 -0.11773508E-01 -0.13738187E-01 -0.15970708E-01 -0.18524734E-01 -0.21513814E-01 -0.25153991E-01 -0.29820104E-01 -0.36113002E-01 -0.44929360E-01 -0.57518692E-01 -0.75503854E-01 -0.10083396E+00 -0.13563568E+00 -0.18193695E+00 -0.24126716E+00
-0.94023114E-02 -0.94676637E-02 -0.94511666E-02 -0.93534032E-02 -0.91778037E-02 -0.89304241E-02 -0.86195659E-02 -0.82552830E-02 -0.78488276E-02 -0.74120912E-02 -0.69570889E-02 -0.64955262E-02 -0.60384747E-02 -0.55961658E-02 -0.51779117E-02 -0.47921411E-02 -0.44465526E-02 -0.41483699E-02 -0.39046945E-02 -0.37229394E-02 -0.36113263E-02 -0.35794108E-02 -0.36385862E-02 -0.38024940E-02 -0.40872467E-02 -0.45113554E-02 -0.50952527E-02 -0.58603357E-02 -0.68275319E-02 -0.80155680E-02 -0.94393639E-02 -0.11109411E-01 -0.13033509E-01 -0.15222933E-01 -0.17705760E-01 -0.20550682E-01 -0.23904736E-01 -0.28047573E-01 -0.33462723E-01 -0.40921810E-01 -0.51570781E-01 -0.66997563E-01 -0.89249376E-01 -0.12075751E+00 -0.16412319E+00 -0.22173310E+00 -0.29523111E+00
-0.99385863E-02 -0.10009507E-01 -0.99916048E-02 -0.98855071E-02 -0.96949084E-02 -0.94263458E-02 -0.90888112E-02 -0.86932433E-02 -0.82519481E-02 -0.77780022E-02 -0.72846880E-02 -0.67850042E-02 -0.62912801E-02 -0.58149148E-02 -0.53662547E-02 -0.49546085E-02 -0.45884050E-02 -0.42754859E-02 -0.40235267E-02 -0.38405684E-02 -0.37356318E-02 -0.37193684E-02 -0.38046782E-02 -0.40071982E-02 -0.43455405E-02 -0.48411414E-02 -0.55175892E-02 -0.63993459E-02 -0.75098895E-02 -0.88695127E-02 -0.10493370E-01 -0.12390838E-01 -0.14567960E-01 -0.17035517E-01 -0.19826120E-01 -0.23024331E-01 -0.26813967E-01 -0.31545610E-01 -0.37824607E-01 -0.46614080E-01 -0.59338617E-01 -0.77961769E-01 -0.10499544E+00 -0.14338475E+00 -0.19620742E+00 -0.26615685E+00 -0.35489349E+00
-0.10953341E-01 -0.11033509E-01 -0.11013274E-01 -0.10893330E-01 -0.10677763E-01 -0.10373828E-01 -0.99915433E-02 -0.95431653E-02 -0.90425711E-02 -0.85046096E-02 -0.79444684E-02 -0.73771025E-02 -0.68167626E-02 -0.62766532E-02 -0.57687450E-02 -0.53037522E-02 -0.48912896E-02 -0.45402075E-02 -0.42590978E-02 -0.40569514E-02 -0.39439269E-02 -0.39321670E-02 -0.40365687E-02 -0.42753792E-02 -0.46704574E-02 -0.52470253E-02 -0.60327453E-02 -0.70560234E-02 -0.83435895E-02 -0.99176775E-02 -0.11793545E-01 -0.13978724E-01 -0.16476133E-01 -0.19294211E-01 -0.22468131E-01 -0.26096897E-01 -0.30401143E-01 -0.35805058E-01 -0.43042366E-01 -0.53279154E-01 -0.68235227E-01 -0.90269695E-01 -0.12237672E+00 -0.16801797E+00 -0.23071585E+00 -0.31339380E+00 -0.41766951E+00
-0.12518361E-01 -0.12611836E-01 -0.12588245E-01 -0.12448368E-01 -0.12196809E-01 -0.11841762E-01 -0.11394604E-01 -0.10869336E-01 -0.10281934E-01 -0.96496335E-02 -0.89902109E-02 -0.83213113E-02 -0.76598618E-02 -0.70216184E-02 -0.64208860E-02 -0.58704351E-02 -0.53816474E-02 -0.49648940E-02 -0.46301452E-02 -0.43877849E-02 -0.42495780E-02 -0.42297033E-02 -0.43457252E-02 -0.46193337E-02 -0.50766436E-02 -0.57478263E-02 -0.66658648E-02 -0.78643132E-02 -0.93741334E-02 -0.11220020E-01 -0.13417167E-01 -0.15970148E-01 -0.18876580E-01 -0.22139316E-01 -0.25792013E-01 -0.29943646E-01 -0.34847423E-01 -0.40997806E-01 -0.49254909E-01 -0.60987180E-01 -0.78209576E-01 -0.10367475E+00 -0.14084942E+00 -0.19368369E+00 -0.26608583E+00 -0.36113383E+00 -0.48044315E+00
-0.14702995E-01 -0.14814021E-01 -0.14786005E-01 -0.14619831E-01 -0.14320718E-01 -0.13897987E-01 -0.13364644E-01 -0.12736809E-01 -0.12033023E-01 -0.11273480E-01 -0.10479214E-01 -0.96713132E-02 -0.88701912E-02 -0.80949972E-02 -0.73632058E-02 -0.66904437E-02 -0.60906010E-02 -0.55762474E-02 -0.51593579E-02 -0.48523182E-02 -0.46691399E-02 -0.46267702E-02 -0.47463264E-02 -0.50540282E-02 -0.55815552E-02 -0.63655342E-02 -0.74458863E-02 -0.88628808E-02 -0.10652981E-01 -0.12844003E-01 -0.15450730E-01 -0.18473065E-01 -0.21899920E-01 -0.25723373E-01 -0.29968733E-01 -0.34746854E-01 -0.40334559E-01 -0.47286820E-01 -0.56579030E-01 -0.69768146E-01 -0.89145559E-01 -0.11783090E+00 -0.15972477E+00 -0.21920939E+00 -0.30050537E+00 -0.40679603E+00 -0.53985636E+00
-0.17566408E-01 -0.17699188E-01 -0.17665689E-01 -0.17466908E-01 -0.17108758E-01 -0.16601825E-01 -0.15960944E-01 -0.15204623E-01 -0.14354320E-01 -0.13433630E-01 -0.12467403E-01 -0.11480845E-01 -0.10498649E-01 -0.95442386E-02 -0.86391961E-02 -0.78029571E-02 -0.70528509E-02 -0.64045325E-02 -0.58728253E-02 -0.54729421E-02 -0.52220000E-02 -0.51406740E-02 -0.52547658E-02 -0.55963901E-02 -0.62044199E-02 -0.71238030E-02 -0.84033974E-02 -0.10092110E-01 -0.12233428E-01 -0.14858927E-01 -0.17982164E-01 -0.21595474E-01 -0.25673625E-01 -0.30189835E-01 -0.35150729E-01 -0.40657192E-01 -0.46996778E-01 -0.54770480E-01 -0.65050763E-01 -0.79557679E-01 -0.10082241E+00 -0.13228046E+00 -0.17819942E+00 -0.24331394E+00 -0.33207997E+00 -0.44776976E+00 -0.59253989E+00
-0.21152945E-01 -0.21311625E-01 -0.21271597E-01 -0.21033997E-01 -0.20605550E-01 -0.19998298E-01 -0.19229136E-01 -0.18319191E-01 -0.17293078E-01 -0.16178062E-01 -0.15003146E-01 -0.13798116E-01 -0.12592566E-01 -0.11414988E-01 -0.10292020E-01 -0.92479633E-02 -0.83046989E-02 -0.74820896E-02 -0.67989124E-02 -0.62743035E-02 -0.59296113E-02 -0.57904616E-02 -0.58887412E-02 -0.62641105E-02 -0.69645753E-02 -0.80456075E-02 -0.95673376E-02 -0.11589508E-01 -0.14164198E-01 -0.17326965E-01 -0.21088068E-01 -0.25426945E-01 -0.30295088E-01 -0.35634261E-01 -0.41417886E-01 -0.47722394E-01 -0.54832589E-01 -0.63381303E-01 -0.74518337E-01 -0.90094703E-01 -0.11283042E+00 -0.14640373E+00 -0.19535680E+00 -0.26467767E+00 -0.35898076E+00 -0.48162381E+00 -0.63529341E+00
-0.25500697E-01 -0.25690102E-01 -0.25642325E-01 -0.25358709E-01 -0.24847191E-01 -0.24121885E-01 -0.23202421E-01 -0.22113126E-01 -0.20882161E-01 -0.19540648E-01 -0.18121812E-01 -0.16660085E-01 -0.15190163E-01 -0.13746048E-01 -0.12360157E-01 -0.11062649E-01 -0.98811531E-02 -0.88410615E-02 -0.79664836E-02 -0.72818798E-02 -0.68142635E-02 -0.65957277E-02 -0.66659222E-02 -0.70739720E-02 -0.78792196E-02 -0.91501232E-02 -0.10960637E-01 -0.13383569E-01 -0.16480754E-01 -0.20290632E-01 -0.24815241E-01 -0.30010995E-01 -0.35790575E-01 -0.42045464E-01 -0.48698062E-01 -0.55787954E-01 -0.63590960E-01 -0.72766243E-01 -0.84525833E-01 -0.10081633E+00 -0.12448424E+00 -0.15936026E+00 -0.21014974E+00 -0.28198127E+00 -0.37954766E+00 -0.50626804E+00 -0.66530266E+00
-0.30682352E-01 -0.30910651E-01 -0.30853046E-01 -0.30511318E-01 -0.29895894E-01 -0.29024975E-01 -0.27923187E-01 -0.26620072E-01 -0.25148731E-01 -0.23544774E-01 -0.21845575E-01 -0.20089704E-01 -0.18316350E-01 -0.16564615E-01 -0.14872704E-01 -0.13277143E-01 -0.11812290E-01 -0.10510401E-01 -0.94024828E-02 -0.85200043E-02 -0.78973906E-02 -0.75750200E-02 -0.76022465E-02 -0.80397951E-02 -0.89607282E-02 -0.10449062E-01 -0.12595089E-01 -0.15486510E-01 -0.19194814E-01 -0.23757283E-01 -0.29157352E-01 -0.35310190E-01 -0.42065342E-01 -0.49240305E-01 -0.56693358E-01 -0.64431202E-01 -0.72736423E-01 -0.82303582E-01 -0.94388097E-01 -0.11097636E+00 -0.13495622E+00 -0.17021026E+00 -0.22150031E+00 -0.29399327E+00 -0.39238392E+00 -0.52008905E+00 -0.68044901E+00
-0.36909933E-01 -0.37195326E-01 -0.37123254E-01 -0.36696551E-01 -0.35931622E-01 -0.34856314E-01 -0.33506656E-01 -0.31923371E-01 -0.30148979E-01 -0.28226023E-01 -0.26196445E-01 -0.24101795E-01 -0.21983734E-01 -0.19884333E-01 -0.17845925E-01 -0.15910567E-01 -0.14119412E-01 -0.12512448E-01 -0.11129027E-01 -0.10009432E-01 -0.91974864E-02 -0.87439268E-02 -0.87099663E-02 -0.91702030E-02 -0.10213828E-01 -0.11942875E-01 -0.14466079E-01 -0.17886768E-01 -0.22283414E-01 -0.27682955E-01 -0.34031389E-01 -0.41174202E-01 -0.48867581E-01 -0.56840281E-01 -0.64906137E-01 -0.73095072E-01 -0.81757329E-01 -0.91631402E-01 -0.10393043E+00 -0.12051774E+00 -0.14415543E+00 -0.17867645E+00 -0.22887156E+00 -0.29994705E+00 -0.39658629E+00 -0.52212433E+00 -0.67964818E+00
-0.44749456E-01 -0.45134348E-01 -0.45036993E-01 -0.44462744E-01 -0.43442285E-01 -0.42026460E-01 -0.40278369E-01 -0.38264935E-01 -0.36049971E-01 -0.33690248E-01 -0.31234733E-01 -0.28726350E-01 -0.26204967E-01 -0.23710288E-01 -0.21283742E-01 -0.18969083E-01 -0.16812041E-01 -0.14859696E-01 -0.13160378E-01 -0.11764675E-01 -0.10727789E-01 -0.10113005E-01 -0.99956496E-02 -0.10466465E-01 -0.11633023E-01 -0.13617425E-01 -0.16548060E-01 -0.20542670E-01 -0.25680038E-01 -0.31960440E-01 -0.39264014E-01 -0.47332089E-01 -0.55809535E-01 -0.64373061E-01 -0.72913445E-01 -0.81666909E-01 -0.91188772E-01 -0.10219973E+00 -0.11553009E+00 -0.13240898E+00 -0.15505785E+00 -0.18717102E+00 -0.23380639E+00 -0.30056075E+00 -0.39233676E+00 -0.51237922E+00 -0.66309871E+00
-0.55503187E-01 -0.56080968E-01 -0.55934524E-01 -0.55074859E-01 -0.53564757E-01 -0.51506923E-01 -0.49025784E-01 -0.46247864E-01 -0.43285622E-01 -0.40228012E-01 -0.37138749E-01 -0.34060818E-01 -0.31024624E-01 -0.28056595E-01 -0.25185933E-01 -0.22448402E-01 -0.19887306E-01 -0.17552722E-01 -0.15500390E-01 -0.13791490E-01 -0.12494019E-01 -0.11685791E-01 -0.11458384E-01 -0.11920765E-01 -0.13200754E-01 -0.15441836E-01 -0.18791891E-01 -0.23379211E-01 -0.29271362E-01 -0.36418503E-01 -0.44601234E-01 -0.53433264E-01 -0.62486479E-01 -0.71559451E-01 -0.80969804E-01 -0.91598026E-01 -0.10445779E+00 -0.11996509E+00 -0.13759005E+00 -0.15658301E+00 -0.17762541E+00 -0.20421573E+00 -0.24254848E+00 -0.29980361E+00 -0.38194630E+00 -0.49234615E+00 -0.63239830E+00
