Basic/Day4/qtaim/urea/crystal/pato/urea_cry_pl2d_pato.SURFGRHO
DSAA
 161 161
-0.75589045E+01  0.75589045E+01  0.94486307E-01
-0.75589045E+01  0.75589045E+01  0.94486307E-01
 0.00000000E+00  0.00000000E+00
[rows 132 to 153 of 161, columns 96 to 143 of 161]
0.70337156E-01 0.57864800E-01 0.47595170E-01 0.39116244E-01 0.32125629E-01 0.26409748E-01 0.21815466E-01 0.18218769E-01 0.15494988E-01 0.13498019E-01 0.12058264E-01 0.11001539E-01 0.10176036E-01 0.94697742E-02 0.88123497E-02 0.81664066E-02 0.75163673E-02 0.68588011E-02 0.61957430E-02 0.55308047E-02 0.48675575E-02 0.42099000E-02 0.35648283E-02 0.29496739E-02 0.24094922E-02 0.20511361E-02 0.20493606E-02 0.24957246E-02 0.33077371E-02 0.43890098E-02 0.57019441E-02 0.72501473E-02 0.90619044E-02 0.11184205E-01 0.13682222E-01 0.16641267E-01 0.20169833E-01 0.24402821E-01 0.29504006E-01 0.35666452E-01 0.43108972E-01 0.52066074E-01 0.62768354E-01 0.75410477E-01 0.90105365E-01 0.10682670E+00 0.12534732E+00 0.14518728E+00
0.58119753E-01 0.47809438E-01 0.39250107E-01 0.32204345E-01 0.26504676E-01 0.22029700E-01 0.18668449E-01 0.16280468E-01 0.14671802E-01 0.13609238E-01 0.12866323E-01 0.12265493E-01 0.11692494E-01 0.11087872E-01 0.10430158E-01 0.97201468E-02 0.89693212E-02 0.81923850E-02 0.74029944E-02 0.66117629E-02 0.58258800E-02 0.50500330E-02 0.42888540E-02 0.35522458E-02 0.28678502E-02 0.23110340E-02 0.20514608E-02 0.22847825E-02 0.29951464E-02 0.40407502E-02 0.53416589E-02 0.68819710E-02 0.86805568E-02 0.10778120E-01 0.13233826E-01 0.16125951E-01 0.19554159E-01 0.23642250E-01 0.28540393E-01 0.34425682E-01 0.41499369E-01 0.49978576E-01 0.60079817E-01 0.71991766E-01 0.85835825E-01 0.10161582E+00 0.11916271E+00 0.13808573E+00
0.46729787E-01 0.38207152E-01 0.31186278E-01 0.25587992E-01 0.21364225E-01 0.18442394E-01 0.16654377E-01 0.15711313E-01 0.15269413E-01 0.15029986E-01 0.14791515E-01 0.14446052E-01 0.13953003E-01 0.13312941E-01 0.12548161E-01 0.11689813E-01 0.10769948E-01 0.98169831E-02 0.88534841E-02 0.78955245E-02 0.69531190E-02 0.60315077E-02 0.51333952E-02 0.42629719E-02 0.34345002E-02 0.26939290E-02 0.21712128E-02 0.21169530E-02 0.26606736E-02 0.36464115E-02 0.49278991E-02 0.64571914E-02 0.82397118E-02 0.10308544E-01 0.12716270E-01 0.15533698E-01 0.18851198E-01 0.22780864E-01 0.27458458E-01 0.33044043E-01 0.39719924E-01 0.47684008E-01 0.57136354E-01 0.68256635E-01 0.81171072E-01 0.95909554E-01 0.11235726E+00 0.13020979E+00
0.35965236E-01 0.29005528E-01 0.23556106E-01 0.19713787E-01 0.17490609E-01 0.16651068E-01 0.16713569E-01 0.17164055E-01 0.17629709E-01 0.17902165E-01 0.17892779E-01 0.17586349E-01 0.17008795E-01 0.16206514E-01 0.15233361E-01 0.14142497E-01 0.12981493E-01 0.11789682E-01 0.10597114E-01 0.94246455E-02 0.82848331E-02 0.71834416E-02 0.61215812E-02 0.50989273E-02 0.41196714E-02 0.32066887E-02 0.24412767E-02 0.20500608E-02 0.23295419E-02 0.32122347E-02 0.44628744E-02 0.59780332E-02 0.77425952E-02 0.97801067E-02 0.12136005E-01 0.14873421E-01 0.18073259E-01 0.21835694E-01 0.26281750E-01 0.31553953E-01 0.37814847E-01 0.45241847E-01 0.54016543E-01 0.64306536E-01 0.76238443E-01 0.89862278E-01 0.10511023E+00 0.12175668E+00
0.25704755E-01 0.20389389E-01 0.17062617E-01 0.15901152E-01 0.16461397E-01 0.17889364E-01 0.19477819E-01 0.20826361E-01 0.21752272E-01 0.22197123E-01 0.22171491E-01 0.21724112E-01 0.20923457E-01 0.19845776E-01 0.18566959E-01 0.17157028E-01 0.15676612E-01 0.14175029E-01 0.12689640E-01 0.11246210E-01 0.98600093E-02 0.85374851E-02 0.72784090E-02 0.60787005E-02 0.49348008E-02 0.38527328E-02 0.28732070E-02 0.21493611E-02 0.20508004E-02 0.27505260E-02 0.39498575E-02 0.54469824E-02 0.71926146E-02 0.91976337E-02 0.11499689E-01 0.14154198E-01 0.17232727E-01 0.20823682E-01 0.25033479E-01 0.29987133E-01 0.35827228E-01 0.42710026E-01 0.50797182E-01 0.60241476E-01 0.71165322E-01 0.83631955E-01 0.97611264E-01 0.11294520E+00
0.16174715E-01 0.13547055E-01 0.14023641E-01 0.16490144E-01 0.19541262E-01 0.22408439E-01 0.24758218E-01 0.26460185E-01 0.27484259E-01 0.27857033E-01 0.27639848E-01 0.26915119E-01 0.25776286E-01 0.24319852E-01 0.22639051E-01 0.20818990E-01 0.18933234E-01 0.17041759E-01 0.15190158E-01 0.13409935E-01 0.11719667E-01 0.10126817E-01 0.86300267E-02 0.72218695E-02 0.58924471E-02 0.46354508E-02 0.34628935E-02 0.24540050E-02 0.19089586E-02 0.22873693E-02 0.33942074E-02 0.48668058E-02 0.65932162E-02 0.85659344E-02 0.10813880E-01 0.13384858E-01 0.16341475E-01 0.19760859E-01 0.23735362E-01 0.28373014E-01 0.33796830E-01 0.40141919E-01 0.47549222E-01 0.56154566E-01 0.66071976E-01 0.77370941E-01 0.90048868E-01 0.10400211E+00
0.96166023E-02 0.12644506E-01 0.17297387E-01 0.21956498E-01 0.26086979E-01 0.29482296E-01 0.32056930E-01 0.33789833E-01 0.34704316E-01 0.34857340E-01 0.34331168E-01 0.33225568E-01 0.31650328E-01 0.29718224E-01 0.27538727E-01 0.25212682E-01 0.22828188E-01 0.20457821E-01 0.18157258E-01 0.15965235E-01 0.13904645E-01 0.11984507E-01 0.10202544E-01 0.85481386E-02 0.70057492E-02 0.55594788E-02 0.42018647E-02 0.29601451E-02 0.20026065E-02 0.18812122E-02 0.28060429E-02 0.42407399E-02 0.59477775E-02 0.78896151E-02 0.10084784E-01 0.12573630E-01 0.15410394E-01 0.18661701E-01 0.22406732E-01 0.26737504E-01 0.31758379E-01 0.37583961E-01 0.44334447E-01 0.52127412E-01 0.61065141E-01 0.71217135E-01 0.82598468E-01 0.95146272E-01
0.12886742E-01 0.19310709E-01 0.25257853E-01 0.30507234E-01 0.34931076E-01 0.38448710E-01 0.41019116E-01 0.42639159E-01 0.43341379E-01 0.43190102E-01 0.42275930E-01 0.40709129E-01 0.38612489E-01 0.36114108E-01 0.33340478E-01 0.30410171E-01 0.27428503E-01 0.24483540E-01 0.21643711E-01 0.18957131E-01 0.16452490E-01 0.14141189E-01 0.12020317E-01 0.10076087E-01 0.82875034E-02 0.66304612E-02 0.50836088E-02 0.36420356E-02 0.23704522E-02 0.16536536E-02 0.22079165E-02 0.35730747E-02 0.52595544E-02 0.71729347E-02 0.93180604E-02 0.11727898E-01 0.14449068E-01 0.17538692E-01 0.21063957E-01 0.25102185E-01 0.29740454E-01 0.35074077E-01 0.41203202E-01 0.48226767E-01 0.56233081E-01 0.65286659E-01 0.75411650E-01 0.86573306E-01
0.22514375E-01 0.29326687E-01 0.35503605E-01 0.40904018E-01 0.45410538E-01 0.48936957E-01 0.51433523E-01 0.52889628E-01 0.53333633E-01 0.52829855E-01 0.51473198E-01 0.49382292E-01 0.46691994E-01 0.43545804E-01 0.40088363E-01 0.36458157E-01 0.32780746E-01 0.29163116E-01 0.25689787E-01 0.22421071E-01 0.19393500E-01 0.16622069E-01 0.14103730E-01 0.11821532E-01 0.97489271E-02 0.78540729E-02 0.61045899E-02 0.44753296E-02 0.29721738E-02 0.17599825E-02 0.16592930E-02 0.28708441E-02 0.45317216E-02 0.64197001E-02 0.85186826E-02 0.10854032E-01 0.13465584E-01 0.16402103E-01 0.19720159E-01 0.23483953E-01 0.27764985E-01 0.32640945E-01 0.38193266E-01 0.44502730E-01 0.51642609E-01 0.59668955E-01 0.68608212E-01 0.78443015E-01
0.33840711E-01 0.40776253E-01 0.47090945E-01 0.52612652E-01 0.57198171E-01 0.60738374E-01 0.63163794E-01 0.64449163E-01 0.64615120E-01 0.63725732E-01 0.61881955E-01 0.59212791E-01 0.55866279E-01 0.52001470E-01 0.47781160E-01 0.43364556E-01 0.38899538E-01 0.34515170E-01 0.30315682E-01 0.26376982E-01 0.22746121E-01 0.19443433E-01 0.16466578E-01 0.13795597E-01 0.11398194E-01 0.92347482E-02 0.72630342E-02 0.54436231E-02 0.37509527E-02 0.22221817E-02 0.13248075E-02 0.21493479E-02 0.37676053E-02 0.56332068E-02 0.76908556E-02 0.99573165E-02 0.12466465E-01 0.15259949E-01 0.18385210E-01 0.21895055E-01 0.25847326E-01 0.30304086E-01 0.35329859E-01 0.40988498E-01 0.47338252E-01 0.54424763E-01 0.62271994E-01 0.70871636E-01
0.45936927E-01 0.53107904E-01 0.59659404E-01 0.65397666E-01 0.70152861E-01 0.73784236E-01 0.76190386E-01 0.77321821E-01 0.77189635E-01 0.75864616E-01 0.73466069E-01 0.70145294E-01 0.66070581E-01 0.61417679E-01 0.56364824E-01 0.51088583E-01 0.45757556E-01 0.40523787E-01 0.35513997E-01 0.30823193E-01 0.26512173E-01 0.22608964E-01 0.19113280E-01 0.16002628E-01 0.13238866E-01 0.10774349E-01 0.85572894E-02 0.65365845E-02 0.46680105E-02 0.29322268E-02 0.14642171E-02 0.14549632E-02 0.29714509E-02 0.48162283E-02 0.68379725E-02 0.90419267E-02 0.11456713E-01 0.14118109E-01 0.17065958E-01 0.20343457E-01 0.23996810E-01 0.28074618E-01 0.32626629E-01 0.37701517E-01 0.43343414E-01 0.49586931E-01 0.56450668E-01 0.63929512E-01
0.58529857E-01 0.66114022E-01 0.73094026E-01 0.79260139E-01 0.84402055E-01 0.88315932E-01 0.90830554E-01 0.91844453E-01 0.91354844E-01 0.89460854E-01 0.86338059E-01 0.82198219E-01 0.77254775E-01 0.71707057E-01 0.65741702E-01 0.59540032E-01 0.53280458E-01 0.47132207E-01 0.41243668E-01 0.35731190E-01 0.30672549E-01 0.26106347E-01 0.22036272E-01 0.18438225E-01 0.15268402E-01 0.12470934E-01 0.99843763E-02 0.77469153E-02 0.57010312E-02 0.38010878E-02 0.20495498E-02 0.97771907E-03 0.21511765E-02 0.39710863E-02 0.59626065E-02 0.81109677E-02 0.10439913E-01 0.12980549E-01 0.15766611E-01 0.18833442E-01 0.22217625E-01 0.25956511E-01 0.30087341E-01 0.34645700E-01 0.39663108E-01 0.45163566E-01 0.51159010E-01 0.57643850E-01
0.71511291E-01 0.79789113E-01 0.87566565E-01 0.94611159E-01 0.10062294E+00 0.10524918E+00 0.10815330E+00 0.10911395E+00 0.10810344E+00 0.10530035E+00 0.10102820E+00 0.95654846E-01 0.89505848E-01 0.82828365E-01 0.75805570E-01 0.68593663E-01 0.61350548E-01 0.54241666E-01 0.47427076E-01 0.41042396E-01 0.35184276E-01 0.29904794E-01 0.25214024E-01 0.21087714E-01 0.17476985E-01 0.14317788E-01 0.11538907E-01 0.90681019E-02 0.68366887E-02 0.47838706E-02 0.28676550E-02 0.11693081E-02 0.13320483E-02 0.30999221E-02 0.50665291E-02 0.71665334E-02 0.94183912E-02 0.11849607E-01 0.14489204E-01 0.17366340E-01 0.20509894E-01 0.23948116E-01 0.27708009E-01 0.31814278E-01 0.36287701E-01 0.41142784E-01 0.46384661E-01 0.52005343E-01
0.84926611E-01 0.94410055E-01 0.10371162E+00 0.11254430E+00 0.12040244E+00 0.12660185E+00 0.13044714E+00 0.13146331E+00 0.12957569E+00 0.12514105E+00 0.11881218E+00 0.11130933E+00 0.10321649E+00 0.94891659E-01 0.86501273E-01 0.78119930E-01 0.69821066E-01 0.61717203E-01 0.53951801E-01 0.46668167E-01 0.39979815E-01 0.33954165E-01 0.28610200E-01 0.23925418E-01 0.19846923E-01 0.16302899E-01 0.13212455E-01 0.10493079E-01 0.80658055E-02 0.58587800E-02 0.38114551E-02 0.18951866E-02 0.67628375E-03 0.22057392E-02 0.41507616E-02 0.62097850E-02 0.83933805E-02 0.10726298E-01 0.13234108E-01 0.15941292E-01 0.18870802E-01 0.22043778E-01 0.25479140E-01 0.29192896E-01 0.33197072E-01 0.37498180E-01 0.42095183E-01 0.46977013E-01
0.99024599E-01 0.11062062E+00 0.12274184E+00 0.13496601E+00 0.14636067E+00 0.15559353E+00 0.16129664E+00 0.16253480E+00 0.15915275E+00 0.15183518E+00 0.14185128E+00 0.13060386E+00 0.11920120E+00 0.10824505E+00 0.97883200E-01 0.88021347E-01 0.78537599E-01 0.69399906E-01 0.60677598E-01 0.52493779E-01 0.44969372E-01 0.38186319E-01 0.32174458E-01 0.26915141E-01 0.22352925E-01 0.18409072E-01 0.14993462E-01 0.12013643E-01 0.93809244E-02 0.70140920E-02 0.48418536E-02 0.28077414E-02 0.93319524E-03 0.12981153E-02 0.32157052E-02 0.52410352E-02 0.73651882E-02 0.96106116E-02 0.12000493E-01 0.14555977E-01 0.17295658E-01 0.20235361E-01 0.23387887E-01 0.26762578E-01 0.30364656E-01 0.34194284E-01 0.38245295E-01 0.42503651E-01
0.11422869E+00 0.12934103E+00 0.14624344E+00 0.16421067E+00 0.18152488E+00 0.19576297E+00 0.20451409E+00 0.20617988E+00 0.20049486E+00 0.18861098E+00 0.17273032E+00 0.15537334E+00 0.13857996E+00 0.12343827E+00 0.11011713E+00 0.98248062E-01 0.87355418E-01 0.77121571E-01 0.67447506E-01 0.58386472E-01 0.50046610E-01 0.42519145E-01 0.35845292E-01 0.30012157E-01 0.24963482E-01 0.20614845E-01 0.16867763E-01 0.13620505E-01 0.10775323E-01 0.82426638E-02 0.59432870E-02 0.38097655E-02 0.17949478E-02 0.47220480E-03 0.22615857E-02 0.42598475E-02 0.63333498E-02 0.85017669E-02 0.10786750E-01 0.13207236E-01 0.15778818E-01 0.18513574E-01 0.21419908E-01 0.24502315E-01 0.27761010E-01 0.31191407E-01 0.34783411E-01 0.38520561E-01
0.13093182E+00 0.15135498E+00 0.17543542E+00 0.20182410E+00 0.22749383E+00 0.24846649E+00 0.26114474E+00 0.26337805E+00 0.25482757E+00 0.23699300E+00 0.21303285E+00 0.18695336E+00 0.16226647E+00 0.14095920E+00 0.12336471E+00 0.10876057E+00 0.96137549E-01 0.84715284E-01 0.74100689E-01 0.64206825E-01 0.55097707E-01 0.46863456E-01 0.39555149E-01 0.33166950E-01 0.27643535E-01 0.22896345E-01 0.18819790E-01 0.15303921E-01 0.12242898E-01 0.95398345E-02 0.71090111E-02 0.48765621E-02 0.27816115E-02 0.80390912E-03 0.12908932E-02 0.32651847E-02 0.52967706E-02 0.73984305E-02 0.95908153E-02 0.11891569E-01 0.14314420E-01 0.16869018E-01 0.19560851E-01 0.22391135E-01 0.25356657E-01 0.28449548E-01 0.31656974E-01 0.34960769E-01
0.14911162E+00 0.17660055E+00 0.20997234E+00 0.24665598E+00 0.28155015E+00 0.30884078E+00 0.32451140E+00 0.32711408E+00 0.31651420E+00 0.29350225E+00 0.26110939E+00 0.22475584E+00 0.19010571E+00 0.16075043E+00 0.13754230E+00 0.11942944E+00 0.10472615E+00 0.92017584E-01 0.80484752E-01 0.69822437E-01 0.60013363E-01 0.51132635E-01 0.43237852E-01 0.36330746E-01 0.30358501E-01 0.25230114E-01 0.20834472E-01 0.17054850E-01 0.13778627E-01 0.10902806E-01 0.83364345E-02 0.60010925E-02 0.38305860E-02 0.17731837E-02 0.35447724E-03 0.22557858E-02 0.42538709E-02 0.62988865E-02 0.84104180E-02 0.10605497E-01 0.12896901E-01 0.15292942E-01 0.17797418E-01 0.20409590E-01 0.23124157E-01 0.25931239E-01 0.28816348E-01 0.31760360E-01
0.16792560E+00 0.20348672E+00 0.24689506E+00 0.29331276E+00 0.33434704E+00 0.36235410E+00 0.37564193E+00 0.37757827E+00 0.36915126E+00 0.34696515E+00 0.31028972E+00 0.26505800E+00 0.22006867E+00 0.18171403E+00 0.15205215E+00 0.12991281E+00 0.11290174E+00 0.98866219E-01 0.86468033E-01 0.75123548E-01 0.64703328E-01 0.55254737E-01 0.46838122E-01 0.39462729E-01 0.33079546E-01 0.27596838E-01 0.22899763E-01 0.18866553E-01 0.15379422E-01 0.12330722E-01 0.96255989E-02 0.71824208E-02 0.49320637E-02 0.28172625E-02 0.80325039E-03 0.12321322E-02 0.32027981E-02 0.52011799E-02 0.72432417E-02 0.93457803E-02 0.11521319E-01 0.13777701E-01 0.16118031E-01 0.18540691E-01 0.21039407E-01 0.23603356E-01 0.26217327E-01 0.28861937E-01
0.18556971E+00 0.22876512E+00 0.28072882E+00 0.33289279E+00 0.37164371E+00 0.38718373E+00 0.38529800E+00 0.38401493E+00 0.38790411E+00 0.38056906E+00 0.34995304E+00 0.30127197E+00 0.24816868E+00 0.20156105E+00 0.16567220E+00 0.13960205E+00 0.12036924E+00 0.10510808E+00 0.91956402E-01 0.80041516E-01 0.69113326E-01 0.59186681E-01 0.50322845E-01 0.42538614E-01 0.35789870E-01 0.29985781E-01 0.25009636E-01 0.20736506E-01 0.17045218E-01 0.13825081E-01 0.10978755E-01 0.84226492E-02 0.60860237E-02 0.39096991E-02 0.18462857E-02 0.25165368E-03 0.21420140E-02 0.41032754E-02 0.60870287E-02 0.81095263E-02 0.10183493E-01 0.12316961E-01 0.14513123E-01 0.16770349E-01 0.19082282E-01 0.21438030E-01 0.23822440E-01 0.26216468E-01
0.19962227E+00 0.24829649E+00 0.30526992E+00 0.35711245E+00 0.38280837E+00 0.36791170E+00 0.32946095E+00 0.31996744E+00 0.35439560E+00 0.38232182E+00 0.37098793E+00 0.32637401E+00 0.26949632E+00 0.21726773E+00 0.17676845E+00 0.14772613E+00 0.12681481E+00 0.11063599E+00 0.96921394E-01 0.84572166E-01 0.73244571E-01 0.62930133E-01 0.53693540E-01 0.45560065E-01 0.38491553E-01 0.32399569E-01 0.27167287E-01 0.22668430E-01 0.18780155E-01 0.15390285E-01 0.12400345E-01 0.97259495E-02 0.72957773E-02 0.50500259E-02 0.29392637E-02 0.93094617E-03 0.10740601E-02 0.30033940E-02 0.49396657E-02 0.68942061E-02 0.88799914E-02 0.10905685E-01 0.12975153E-01 0.15087413E-01 0.17236732E-01 0.19412843E-01 0.21601281E-01 0.23783845E-01
0.20783106E+00 0.25842356E+00 0.31600745E+00 0.36302554E+00 0.37115745E+00 0.31689727E+00 0.21689266E+00 0.18849574E+00 0.28210492E+00 0.35880748E+00 0.37200758E+00 0.33594229E+00 0.27989775E+00 0.22604514E+00 0.18383851E+00 0.15363868E+00 0.13205114E+00 0.11546420E+00 0.10144423E+00 0.88805575E-01 0.77175976E-01 0.66548548E-01 0.56999261E-01 0.48564180E-01 0.41212293E-01 0.34858803E-01 0.29388169E-01 0.24674187E-01 0.20593682E-01 0.17034181E-01 0.13897121E-01 0.11098231E-01 0.85664016E-02 0.62419783E-02 0.40751988E-02 0.20264824E-02 0.22009442E-03 0.19014319E-02 0.37993715E-02 0.56976342E-02 0.76080264E-02 0.95399658E-02 0.11498374E-01 0.13483403E-01 0.15490474E-01 0.17510479E-01 0.19530140E-01 0.21532506E-01
