Basic/Day4/qtaim/urea/crystal/pato/urea_cry_pl2d_pato.SURFGKIN
DSAA
 161 161
-0.75589045E+01  0.75589045E+01  0.94486307E-01
-0.75589045E+01  0.75589045E+01  0.94486307E-01
 0.00000000E+00  0.00000000E+00
[rows 0 to 21 of 161, columns 48 to 95 of 161]
0.10706756E+00 0.11637014E+00 0.12658233E+00 0.13681239E+00 0.14644082E+00 0.15505251E+00 0.16236558E+00 0.16818760E+00 0.17240246E+00 0.17497634E+00 0.17596773E+00 0.17552923E+00 0.17389571E+00 0.17136091E+00 0.16825136E+00 0.16490828E+00 0.16168725E+00 0.15898568E+00 0.15733678E+00 0.15772841E+00 0.16259367E+00 0.17835181E+00 0.22104885E+00 0.33014264E+00 0.61323592E+00 0.14002417E+01 0.36675965E+01 0.98828206E+01 0.26852244E+02 0.78632151E+02 0.22506767E+03 0.67021723E+03 0.15176369E+04 0.67021723E+03 0.22506767E+03 0.78632151E+02 0.26852244E+02 0.98828206E+01 0.36675965E+01 0.14002417E+01 0.61323592E+00 0.33014264E+00 0.22104885E+00 0.17835181E+00 0.16259367E+00 0.15772841E+00 0.15733678E+00 0.15898568E+00
0.89040481E-01 0.96237792E-01 0.10409323E+00 0.11199016E+00 0.11948890E+00 0.12628119E+00 0.13214760E+00 0.13693594E+00 0.14055908E+00 0.14300254E+00 0.14433150E+00 0.14469033E+00 0.14429137E+00 0.14339449E+00 0.14228278E+00 0.14124345E+00 0.14056375E+00 0.14055524E+00 0.14164768E+00 0.14470935E+00 0.15203050E+00 0.16982859E+00 0.21377884E+00 0.32240534E+00 0.60016537E+00 0.13653889E+01 0.35568369E+01 0.95318596E+01 0.25611661E+02 0.73627874E+02 0.20420152E+03 0.56863443E+03 0.10606112E+04 0.56863443E+03 0.20420152E+03 0.73627874E+02 0.25611661E+02 0.95318596E+01 0.35568369E+01 0.13653889E+01 0.60016537E+00 0.32240534E+00 0.21377884E+00 0.16982859E+00 0.15203050E+00 0.14470935E+00 0.14164768E+00 0.14055524E+00
0.73972187E-01 0.79323251E-01 0.85105405E-01 0.90935825E-01 0.96534974E-01 0.10169658E+00 0.10626469E+00 0.11012737E+00 0.11322329E+00 0.11555261E+00 0.11718445E+00 0.11825588E+00 0.11896016E+00 0.11952574E+00 0.12019105E+00 0.12118375E+00 0.12271532E+00 0.12500419E+00 0.12836453E+00 0.13349635E+00 0.14236156E+00 0.16040614E+00 0.20139298E+00 0.29853861E+00 0.53843013E+00 0.11745794E+01 0.29368724E+01 0.75985589E+01 0.19209290E+02 0.49474487E+02 0.12071338E+03 0.24228324E+03 0.33341481E+03 0.24228324E+03 0.12071338E+03 0.49474487E+02 0.19209290E+02 0.75985589E+01 0.29368724E+01 0.11745794E+01 0.53843013E+00 0.29853861E+00 0.20139298E+00 0.16040614E+00 0.14236156E+00 0.13349635E+00 0.12836453E+00 0.12500419E+00
0.61667961E-01 0.65467102E-01 0.69527638E-01 0.73641037E-01 0.77651726E-01 0.81438231E-01 0.84902958E-01 0.87974733E-01 0.90619712E-01 0.92853685E-01 0.94749599E-01 0.96436155E-01 0.98085835E-01 0.99893734E-01 0.10205228E+00 0.10473042E+00 0.10806806E+00 0.11219775E+00 0.11732203E+00 0.12395077E+00 0.13360188E+00 0.15057663E+00 0.18575013E+00 0.26462417E+00 0.44934704E+00 0.90851124E+00 0.21039784E+01 0.51126634E+01 0.11954020E+02 0.26492433E+02 0.54775953E+02 0.92664968E+02 0.11221783E+03 0.92664968E+02 0.54775953E+02 0.26492433E+02 0.11954020E+02 0.51126634E+01 0.21039784E+01 0.90851124E+00 0.44934704E+00 0.26462417E+00 0.18575013E+00 0.15057663E+00 0.13360188E+00 0.12395077E+00 0.11732203E+00 0.11219775E+00
0.51730865E-01 0.54292428E-01 0.57011037E-01 0.59793936E-01 0.62570763E-01 0.65282704E-01 0.67879777E-01 0.70327310E-01 0.72617692E-01 0.74781966E-01 0.76896439E-01 0.79080848E-01 0.81486721E-01 0.84277216E-01 0.87603156E-01 0.91583312E-01 0.96298838E-01 0.10181220E+00 0.10822977E+00 0.11587815E+00 0.12580838E+00 0.14107324E+00 0.16941773E+00 0.22847909E+00 0.35782178E+00 0.65337780E+00 0.13563100E+01 0.30014080E+01 0.64736536E+01 0.12761668E+02 0.22324743E+02 0.32954812E+02 0.37992092E+02 0.32954812E+02 0.22324743E+02 0.12761668E+02 0.64736536E+01 0.30014080E+01 0.13563100E+01 0.65337780E+00 0.35782178E+00 0.22847909E+00 0.16941773E+00 0.14107324E+00 0.12580838E+00 0.11587815E+00 0.10822977E+00 0.10181220E+00
0.43693826E-01 0.45328347E-01 0.47069754E-01 0.48894036E-01 0.50783401E-01 0.52720815E-01 0.54691119E-01 0.56688433E-01 0.58726733E-01 0.60849600E-01 0.63135389E-01 0.65695042E-01 0.68661322E-01 0.72170546E-01 0.76340837E-01 0.81253947E-01 0.86949375E-01 0.93439309E-01 0.10075616E+00 0.10907337E+00 0.11903260E+00 0.13256999E+00 0.15465165E+00 0.19636550E+00 0.28068517E+00 0.45616709E+00 0.82972570E+00 0.16192294E+01 0.31610469E+01 0.57252644E+01 0.91114437E+01 0.12289465E+02 0.13639641E+02 0.12289465E+02 0.91114437E+01 0.57252644E+01 0.31610469E+01 0.16192294E+01 0.82972570E+00 0.45616709E+00 0.28068517E+00 0.19636550E+00 0.15465165E+00 0.13256999E+00 0.11903260E+00 0.10907337E+00 0.10075616E+00 0.93439309E-01
0.37122719E-01 0.38112964E-01 0.39195142E-01 0.40381526E-01 0.41683512E-01 0.43109431E-01 0.44667223E-01 0.46371242E-01 0.48250917E-01 0.50358376E-01 0.52772220E-01 0.55595205E-01 0.58944775E-01 0.62937186E-01 0.67668402E-01 0.73197550E-01 0.79540312E-01 0.86679248E-01 0.94597977E-01 0.10335912E+00 0.11329731E+00 0.12549832E+00 0.14281289E+00 0.17158186E+00 0.22421723E+00 0.32363793E+00 0.51217015E+00 0.86427667E+00 0.14833934E+01 0.24368715E+01 0.36177512E+01 0.46580101E+01 0.50805054E+01 0.46580101E+01 0.36177512E+01 0.24368715E+01 0.14833934E+01 0.86427667E+00 0.51217015E+00 0.32363793E+00 0.22421723E+00 0.17158186E+00 0.14281289E+00 0.12549832E+00 0.11329731E+00 0.10335912E+00 0.94597977E-01 0.86679248E-01
0.31670036E-01 0.32253193E-01 0.32931033E-01 0.33732452E-01 0.34683287E-01 0.35805906E-01 0.37122186E-01 0.38659186E-01 0.40455881E-01 0.42568920E-01 0.45075336E-01 0.48070434E-01 0.51659933E-01 0.55946741E-01 0.61014699E-01 0.66913723E-01 0.73652342E-01 0.81203369E-01 0.89527045E-01 0.98619510E-01 0.10861815E+00 0.12005019E+00 0.13436299E+00 0.15482148E+00 0.18766175E+00 0.24331574E+00 0.33778894E+00 0.49362685E+00 0.73575095E+00 0.10723113E+01 0.14599860E+01 0.17862752E+01 0.19158273E+01 0.17862752E+01 0.14599860E+01 0.10723113E+01 0.73575095E+00 0.49362685E+00 0.33778894E+00 0.24331574E+00 0.18766175E+00 0.15482148E+00 0.13436299E+00 0.12005019E+00 0.10861815E+00 0.98619510E-01 0.89527045E-01 0.81203369E-01
0.27084392E-01 0.27443757E-01 0.27906491E-01 0.28507545E-01 0.29278843E-01 0.30249695E-01 0.31449532E-01 0.32912389E-01 0.34682029E-01 0.36816301E-01 0.39389214E-01 0.42489393E-01 0.46214073E-01 0.50658694E-01 0.55903636E-01 0.62001271E-01 0.68967919E-01 0.76785371E-01 0.85415131E-01 0.94827712E-01 0.10505723E+00 0.11631688E+00 0.12924247E+00 0.14531352E+00 0.16736918E+00 0.19994403E+00 0.24908626E+00 0.32132915E+00 0.42106205E+00 0.54511223E+00 0.67569792E+00 0.77911224E+00 0.81895359E+00 0.77911224E+00 0.67569792E+00 0.54511223E+00 0.42106205E+00 0.32132915E+00 0.24908626E+00 0.19994403E+00 0.16736918E+00 0.14531352E+00 0.12924247E+00 0.11631688E+00 0.10505723E+00 0.94827712E-01 0.85415131E-01 0.76785371E-01
0.23193972E-01 0.23459855E-01 0.23837814E-01 0.24363794E-01 0.25071493E-01 0.25993063E-01 0.27161400E-01 0.28613590E-01 0.30394822E-01 0.32561804E-01 0.35184661E-01 0.38346276E-01 0.42138344E-01 0.46653951E-01 0.51977500E-01 0.58174062E-01 0.65281413E-01 0.73308417E-01 0.82242232E-01 0.92064843E-01 0.10277992E+00 0.11445991E+00 0.12733925E+00 0.14198039E+00 0.15948336E+00 0.18159276E+00 0.21046645E+00 0.24792114E+00 0.29413652E+00 0.34603917E+00 0.39613859E+00 0.43339216E+00 0.44727930E+00 0.43339216E+00 0.39613859E+00 0.34603917E+00 0.29413652E+00 0.24792114E+00 0.21046645E+00 0.18159276E+00 0.15948336E+00 0.14198039E+00 0.12733925E+00 0.11445991E+00 0.10277992E+00 0.92064843E-01 0.82242232E-01 0.73308417E-01
0.19881867E-01 0.20138880E-01 0.20514812E-01 0.21044483E-01 0.21761342E-01 0.22698174E-01 0.23888892E-01 0.25371177E-01 0.27189533E-01 0.29398213E-01 0.32063312E-01 0.35263312E-01 0.39087410E-01 0.43631253E-01 0.48990339E-01 0.55252229E-01 0.62489690E-01 0.70757353E-01 0.80093784E-01 0.90528770E-01 0.10209364E+00 0.11483372E+00 0.12882867E+00 0.14423218E+00 0.16132833E+00 0.18055593E+00 0.20240057E+00 0.22706540E+00 0.25394885E+00 0.28113818E+00 0.30528131E+00 0.32220550E+00 0.32832344E+00 0.32220550E+00 0.30528131E+00 0.28113818E+00 0.25394885E+00 0.22706540E+00 0.20240057E+00 0.18055593E+00 0.16132833E+00 0.14423218E+00 0.12882867E+00 0.11483372E+00 0.10209364E+00 0.90528770E-01 0.80093784E-01 0.70757353E-01
0.17064359E-01 0.17361549E-01 0.17782815E-01 0.18361164E-01 0.19128970E-01 0.20118533E-01 0.21363428E-01 0.22900537E-01 0.24772598E-01 0.27031011E-01 0.29738497E-01 0.32971147E-01 0.36819258E-01 0.41386468E-01 0.46787028E-01 0.53141638E-01 0.60573026E-01 0.69202767E-01 0.79150204E-01 0.90532353E-01 0.10346097E+00 0.11803190E+00 0.13430480E+00 0.15227827E+00 0.17186817E+00 0.19288734E+00 0.21500408E+00 0.23764957E+00 0.25988022E+00 0.28027165E+00 0.29697495E+00 0.30803306E+00 0.31191380E+00 0.30803306E+00 0.29697495E+00 0.28027165E+00 0.25988022E+00 0.23764957E+00 0.21500408E+00 0.19288734E+00 0.17186817E+00 0.15227827E+00 0.13430480E+00 0.11803190E+00 0.10346097E+00 0.90532353E-01 0.79150204E-01 0.69202767E-01
0.14676065E-01 0.15037152E-01 0.15526652E-01 0.16175721E-01 0.17015413E-01 0.18077046E-01 0.19393181E-01 0.20999265E-01 0.22935984E-01 0.25252298E-01 0.28009041E-01 0.31282779E-01 0.35169464E-01 0.39787319E-01 0.45278558E-01 0.51809906E-01 0.59572311E-01 0.68780147E-01 0.79668980E-01 0.92488480E-01 0.10748422E+00 0.12486140E+00 0.14472785E+00 0.16702310E+00 0.19145134E+00 0.21743893E+00 0.24412788E+00 0.27040116E+00 0.29492989E+00 0.31624581E+00 0.33286124E+00 0.34345426E+00 0.34709715E+00 0.34345426E+00 0.33286124E+00 0.31624581E+00 0.29492989E+00 0.27040116E+00 0.24412788E+00 0.21743893E+00 0.19145134E+00 0.16702310E+00 0.14472785E+00 0.12486140E+00 0.10748422E+00 0.92488480E-01 0.79668980E-01 0.68780147E-01
0.12661537E-01 0.13093713E-01 0.13658652E-01 0.14385886E-01 0.15305190E-01 0.16446740E-01 0.17841844E-01 0.19524413E-01 0.21533411E-01 0.23916480E-01 0.26734844E-01 0.30069357E-01 0.34027374E-01 0.38749918E-01 0.44418721E-01 0.51262889E-01 0.59564889E-01 0.69664501E-01 0.81956717E-01 0.96875723E-01 0.11485430E+00 0.13624998E+00 0.16123947E+00 0.18969942E+00 0.22110798E+00 0.25450517E+00 0.28853395E+00 0.32155454E+00 0.35179889E+00 0.37752994E+00 0.39718813E+00 0.40952639E+00 0.41373327E+00 0.40952639E+00 0.39718813E+00 0.37752994E+00 0.35179889E+00 0.32155454E+00 0.28853395E+00 0.25450517E+00 0.22110798E+00 0.18969942E+00 0.16123947E+00 0.13624998E+00 0.11485430E+00 0.96875723E-01 0.81956717E-01 0.69664501E-01
0.10971342E-01 0.11472067E-01 0.12110436E-01 0.12914688E-01 0.13913479E-01 0.15135889E-01 0.16612026E-01 0.18374545E-01 0.20461496E-01 0.22920903E-01 0.25817361E-01 0.29240724E-01 0.33316725E-01 0.38219218E-01 0.44183822E-01 0.51522706E-01 0.60639338E-01 0.72039229E-01 0.86327380E-01 0.10417725E+00 0.12625413E+00 0.15308416E+00 0.18488186E+00 0.22137797E+00 0.26170917E+00 0.30442296E+00 0.34760930E+00 0.38911464E+00 0.42676258E+00 0.45852482E+00 0.48263966E+00 0.49771572E+00 0.50284663E+00 0.49771572E+00 0.48263966E+00 0.45852482E+00 0.42676258E+00 0.38911464E+00 0.34760930E+00 0.30442296E+00 0.26170917E+00 0.22137797E+00 0.18488186E+00 0.15308416E+00 0.12625413E+00 0.10417725E+00 0.86327380E-01 0.72039229E-01
0.95606405E-02 0.10122438E-01 0.10827481E-01 0.11703054E-01 0.12776917E-01 0.14077218E-01 0.15633116E-01 0.17476566E-01 0.19645868E-01 0.22191550E-01 0.25185092E-01 0.28730765E-01 0.32980709E-01 0.38153347E-01 0.44555382E-01 0.52607147E-01 0.62868690E-01 0.76058145E-01 0.93044705E-01 0.11479028E+00 0.14221548E+00 0.17598644E+00 0.21626026E+00 0.26247198E+00 0.31326199E+00 0.36660014E+00 0.42006562E+00 0.47114993E+00 0.51744437E+00 0.55667807E+00 0.58671302E+00 0.60565453E+00 0.61213671E+00 0.60565453E+00 0.58671302E+00 0.55667807E+00 0.51744437E+00 0.47114993E+00 0.42006562E+00 0.36660014E+00 0.31326199E+00 0.26247198E+00 0.21626026E+00 0.17598644E+00 0.14221548E+00 0.11479028E+00 0.93044705E-01 0.76058145E-01
0.83888486E-02 0.90024065E-02 0.97654563E-02 0.10704649E-01 0.11847084E-01 0.13220218E-01 0.14852643E-01 0.16776357E-01 0.19031281E-01 0.21672813E-01 0.24783112E-01 0.28486670E-01 0.32970716E-01 0.38511215E-01 0.45505365E-01 0.54510224E-01 0.66282177E-01 0.81801476E-01 0.10225168E+00 0.12891425E+00 0.16294892E+00 0.20507396E+00 0.25523186E+00 0.31238835E+00 0.37460379E+00 0.43939327E+00 0.50419669E+00 0.56666099E+00 0.62453266E+00 0.67524221E+00 0.71556407E+00 0.74184730E+00 0.75101617E+00 0.74184730E+00 0.71556407E+00 0.67524221E+00 0.62453266E+00 0.56666099E+00 0.50419669E+00 0.43939327E+00 0.37460379E+00 0.31238835E+00 0.25523186E+00 0.20507396E+00 0.16294892E+00 0.12891425E+00 0.10225168E+00 0.81801476E-01
0.74195961E-02 0.80755493E-02 0.88876599E-02 0.98822140E-02 0.11085888E-01 0.12525727E-01 0.14230211E-01 0.16232200E-01 0.18574680E-01 0.21320307E-01 0.24565677E-01 0.28461245E-01 0.33238052E-01 0.39242926E-01 0.46983838E-01 0.57184342E-01 0.70837178E-01 0.89230168E-01 0.11389728E+00 0.14643970E+00 0.18819028E+00 0.23977554E+00 0.30074381E+00 0.36950013E+00 0.44370904E+00 0.52104836E+00 0.59987016E+00 0.67923307E+00 0.75800463E+00 0.83317389E+00 0.89827128E+00 0.94368090E+00 0.96012144E+00 0.94368090E+00 0.89827128E+00 0.83317389E+00 0.75800463E+00 0.67923307E+00 0.59987016E+00 0.52104836E+00 0.44370904E+00 0.36950013E+00 0.30074381E+00 0.23977554E+00 0.18819028E+00 0.14643970E+00 0.11389728E+00 0.89230168E-01
0.66206405E-02 0.73104315E-02 0.81631624E-02 0.92049748E-02 0.10462338E-01 0.11962169E-01 0.13733303E-01 0.15810268E-01 0.18240469E-01 0.21095984E-01 0.24491205E-01 0.28607690E-01 0.33728234E-01 0.40282915E-01 0.48909527E-01 0.60525641E-01 0.76395114E-01 0.98146810E-01 0.12767740E+00 0.16686952E+00 0.21711695E+00 0.27878675E+00 0.35091787E+00 0.43151505E+00 0.51857030E+00 0.61144892E+00 0.71188666E+00 0.82377484E+00 0.95068830E+00 0.10901858E+01 0.12267959E+01 0.13308376E+01 0.13702494E+01 0.13308376E+01 0.12267959E+01 0.10901858E+01 0.95068830E+00 0.82377484E+00 0.71188666E+00 0.61144892E+00 0.51857030E+00 0.43151505E+00 0.35091787E+00 0.27878675E+00 0.21711695E+00 0.16686952E+00 0.12767740E+00 0.98146810E-01
0.59636597E-02 0.66798044E-02 0.75654776E-02 0.86468421E-02 0.99503436E-02 0.11503029E-01 0.13334511E-01 0.15481676E-01 0.17997449E-01 0.20965035E-01 0.24519192E-01 0.28876527E-01 0.34377778E-01 0.41546122E-01 0.51164336E-01 0.64365065E-01 0.82706796E-01 0.10817381E+00 0.14300873E+00 0.18930195E+00 0.24837264E+00 0.32019595E+00 0.40336396E+00 0.49607364E+00 0.59820164E+00 0.71394873E+00 0.85439202E+00 0.10385131E+01 0.12880244E+01 0.16098085E+01 0.19680129E+01 0.22671931E+01 0.23862835E+01 0.22671931E+01 0.19680129E+01 0.16098085E+01 0.12880244E+01 0.10385131E+01 0.85439202E+00 0.71394873E+00 0.59820164E+00 0.49607364E+00 0.40336396E+00 0.32019595E+00 0.24837264E+00 0.18930195E+00 0.14300873E+00 0.10817381E+00
0.54239620E-02 0.61599834E-02 0.70716418E-02 0.81852327E-02 0.95273179E-02 0.11125282E-01 0.13009834E-01 0.15220708E-01 0.17817061E-01 0.20894229E-01 0.24608772E-01 0.29214492E-01 0.35113498E-01 0.42927644E-01 0.53593131E-01 0.68468090E-01 0.89412792E-01 0.11875824E+00 0.15904902E+00 0.21248906E+00 0.28020094E+00 0.36173447E+00 0.45555842E+00 0.56118562E+00 0.68306667E+00 0.83642521E+00 0.10558449E+01 0.14039252E+01 0.19683641E+01 0.28274461E+01 0.39456114E+01 0.50076693E+01 0.54622608E+01 0.50076693E+01 0.39456114E+01 0.28274461E+01 0.19683641E+01 0.14039252E+01 0.10558449E+01 0.83642521E+00 0.68306667E+00 0.56118562E+00 0.45555842E+00 0.36173447E+00 0.28020094E+00 0.21248906E+00 0.15904902E+00 0.11875824E+00
0.49801755E-02 0.57303872E-02 0.66616189E-02 0.78003591E-02 0.91733740E-02 0.10808517E-01 0.12737774E-01 0.15003943E-01 0.17672620E-01 0.20851408E-01 0.24718666E-01 0.29565227E-01 0.35854335E-01 0.44306261E-01 0.56009874E-01 0.72545284E-01 0.96062433E-01 0.12920772E+00 0.17476517E+00 0.23496008E+00 0.31064577E+00 0.40104376E+00 0.50506719E+00 0.62512863E+00 0.77430941E+00 0.99000399E+00 0.13597958E+01 0.20630450E+01 0.34377023E+01 0.60251139E+01 0.10164595E+02 0.14731675E+02 0.16837731E+02 0.14731675E+02 0.10164595E+02 0.60251139E+01 0.34377023E+01 0.20630450E+01 0.13597958E+01 0.99000399E+00 0.77430941E+00 0.62512863E+00 0.50506719E+00 0.40104376E+00 0.31064577E+00 0.23496008E+00 0.17476517E+00 0.12920772E+00
