Basic/Day4/qtaim/urea/crystal/pato/urea_cry_pl2d_pato.SURFGRHO
DSAA
 161 161
-0.75589045E+01  0.75589045E+01  0.94486307E-01
-0.75589045E+01  0.75589045E+01  0.94486307E-01
 0.00000000E+00  0.00000000E+00
[rows 44 to 65 of 161, columns 0 to 47 of 161]
0.21430576E+00 0.21395863E+00 0.21405008E+00 0.21453867E+00 0.21517753E+00 0.21552825E+00 0.21501562E+00 0.21303232E+00 0.20906526E+00 0.20279789E+00 0.19415834E+00 0.18331274E+00 0.17062210E+00 0.15658222E+00 0.14175786E+00 0.12671788E+00 0.11197792E+00 0.97958107E-01 0.84960595E-01 0.73167111E-01 0.62652126E-01 0.53405208E-01 0.45356250E-01 0.38398910E-01 0.32409687E-01 0.27261787E-01 0.22834152E-01 0.19016581E-01 0.15712060E-01 0.12837312E-01 0.10322447E-01 0.81106242E-02 0.61591262E-02 0.44458444E-02 0.29968162E-02 0.19991354E-02 0.19426956E-02 0.27777116E-02 0.39496136E-02 0.52480830E-02 0.66317585E-02 0.81026405E-02 0.96737632E-02 0.11358904E-01 0.13167664E-01 0.15102053E-01 0.17153623E-01 0.19300999E-01
0.20855311E+00 0.20860449E+00 0.20859538E+00 0.20848794E+00 0.20806609E+00 0.20697725E+00 0.20480299E+00 0.20114434E+00 0.19570152E+00 0.18832934E+00 0.17905973E+00 0.16809351E+00 0.15576951E+00 0.14251929E+00 0.12881479E+00 0.11511657E+00 0.10182996E+00 0.89275317E-01 0.77674754E-01 0.67154093E-01 0.57755805E-01 0.49457813E-01 0.42193553E-01 0.35870074E-01 0.30382486E-01 0.25624342E-01 0.21494318E-01 0.17899979E-01 0.14759459E-01 0.12001876E-01 0.95671880E-02 0.74064219E-02 0.54842470E-02 0.37909123E-02 0.23980054E-02 0.16967417E-02 0.22244058E-02 0.34063484E-02 0.47861830E-02 0.62714000E-02 0.78582842E-02 0.95641614E-02 0.11410597E-01 0.13416839E-01 0.15595660E-01 0.17949809E-01 0.20468756E-01 0.23125862E-01
0.19782609E+00 0.19820575E+00 0.19811291E+00 0.19752123E+00 0.19628206E+00 0.19415949E+00 0.19088522E+00 0.18621963E+00 0.18000505E+00 0.17220100E+00 0.16289736E+00 0.15230621E+00 0.14073655E+00 0.12855738E+00 0.11615589E+00 0.10389772E+00 0.92095342E-01 0.80988539E-01 0.70737751E-01 0.61428310E-01 0.53082119E-01 0.45672852E-01 0.39141465E-01 0.33409829E-01 0.28391452E-01 0.23999091E-01 0.20149620E-01 0.16766756E-01 0.13782281E-01 0.11136386E-01 0.87777640E-02 0.66645008E-02 0.47687427E-02 0.30986658E-02 0.18226543E-02 0.16840785E-02 0.27579125E-02 0.41933545E-02 0.57628525E-02 0.74456015E-02 0.92611475E-02 0.11238532E-01 0.13407134E-01 0.15791703E-01 0.18408186E-01 0.21259659E-01 0.24332438E-01 0.27592761E-01
0.18314459E+00 0.18372169E+00 0.18357821E+00 0.18269752E+00 0.18098653E+00 0.17830060E+00 0.17448209E+00 0.16940262E+00 0.16299921E+00 0.15529755E+00 0.14641903E+00 0.13657185E+00 0.12602932E+00 0.11509991E+00 0.10409501E+00 0.93299836E-01 0.82951785E-01 0.73228470E-01 0.64245141E-01 0.56059730E-01 0.48682690E-01 0.42088866E-01 0.36229159E-01 0.31040572E-01 0.26454006E-01 0.22399745E-01 0.18810956E-01 0.15625644E-01 0.12787550E-01 0.10246475E-01 0.79586322E-02 0.58883240E-02 0.40158450E-02 0.23806384E-02 0.13916115E-02 0.20416054E-02 0.34852493E-02 0.51197978E-02 0.68774621E-02 0.87756643E-02 0.10849665E-01 0.13138599E-01 0.15679577E-01 0.18503035E-01 0.21628004E-01 0.25057169E-01 0.28772132E-01 0.32729538E-01
0.16607707E+00 0.16674058E+00 0.16657468E+00 0.16556953E+00 0.16367067E+00 0.16079618E+00 0.15686321E+00 0.15181667E+00 0.14565352E+00 0.13843725E+00 0.13030035E+00 0.12143509E+00 0.11207521E+00 0.10247252E+00 0.92872983E-01 0.83496240E-01 0.74521407E-01 0.66080062E-01 0.58255965E-01 0.51089880E-01 0.44587449E-01 0.38728145E-01 0.33473829E-01 0.28775994E-01 0.24581322E-01 0.20835583E-01 0.17486106E-01 0.14483186E-01 0.11780745E-01 0.93366730E-02 0.71134480E-02 0.50808292E-02 0.32293563E-02 0.16681175E-02 0.13608241E-02 0.26845481E-02 0.43611089E-02 0.61737504E-02 0.81284930E-02 0.10264416E-01 0.12629043E-01 0.15271104E-01 0.18235647E-01 0.21558946E-01 0.25262759E-01 0.29348213E-01 0.33790034E-01 0.38532193E-01
0.14808123E+00 0.14875143E+00 0.14858340E+00 0.14757173E+00 0.14568714E+00 0.14288814E+00 0.13913911E+00 0.13442953E+00 0.12878967E+00 0.12229898E+00 0.11508567E+00 0.10731802E+00 0.99189581E-01 0.90901553E-01 0.82645602E-01 0.74589839E-01 0.66869646E-01 0.59583761E-01 0.52794993E-01 0.46534329E-01 0.40806922E-01 0.35598642E-01 0.30882187E-01 0.26622194E-01 0.22779126E-01 0.19311990E-01 0.16180074E-01 0.13343931E-01 0.10765890E-01 0.84104214E-02 0.62450461E-02 0.42444674E-02 0.24154339E-02 0.10805546E-02 0.18284444E-02 0.35091517E-02 0.53587760E-02 0.73472344E-02 0.95135275E-02 0.11911253E-01 0.14598844E-01 0.17634642E-01 0.21071870E-01 0.24952566E-01 0.29300446E-01 0.34113338E-01 0.39356353E-01 0.44957459E-01
0.13033379E+00 0.13095883E+00 0.13080188E+00 0.12986026E+00 0.12811991E+00 0.12556338E+00 0.12218196E+00 0.11798843E+00 0.11302690E+00 0.10737738E+00 0.10115393E+00 0.94497199E-01 0.87563004E-01 0.80509386E-01 0.73484494E-01 0.66617087E-01 0.60010620E-01 0.53741054E-01 0.47857821E-01 0.42387011E-01 0.37335719E-01 0.32696674E-01 0.28452483E-01 0.24579147E-01 0.21048718E-01 0.17831160E-01 0.14895536E-01 0.12210703E-01 0.97456966E-02 0.74701299E-02 0.53554509E-02 0.33813829E-02 0.15903777E-02 0.10247662E-02 0.25890908E-02 0.44585948E-02 0.64627202E-02 0.86336713E-02 0.11028040E-01 0.13711069E-01 0.16751676E-01 0.20217949E-01 0.24171342E-01 0.28659206E-01 0.33705929E-01 0.39303763E-01 0.45405223E-01 0.51919731E-01
0.11368493E+00 0.11423579E+00 0.11409735E+00 0.11326841E+00 0.11174311E+00 0.10951638E+00 0.10659215E+00 0.10299180E+00 0.98760421E-01 0.93969151E-01 0.88713085E-01 0.83105273E-01 0.77268196E-01 0.71324446E-01 0.65388228E-01 0.59558868E-01 0.53916910E-01 0.48522788E-01 0.43417638E-01 0.38625560E-01 0.34156620E-01 0.30009979E-01 0.26176744E-01 0.22642306E-01 0.19388102E-01 0.16392851E-01 0.13633342E-01 0.11084909E-01 0.87217279E-02 0.65172491E-02 0.44459150E-02 0.24940765E-02 0.83666962E-03 0.16332388E-02 0.34988515E-02 0.55056235E-02 0.76627937E-02 0.10026269E-01 0.12664614E-01 0.15653571E-01 0.19072385E-01 0.22998883E-01 0.27502466E-01 0.32634888E-01 0.38419434E-01 0.44840232E-01 0.51834846E-01 0.59294564E-01
0.98656912E-01 0.99122066E-01 0.99005121E-01 0.98305517E-01 0.97020885E-01 0.95150863E-01 0.92702822E-01 0.89697684E-01 0.86174108E-01 0.82189843E-01 0.77819933E-01 0.73152199E-01 0.68281037E-01 0.63300756E-01 0.58299571E-01 0.53355063E-01 0.48531441E-01 0.43878582E-01 0.39432511E-01 0.35216841E-01 0.31244706E-01 0.27520755E-01 0.24042977E-01 0.20804174E-01 0.17793080E-01 0.14995137E-01 0.12392999E-01 0.99668366E-02 0.76945703E-02 0.55523537E-02 0.35170141E-02 0.15885224E-02 0.73346760E-03 0.25037986E-02 0.45039021E-02 0.66361406E-02 0.89511497E-02 0.11517211E-01 0.14412669E-01 0.17723163E-01 0.21538019E-01 0.25944476E-01 0.31019177E-01 0.36816927E-01 0.43357835E-01 0.50615678E-01 0.58512831E-01 0.66929108E-01
0.85481847E-01 0.85861850E-01 0.85766307E-01 0.85194811E-01 0.84145641E-01 0.82618609E-01 0.80619295E-01 0.78163386E-01 0.75279798E-01 0.72011748E-01 0.68415511E-01 0.64557222E-01 0.60508446E-01 0.56341406E-01 0.52124666E-01 0.47919810E-01 0.43779359E-01 0.39745908E-01 0.35852230E-01 0.32122042E-01 0.28571107E-01 0.25208394E-01 0.22037137E-01 0.19055701E-01 0.16258223E-01 0.13635065E-01 0.11173105E-01 0.88559250E-02 0.66639903E-02 0.45752342E-02 0.25689349E-02 0.70291729E-03 0.14984598E-02 0.34814416E-02 0.55836179E-02 0.78418735E-02 0.10320877E-01 0.13097515E-01 0.16258774E-01 0.19899593E-01 0.24118830E-01 0.29012411E-01 0.34663095E-01 0.41127072E-01 0.48419257E-01 0.56502013E-01 0.65286195E-01 0.74656655E-01
0.74168859E-01 0.74471386E-01 0.74395343E-01 0.73940204E-01 0.73103414E-01 0.71882657E-01 0.70279294E-01 0.68301915E-01 0.65969028E-01 0.63310196E-01 0.60365426E-01 0.57183033E-01 0.53816532E-01 0.50321187E-01 0.46750809E-01 0.43155197E-01 0.39578406E-01 0.36057848E-01 0.32624053E-01 0.29300901E-01 0.26106097E-01 0.23051720E-01 0.20144739E-01 0.17387426E-01 0.14777671E-01 0.12309199E-01 0.99717131E-02 0.77509973E-02 0.56290799E-02 0.35850228E-02 0.16027898E-02 0.54285439E-03 0.24580449E-02 0.45287406E-02 0.67292029E-02 0.91174832E-02 0.11765647E-01 0.14757479E-01 0.18187638E-01 0.22159500E-01 0.26780525E-01 0.32154188E-01 0.38367903E-01 0.45477477E-01 0.53491098E-01 0.62360550E-01 0.71993951E-01 0.82309217E-01
0.64580961E-01 0.64816943E-01 0.64757661E-01 0.64402360E-01 0.63747022E-01 0.62786347E-01 0.61516770E-01 0.59939670E-01 0.58063950E-01 0.55907397E-01 0.53496645E-01 0.50865871E-01 0.48054639E-01 0.45105359E-01 0.42060818E-01 0.38962087E-01 0.35846977E-01 0.32749045E-01 0.29697073E-01 0.26714894E-01 0.23821404E-01 0.21030671E-01 0.18352057E-01 0.15790327E-01 0.13345722E-01 0.11014024E-01 0.87865962E-02 0.66504437E-02 0.45883972E-02 0.25804539E-02 0.63434124E-03 0.14513576E-02 0.34890444E-02 0.56350943E-02 0.79369895E-02 0.10459591E-01 0.13280017E-01 0.16487684E-01 0.20183782E-01 0.24478927E-01 0.29487850E-01 0.35320086E-01 0.42066044E-01 0.49779495E-01 0.58461143E-01 0.68055043E-01 0.78479718E-01 0.89722464E-01
0.56504341E-01 0.56685360E-01 0.56639929E-01 0.56367035E-01 0.55861074E-01 0.55113696E-01 0.54116645E-01 0.52864852E-01 0.51359067E-01 0.49607485E-01 0.47626178E-01 0.45438423E-01 0.43073203E-01 0.40563294E-01 0.37943271E-01 0.35247698E-01 0.32509673E-01 0.29759743E-01 0.27025153E-01 0.24329368E-01 0.21691761E-01 0.19127401E-01 0.16646915E-01 0.14256372E-01 0.11957213E-01 0.97462059E-02 0.76154393E-02 0.55523707E-02 0.35401432E-02 0.15609145E-02 0.49427883E-03 0.24776227E-02 0.45739721E-02 0.67981347E-02 0.92062550E-02 0.11866685E-01 0.14860166E-01 0.18280456E-01 0.22233886E-01 0.26836778E-01 0.32209488E-01 0.38465867E-01 0.45697599E-01 0.53955037E-01 0.63231323E-01 0.73466646E-01 0.84603719E-01 0.96733767E-01
0.49700777E-01 0.49837580E-01 0.49803295E-01 0.49596667E-01 0.49210627E-01 0.48634090E-01 0.47854748E-01 0.46862178E-01 0.45650582E-01 0.44220660E-01 0.42580411E-01 0.40744902E-01 0.38735235E-01 0.36577037E-01 0.34298778E-01 0.31930132E-01 0.29500556E-01 0.27038119E-01 0.24568588E-01 0.22114721E-01 0.19695734E-01 0.17326872E-01 0.15019089E-01 0.12778800E-01 0.10607713E-01 0.85027360E-02 0.64559569E-02 0.44547465E-02 0.24825531E-02 0.53913877E-03 0.15058483E-02 0.35550195E-02 0.57108877E-02 0.80191503E-02 0.10538557E-01 0.13339454E-01 0.16504936E-01 0.20131704E-01 0.24329651E-01 0.29219062E-01 0.34924060E-01 0.41560958E-01 0.49221048E-01 0.57950127E-01 0.67733858E-01 0.78511296E-01 0.90257431E-01 0.10318481E+00
0.43941431E-01 0.44043263E-01 0.44017796E-01 0.43863564E-01 0.43572247E-01 0.43130471E-01 0.42522632E-01 0.41734065E-01 0.40753920E-01 0.39577241E-01 0.38206021E-01 0.36649285E-01 0.34922356E-01 0.33045613E-01 0.31042989E-01 0.28940443E-01 0.26764541E-01 0.24541213E-01 0.22294722E-01 0.20046807E-01 0.17815987E-01 0.15617008E-01 0.13460403E-01 0.11352170E-01 0.92935584E-02 0.72809708E-02 0.53059780E-02 0.33556451E-02 0.14157522E-02 0.59483366E-03 0.25848936E-02 0.46797244E-02 0.69023047E-02 0.93017045E-02 0.11937627E-01 0.14881309E-01 0.18216994E-01 0.22042931E-01 0.26470975E-01 0.31623606E-01 0.37626850E-01 0.44597673E-01 0.52625428E-01 0.61750300E-01 0.71949911E-01 0.83161270E-01 0.95387378E-01 0.10894737E+00
0.39024710E-01 0.39099162E-01 0.39080600E-01 0.38967384E-01 0.38750172E-01 0.38413755E-01 0.37939945E-01 0.37310843E-01 0.36511831E-01 0.35533806E-01 0.34374420E-01 0.33038348E-01 0.31536747E-01 0.29886173E-01 0.28107182E-01 0.26222863E-01 0.24257406E-01 0.22234812E-01 0.20177778E-01 0.18106739E-01 0.16039085E-01 0.13988520E-01 0.11964573E-01 0.99722391E-02 0.80117724E-02 0.60786165E-02 0.41635775E-02 0.22540824E-02 0.37635417E-03 0.16709847E-02 0.37068811E-02 0.58546363E-02 0.81528152E-02 0.10651169E-01 0.13409462E-01 0.16498940E-01 0.20003983E-01 0.24023208E-01 0.28669087E-01 0.34064792E-01 0.40336666E-01 0.47600776E-01 0.55943194E-01 0.65397350E-01 0.75930969E-01 0.87472845E-01 0.10003392E+00 0.11398641E+00
0.34782565E-01 0.34835685E-01 0.34822502E-01 0.34741239E-01 0.34581743E-01 0.34327375E-01 0.33957988E-01 0.33453290E-01 0.32795948E-01 0.31973917E-01 0.30981799E-01 0.29821216E-01 0.28500369E-01 0.27033038E-01 0.25437245E-01 0.23733798E-01 0.21944861E-01 0.20092624E-01 0.18198132E-01 0.16280281E-01 0.14354981E-01 0.12434483E-01 0.10526870E-01 0.86357164E-02 0.67599129E-02 0.48937324E-02 0.30275513E-02 0.11557208E-02 0.83105226E-03 0.27951029E-02 0.48737516E-02 0.70846553E-02 0.94683928E-02 0.12074567E-01 0.14962467E-01 0.18202792E-01 0.21879463E-01 0.26090813E-01 0.30949205E-01 0.36577685E-01 0.43102003E-01 0.50636398E-01 0.59262750E-01 0.69006554E-01 0.79822489E-01 0.91620240E-01 0.10438534E+00 0.11845809E+00
0.31079461E-01 0.31115959E-01 0.31106969E-01 0.31050603E-01 0.30936078E-01 0.30745673E-01 0.30457791E-01 0.30050433E-01 0.29504374E-01 0.28805566E-01 0.27946541E-01 0.26926828E-01 0.25752557E-01 0.24435486E-01 0.22991685E-01 0.21440088E-01 0.19801051E-01 0.18095005E-01 0.16341259E-01 0.14556976E-01 0.12756318E-01 0.10949780E-01 0.91436992E-02 0.73399586E-02 0.55359349E-02 0.37249639E-02 0.18998978E-02 0.28618365E-03 0.19502569E-02 0.39585753E-02 0.60902418E-02 0.83758014E-02 0.10856190E-01 0.13580562E-01 0.16607580E-01 0.20007369E-01 0.23863491E-01 0.28274243E-01 0.33352228E-01 0.39220771E-01 0.46005414E-01 0.53818854E-01 0.62738854E-01 0.72782334E-01 0.83887506E-01 0.95932318E-01 0.10883900E+00 0.12282092E+00
0.27807364E-01 0.27830811E-01 0.27825112E-01 0.27788296E-01 0.27709094E-01 0.27568972E-01 0.27345288E-01 0.27014861E-01 0.26557204E-01 0.25956958E-01 0.25205302E-01 0.24300363E-01 0.23246818E-01 0.22054920E-01 0.20739177E-01 0.19316906E-01 0.17806782E-01 0.16227489E-01 0.14596520E-01 0.12929158E-01 0.11237633E-01 0.95304877E-02 0.78121385E-02 0.60826944E-02 0.43382290E-02 0.25729061E-02 0.81036750E-03 0.11875218E-02 0.31107482E-02 0.51652214E-02 0.73622913E-02 0.97351011E-02 0.12324579E-01 0.15179533E-01 0.18358368E-01 0.21931327E-01 0.25982713E-01 0.30612314E-01 0.35934935E-01 0.42076469E-01 0.49164723E-01 0.57313302E-01 0.66597981E-01 0.77028277E-01 0.88524322E-01 0.10092274E+00 0.11405219E+00 0.12792276E+00
0.24879012E-01 0.24891975E-01 0.24888920E-01 0.24867807E-01 0.24816985E-01 0.24717291E-01 0.24545325E-01 0.24277088E-01 0.23891274E-01 0.23371691E-01 0.22708652E-01 0.21899344E-01 0.20947399E-01 0.19861889E-01 0.18656004E-01 0.17345591E-01 0.15947708E-01 0.14479286E-01 0.12955943E-01 0.11390984E-01 0.97946034E-02 0.81732999E-02 0.65295530E-02 0.48619141E-02 0.31664063E-02 0.14489724E-02 0.57508927E-03 0.23353371E-02 0.43085114E-02 0.64209642E-02 0.86970049E-02 0.11170800E-01 0.13883392E-01 0.16883780E-01 0.20231108E-01 0.23997342E-01 0.28269867E-01 0.33153161E-01 0.38768294E-01 0.45248602E-01 0.52729654E-01 0.61331774E-01 0.71134438E-01 0.82144650E-01 0.94267340E-01 0.10729603E+00 0.12095387E+00 0.13501456E+00
0.22220859E-01 0.22224955E-01 0.22224136E-01 0.22216303E-01 0.22189457E-01 0.22123891E-01 0.21995578E-01 0.21779902E-01 0.21454975E-01 0.21004052E-01 0.20416859E-01 0.19689911E-01 0.18826023E-01 0.17833274E-01 0.16723659E-01 0.15511632E-01 0.14212666E-01 0.12841932E-01 0.11413140E-01 0.99375832E-02 0.84233975E-02 0.68750803E-02 0.52934030E-02 0.36763313E-02 0.20257994E-02 0.51594752E-03 0.16425889E-02 0.35216733E-02 0.55489141E-02 0.77333690E-02 0.10103037E-01 0.12692828E-01 0.15544371E-01 0.18707862E-01 0.22244891E-01 0.26231768E-01 0.30762735E-01 0.35952069E-01 0.41933674E-01 0.48856355E-01 0.56872777E-01 0.66120281E-01 0.76692748E-01 0.88605051E-01 0.10175628E+00 0.11590522E+00 0.13067887E+00 0.14563163E+00
0.19766481E-01 0.19762324E-01 0.19763588E-01 0.19768101E-01 0.19763461E-01 0.19729344E-01 0.19641037E-01 0.19473284E-01 0.19203644E-01 0.18814880E-01 0.18296221E-01 0.17643604E-01 0.16859114E-01 0.15949910E-01 0.14926847E-01 0.13803021E-01 0.12592337E-01 0.11308217E-01 0.99624801E-02 0.85644408E-02 0.71202638E-02 0.56326886E-02 0.41015779E-02 0.25281175E-02 0.96527655E-03 0.10571363E-02 0.28077945E-02 0.47457287E-02 0.68401623E-02 0.91120650E-02 0.11591242E-01 0.14313504E-01 0.17321843E-01 0.20669122E-01 0.24421787E-01 0.28664160E-01 0.33502579E-01 0.39068234E-01 0.45517074E-01 0.53024789E-01 0.61774659E-01 0.71936275E-01 0.83634119E-01 0.96907034E-01 0.11166346E+00 0.12764276E+00 0.14439786E+00 0.16131069E+00
