Basic/Day4/qtaim/urea/crystal/pato/urea_cry_pl2d_pato.SURFGRHO
DSAA
 161 161
-0.75589045E+01  0.75589045E+01  0.94486307E-01
-0.75589045E+01  0.75589045E+01  0.94486307E-01
 0.00000000E+00  0.00000000E+00
[rows 110 to 131 of 161, columns 48 to 95 of 161]
0.17761098E-01 0.17855758E-01 0.18169337E-01 0.18827586E-01 0.19983809E-01 0.21805735E-01 0.24455014E-01 0.28070856E-01 0.32768637E-01 0.38655184E-01 0.45856251E-01 0.54552768E-01 0.65025234E-01 0.77705712E-01 0.93234078E-01 0.11251069E+00 0.13673119E+00 0.16737924E+00 0.20614011E+00 0.25468725E+00 0.31430175E+00 0.38533181E+00 0.46659917E+00 0.55498931E+00 0.64553887E+00 0.73223274E+00 0.80938365E+00 0.87304529E+00 0.92176461E+00 0.95632924E+00 0.97876991E+00 0.99123349E+00 0.99521463E+00 0.99123349E+00 0.97876991E+00 0.95632924E+00 0.92176461E+00 0.87304529E+00 0.80938365E+00 0.73223274E+00 0.64553887E+00 0.55498931E+00 0.46659917E+00 0.38533181E+00 0.31430175E+00 0.25468725E+00 0.20614011E+00 0.16737924E+00
0.14911004E-01 0.15177058E-01 0.15716984E-01 0.16674550E-01 0.18213398E-01 0.20496115E-01 0.23664592E-01 0.27834537E-01 0.33107330E-01 0.39594554E-01 0.47451812E-01 0.56922737E-01 0.68395262E-01 0.82469737E-01 0.10003372E+00 0.12233157E+00 0.15100652E+00 0.18807659E+00 0.23578547E+00 0.29625573E+00 0.37089231E+00 0.45957370E+00 0.55984495E+00 0.66653782E+00 0.77231543E+00 0.86933209E+00 0.95148398E+00 0.10160841E+01 0.10639532E+01 0.10979426E+01 0.11209278E+01 0.11345159E+01 0.11390616E+01 0.11345159E+01 0.11209278E+01 0.10979426E+01 0.10639532E+01 0.10160841E+01 0.95148398E+00 0.86933209E+00 0.77231543E+00 0.66653782E+00 0.55984495E+00 0.45957370E+00 0.37089231E+00 0.29625573E+00 0.23578547E+00 0.18807659E+00
0.12570729E-01 0.13009804E-01 0.13788161E-01 0.15060861E-01 0.16989042E-01 0.19717936E-01 0.23366664E-01 0.28035321E-01 0.33824821E-01 0.40865414E-01 0.49355387E-01 0.59614157E-01 0.72152525E-01 0.87758672E-01 0.10759235E+00 0.13327044E+00 0.16691127E+00 0.21108073E+00 0.26855238E+00 0.34177855E+00 0.43201174E+00 0.53817679E+00 0.65589370E+00 0.77737151E+00 0.89287684E+00 0.99372068E+00 0.10753944E+01 0.11388286E+01 0.11887801E+01 0.12302651E+01 0.12650092E+01 0.12898970E+01 0.12991825E+01 0.12898970E+01 0.12650092E+01 0.12302651E+01 0.11887801E+01 0.11388286E+01 0.10753944E+01 0.99372068E+00 0.89287684E+00 0.77737151E+00 0.65589370E+00 0.53817679E+00 0.43201174E+00 0.34177855E+00 0.26855238E+00 0.21108073E+00
0.10671238E-01 0.11289581E-01 0.12315404E-01 0.13904084E-01 0.16202343E-01 0.19333762E-01 0.23400674E-01 0.28498773E-01 0.34739225E-01 0.42279279E-01 0.51366769E-01 0.62403933E-01 0.76032908E-01 0.93240274E-01 0.11547050E+00 0.14472561E+00 0.18360594E+00 0.23521131E+00 0.30277907E+00 0.38892012E+00 0.49439622E+00 0.61665547E+00 0.74882469E+00 0.88028783E+00 0.99968586E+00 0.10995991E+01 0.11802279E+01 0.12494219E+01 0.13190015E+01 0.13992211E+01 0.14907022E+01 0.15730485E+01 0.16076874E+01 0.15730485E+01 0.14907022E+01 0.13992211E+01 0.13190015E+01 0.12494219E+01 0.11802279E+01 0.10995991E+01 0.99968586E+00 0.88028783E+00 0.74882469E+00 0.61665547E+00 0.49439622E+00 0.38892012E+00 0.30277907E+00 0.23521131E+00
0.91486608E-02 0.99520094E-02 0.11224312E-01 0.13109958E-01 0.15735710E-01 0.19207686E-01 0.23621025E-01 0.29075940E-01 0.35699686E-01 0.43679816E-01 0.53315745E-01 0.65094052E-01 0.79789364E-01 0.98587052E-01 0.12321487E+00 0.15605421E+00 0.20017085E+00 0.25915595E+00 0.33661192E+00 0.43510745E+00 0.55457141E+00 0.69053188E+00 0.83332606E+00 0.96989513E+00 0.10889031E+01 0.11872422E+01 0.12739942E+01 0.13705286E+01 0.15122677E+01 0.17548436E+01 0.21424612E+01 0.25805296E+01 0.27860331E+01 0.25805296E+01 0.21424612E+01 0.17548436E+01 0.15122677E+01 0.13705286E+01 0.12739942E+01 0.11872422E+01 0.10889031E+01 0.96989513E+00 0.83332606E+00 0.69053188E+00 0.55457141E+00 0.43510745E+00 0.33661192E+00 0.25915595E+00
0.79434141E-02 0.89315886E-02 0.10434955E-01 0.12580172E-01 0.15476285E-01 0.19220166E-01 0.23907730E-01 0.29648416E-01 0.36587223E-01 0.44941632E-01 0.55060682E-01 0.67511449E-01 0.83194405E-01 0.10348287E+00 0.13037094E+00 0.16659336E+00 0.21564027E+00 0.28152618E+00 0.36810260E+00 0.47770704E+00 0.60917294E+00 0.75587315E+00 0.90545682E+00 0.10433662E+01 0.11604492E+01 0.12613308E+01 0.13701941E+01 0.15437549E+01 0.19348852E+01 0.29236020E+01 0.49707592E+01 0.76326843E+01 0.89612275E+01 0.76326843E+01 0.49707592E+01 0.29236020E+01 0.19348852E+01 0.15437549E+01 0.13701941E+01 0.12613308E+01 0.11604492E+01 0.10433662E+01 0.90545682E+00 0.75587315E+00 0.60917294E+00 0.47770704E+00 0.36810260E+00 0.28152618E+00
0.69995123E-02 0.81625165E-02 0.98672535E-02 0.12222741E-01 0.15327096E-01 0.19275367E-01 0.24168619E-01 0.30126690E-01 0.37311203E-01 0.45966520E-01 0.56485846E-01 0.69507634E-01 0.86043544E-01 0.10763235E+00 0.13650155E+00 0.17569266E+00 0.22905644E+00 0.30094520E+00 0.39534903E+00 0.51424541E+00 0.65526860E+00 0.80968969E+00 0.96294311E+00 0.11001530E+01 0.12163054E+01 0.13269365E+01 0.14826266E+01 0.18461630E+01 0.30585260E+01 0.70370351E+01 0.16612072E+02 0.30705764E+02 0.38441753E+02 0.30705764E+02 0.16612072E+02 0.70370351E+01 0.30585260E+01 0.18461630E+01 0.14826266E+01 0.13269365E+01 0.12163054E+01 0.11001530E+01 0.96294311E+00 0.80968969E+00 0.65526860E+00 0.51424541E+00 0.39534903E+00 0.30094520E+00
0.62646079E-02 0.75816334E-02 0.94479103E-02 0.11959973E-01 0.15212010E-01 0.19301706E-01 0.24336555E-01 0.30445774E-01 0.37804770E-01 0.46679729E-01 0.57499467E-01 0.70959753E-01 0.88161209E-01 0.11077454E+00 0.14121254E+00 0.18275831E+00 0.23954089E+00 0.31615747E+00 0.41665304E+00 0.54261412E+00 0.69057528E+00 0.85004688E+00 0.10049231E+01 0.11409449E+01 0.12581957E+01 0.13851896E+01 0.16166700E+01 0.23708260E+01 0.56417310E+01 0.18137026E+02 0.54489325E+02 0.12637357E+03 0.17526048E+03 0.12637357E+03 0.54489325E+02 0.18137026E+02 0.56417310E+01 0.23708260E+01 0.16166700E+01 0.13851896E+01 0.12581957E+01 0.11409449E+01 0.10049231E+01 0.85004688E+00 0.69057528E+00 0.54261412E+00 0.41665304E+00 0.31615747E+00
0.56910162E-02 0.71323891E-02 0.91157729E-02 0.11731805E-01 0.15075493E-01 0.19248796E-01 0.24365025E-01 0.30560603E-01 0.38020852E-01 0.47027202E-01 0.58032991E-01 0.71773107E-01 0.89408542E-01 0.11269914E+00 0.14418233E+00 0.18730261E+00 0.24637197E+00 0.32614043E+00 0.43066286E+00 0.56121341E+00 0.71352406E+00 0.87590361E+00 0.10313747E+01 0.11666040E+01 0.12861650E+01 0.14307237E+01 0.17506460E+01 0.30515714E+01 0.95432422E+01 0.37567224E+02 0.14583676E+03 0.45467491E+03 0.78230339E+03 0.45467491E+03 0.14583676E+03 0.37567224E+02 0.95432422E+01 0.30515714E+01 0.17506460E+01 0.14307237E+01 0.12861650E+01 0.11666040E+01 0.10313747E+01 0.87590361E+00 0.71352406E+00 0.56121341E+00 0.43066286E+00 0.32614043E+00
0.52374526E-02 0.67681763E-02 0.88241595E-02 0.11495364E-01 0.14879762E-01 0.19083421E-01 0.24223937E-01 0.30442249E-01 0.37929156E-01 0.46973770E-01 0.58041120E-01 0.71884165E-01 0.89691275E-01 0.11326224E+00 0.14518990E+00 0.18899000E+00 0.24905461E+00 0.33019925E+00 0.43647895E+00 0.56902339E+00 0.72320571E+00 0.88681768E+00 0.10425591E+01 0.11776473E+01 0.12989204E+01 0.14535784E+01 0.18273399E+01 0.34925615E+01 0.12258781E+02 0.53105825E+02 0.24075952E+03 0.10615417E+04 0.34911739E+04 0.10615417E+04 0.24075952E+03 0.53105825E+02 0.12258781E+02 0.34925615E+01 0.18273399E+01 0.14535784E+01 0.12989204E+01 0.11776473E+01 0.10425591E+01 0.88681768E+00 0.72320571E+00 0.56902339E+00 0.43647895E+00 0.33019925E+00
0.48708244E-02 0.64540220E-02 0.85405816E-02 0.11222639E-01 0.14601388E-01 0.18785921E-01 0.23896261E-01 0.30075059E-01 0.37513969E-01 0.46501845E-01 0.57501853E-01 0.71262773E-01 0.88965492E-01 0.11239785E+00 0.14413524E+00 0.18767044E+00 0.24737005E+00 0.32803104E+00 0.43371693E+00 0.56562386E+00 0.71927635E+00 0.88268016E+00 0.10386746E+01 0.11742801E+01 0.12954756E+01 0.14468962E+01 0.17997558E+01 0.33150503E+01 0.11126925E+02 0.46382041E+02 0.19737181E+03 0.73291576E+03 0.15186384E+04 0.73291576E+03 0.19737181E+03 0.46382041E+02 0.11126925E+02 0.33150503E+01 0.17997558E+01 0.14468962E+01 0.12954756E+01 0.11742801E+01 0.10386746E+01 0.88268016E+00 0.71927635E+00 0.56562386E+00 0.43371693E+00 0.32803104E+00
0.45675123E-02 0.61667202E-02 0.82451485E-02 0.10897822E-01 0.14228335E-01 0.18347380E-01 0.23375553E-01 0.29454533E-01 0.36772414E-01 0.45610115E-01 0.56415796E-01 0.69912416E-01 0.87239447E-01 0.11012223E+00 0.14104765E+00 0.18339342E+00 0.24139670E+00 0.31975125E+00 0.42253105E+00 0.55119370E+00 0.70190051E+00 0.86358582E+00 0.10197269E+01 0.11565472E+01 0.12764003E+01 0.14137161E+01 0.16882529E+01 0.26853244E+01 0.73359349E+01 0.26119163E+02 0.88031609E+02 0.23168641E+03 0.34103293E+03 0.23168641E+03 0.88031609E+02 0.26119163E+02 0.73359349E+01 0.26853244E+01 0.16882529E+01 0.14137161E+01 0.12764003E+01 0.11565472E+01 0.10197269E+01 0.86358582E+00 0.70190051E+00 0.55119370E+00 0.42253105E+00 0.31975125E+00
0.43140003E-02 0.58941330E-02 0.79287860E-02 0.10515111E-01 0.13757785E-01 0.17767640E-01 0.22664153E-01 0.28585671E-01 0.35712841E-01 0.44311873E-01 0.54804253E-01 0.67867849E-01 0.84570412E-01 0.10652950E+00 0.13607951E+00 0.17639912E+00 0.23149835E+00 0.30587950E+00 0.40360114E+00 0.52650732E+00 0.67176950E+00 0.82987873E+00 0.98557091E+00 0.11242566E+01 0.12432866E+01 0.13640204E+01 0.15546445E+01 0.20704970E+01 0.40256038E+01 0.10930493E+02 0.28736071E+02 0.57920213E+02 0.75439834E+02 0.57920213E+02 0.28736071E+02 0.10930493E+02 0.40256038E+01 0.20704970E+01 0.15546445E+01 0.13640204E+01 0.12432866E+01 0.11242566E+01 0.98557091E+00 0.82987873E+00 0.67176950E+00 0.52650732E+00 0.40360114E+00 0.30587950E+00
0.41070618E-02 0.56344361E-02 0.75919530E-02 0.10077304E-01 0.13194782E-01 0.17054009E-01 0.21771915E-01 0.27481601E-01 0.34353188E-01 0.42632807E-01 0.52705985E-01 0.65190049E-01 0.81056588E-01 0.10177864E+00 0.12948577E+00 0.16708738E+00 0.21828022E+00 0.28728479E+00 0.37808047E+00 0.49291955E+00 0.63017841E+00 0.78235686E+00 0.93614414E+00 0.10768201E+01 0.11970258E+01 0.13060767E+01 0.14383116E+01 0.16847134E+01 0.23433803E+01 0.42344827E+01 0.84399547E+01 0.14158616E+02 0.17094964E+02 0.14158616E+02 0.84399547E+01 0.42344827E+01 0.23433803E+01 0.16847134E+01 0.14383116E+01 0.13060767E+01 0.11970258E+01 0.10768201E+01 0.93614414E+00 0.78235686E+00 0.63017841E+00 0.49291955E+00 0.37808047E+00 0.28728479E+00
0.39537047E-02 0.53958195E-02 0.72442104E-02 0.95953183E-02 0.12551702E-01 0.16220636E-01 0.20715385E-01 0.26162438E-01 0.32719278E-01 0.40608341E-01 0.50172869E-01 0.61959003E-01 0.76825126E-01 0.96073850E-01 0.12159238E+00 0.15596890E+00 0.20251814E+00 0.26509315E+00 0.34749790E+00 0.45230896E+00 0.57909599E+00 0.72255730E+00 0.87192501E+00 0.10134732E+01 0.11367192E+01 0.12417359E+01 0.13434945E+01 0.14746561E+01 0.17014912E+01 0.21579496E+01 0.29816555E+01 0.39796153E+01 0.44621441E+01 0.39796153E+01 0.29816555E+01 0.21579496E+01 0.17014912E+01 0.14746561E+01 0.13434945E+01 0.12417359E+01 0.11367192E+01 0.10134732E+01 0.87192501E+00 0.72255730E+00 0.57909599E+00 0.45230896E+00 0.34749790E+00 0.26509315E+00
0.38707061E-02 0.51967821E-02 0.69048252E-02 0.90888227E-02 0.11848713E-01 0.15288659E-01 0.19517548E-01 0.24654473E-01 0.30843222E-01 0.38280776E-01 0.47264978E-01 0.58265340E-01 0.72018038E-01 0.89641186E-01 0.11275857E+00 0.14360622E+00 0.18507072E+00 0.24056685E+00 0.31361303E+00 0.40694801E+00 0.52113948E+00 0.65297513E+00 0.79450993E+00 0.93411014E+00 0.10603222E+01 0.11673437E+01 0.12587702E+01 0.13470972E+01 0.14502080E+01 0.15869668E+01 0.17631247E+01 0.19366594E+01 0.20131246E+01 0.19366594E+01 0.17631247E+01 0.15869668E+01 0.14502080E+01 0.13470972E+01 0.12587702E+01 0.11673437E+01 0.10603222E+01 0.93411014E+00 0.79450993E+00 0.65297513E+00 0.52113948E+00 0.40694801E+00 0.31361303E+00 0.24056685E+00
0.38830215E-02 0.50666441E-02 0.66044172E-02 0.85882225E-02 0.11115575E-01 0.14287529E-01 0.18208480E-01 0.22990025E-01 0.28762237E-01 0.35696689E-01 0.44045779E-01 0.54201980E-01 0.66778070E-01 0.82705151E-01 0.10333882E+00 0.13055352E+00 0.16678739E+00 0.21497078E+00 0.27823646E+00 0.35929174E+00 0.45939049E+00 0.57704742E+00 0.70701158E+00 0.84038788E+00 0.96668586E+00 0.10774948E+01 0.11698657E+01 0.12470053E+01 0.13155358E+01 0.13807478E+01 0.14417981E+01 0.14888893E+01 0.15071239E+01 0.14888893E+01 0.14417981E+01 0.13807478E+01 0.13155358E+01 0.12470053E+01 0.11698657E+01 0.10774948E+01 0.96668586E+00 0.84038788E+00 0.70701158E+00 0.57704742E+00 0.45939049E+00 0.35929174E+00 0.27823646E+00 0.21497078E+00
0.40202953E-02 0.50451390E-02 0.63871576E-02 0.81382184E-02 0.10395432E-01 0.13258271E-01 0.16827685E-01 0.21208628E-01 0.26518520E-01 0.32905185E-01 0.40578215E-01 0.49856996E-01 0.61236524E-01 0.75468513E-01 0.93650046E-01 0.11730438E+00 0.14842648E+00 0.18944679E+00 0.24304292E+00 0.31171364E+00 0.39705765E+00 0.49881533E+00 0.61395683E+00 0.73635780E+00 0.85765231E+00 0.96938188E+00 0.10656006E+01 0.11444017E+01 0.12073108E+01 0.12569479E+01 0.12945244E+01 0.13188126E+01 0.13273304E+01 0.13188126E+01 0.12945244E+01 0.12569479E+01 0.12073108E+01 0.11444017E+01 0.10656006E+01 0.96938188E+00 0.85765231E+00 0.73635780E+00 0.61395683E+00 0.49881533E+00 0.39705765E+00 0.31171364E+00 0.24304292E+00 0.18944679E+00
0.43120027E-02 0.51794171E-02 0.63118536E-02 0.78024154E-02 0.97511934E-02 0.12259963E-01 0.15429543E-01 0.19360893E-01 0.24161289E-01 0.29958010E-01 0.36922627E-01 0.45308767E-01 0.55504527E-01 0.68097754E-01 0.83948089E-01 0.10425398E+00 0.13059478E+00 0.16491623E+00 0.20941258E+00 0.26624768E+00 0.33706995E+00 0.42233828E+00 0.52060490E+00 0.62806331E+00 0.73875015E+00 0.84562009E+00 0.94223436E+00 0.10242839E+01 0.10901175E+01 0.11400642E+01 0.11751462E+01 0.11960817E+01 0.12030634E+01 0.11960817E+01 0.11751462E+01 0.11400642E+01 0.10901175E+01 0.10242839E+01 0.94223436E+00 0.84562009E+00 0.73875015E+00 0.62806331E+00 0.52060490E+00 0.42233828E+00 0.33706995E+00 0.26624768E+00 0.20941258E+00 0.16491623E+00
0.47838967E-02 0.55179208E-02 0.64488521E-02 0.76662899E-02 0.92738709E-02 0.11380709E-01 0.14094212E-01 0.17517573E-01 0.21753255E-01 0.26913269E-01 0.33137846E-01 0.40624526E-01 0.49668845E-01 0.60715486E-01 0.74415318E-01 0.91679368E-01 0.11371526E+00 0.14202454E+00 0.17833044E+00 0.22439929E+00 0.28172353E+00 0.35106759E+00 0.43194788E+00 0.52221435E+00 0.61796826E+00 0.71400466E+00 0.80475458E+00 0.88540039E+00 0.95267243E+00 0.10049932E+01 0.10420318E+01 0.10640404E+01 0.10713346E+01 0.10640404E+01 0.10420318E+01 0.10049932E+01 0.95267243E+00 0.88540039E+00 0.80475458E+00 0.71400466E+00 0.61796826E+00 0.52221435E+00 0.43194788E+00 0.35106759E+00 0.28172353E+00 0.22439929E+00 0.17833044E+00 0.14202454E+00
0.54585052E-02 0.61040944E-02 0.68707883E-02 0.78326689E-02 0.90878656E-02 0.10751955E-01 0.12946376E-01 0.15788031E-01 0.19385858E-01 0.23846413E-01 0.29288121E-01 0.35864002E-01 0.43793147E-01 0.53400161E-01 0.65159413E-01 0.79737469E-01 0.98023256E-01 0.12113107E+00 0.15035676E+00 0.18706406E+00 0.23248050E+00 0.28739955E+00 0.35182285E+00 0.42463092E+00 0.50341634E+00 0.58460945E+00 0.66393916E+00 0.73711692E+00 0.80050031E+00 0.85148817E+00 0.88854517E+00 0.91094580E+00 0.91843096E+00 0.91094580E+00 0.88854517E+00 0.85148817E+00 0.80050031E+00 0.73711692E+00 0.66393916E+00 0.58460945E+00 0.50341634E+00 0.42463092E+00 0.35182285E+00 0.28739955E+00 0.23248050E+00 0.18706406E+00 0.15035676E+00 0.12113107E+00
0.63593916E-02 0.69750156E-02 0.76414598E-02 0.84054140E-02 0.93415770E-02 0.10555745E-01 0.12178910E-01 0.14352277E-01 0.17210877E-01 0.20876113E-01 0.25461827E-01 0.31092002E-01 0.37926636E-01 0.46193317E-01 0.56221886E-01 0.68477662E-01 0.83585925E-01 0.10233741E+00 0.12566195E+00 0.15455605E+00 0.18995176E+00 0.23252369E+00 0.28245043E+00 0.33917660E+00 0.40124968E+00 0.46631289E+00 0.53130209E+00 0.59282138E+00 0.64759185E+00 0.69283163E+00 0.72646236E+00 0.74712752E+00 0.75409217E+00 0.74712752E+00 0.72646236E+00 0.69283163E+00 0.64759185E+00 0.59282138E+00 0.53130209E+00 0.46631289E+00 0.40124968E+00 0.33917660E+00 0.28245043E+00 0.23252369E+00 0.18995176E+00 0.15455605E+00 0.12566195E+00 0.10233741E+00
