Basic/Day4/qtaim/urea/crystal/pato/urea_cry_pl2d_pato.SURFGKIN
DSAA
 161 161
-0.75589045E+01  0.75589045E+01  0.94486307E-01
-0.75589045E+01  0.75589045E+01  0.94486307E-01
 0.00000000E+00  0.00000000E+00
[rows 88 to 109 of 161, columns 48 to 95 of 161]
0.24656714E+00 0.27597271E+00 0.31097213E+00 0.35389326E+00 0.40830736E+00 0.47676133E+00 0.55692142E+00 0.63801942E+00 0.70122327E+00 0.72693267E+00 0.70625861E+00 0.64716495E+00 0.56905646E+00 0.49131629E+00 0.42550753E+00 0.37452786E+00 0.33592751E+00 0.30570550E+00 0.28059827E+00 0.25877117E+00 0.23977611E+00 0.22455465E+00 0.21589819E+00 0.21953972E+00 0.24592865E+00 0.31314247E+00 0.45234001E+00 0.71501969E+00 0.11690351E+01 0.18537927E+01 0.26880575E+01 0.34146137E+01 0.37078193E+01 0.34146137E+01 0.26880575E+01 0.18537927E+01 0.11690351E+01 0.71501969E+00 0.45234001E+00 0.31314247E+00 0.24592865E+00 0.21953972E+00 0.21589819E+00 0.22455465E+00 0.23977611E+00 0.25877117E+00 0.28059827E+00 0.30570550E+00
0.21989566E+00 0.24343387E+00 0.26977515E+00 0.29862418E+00 0.33031447E+00 0.36491925E+00 0.40095382E+00 0.43439840E+00 0.45914370E+00 0.46933651E+00 0.46247365E+00 0.44092934E+00 0.41061137E+00 0.37789010E+00 0.34711518E+00 0.31997955E+00 0.29633262E+00 0.27535422E+00 0.25637196E+00 0.23926089E+00 0.22472559E+00 0.21486687E+00 0.21446635E+00 0.23339117E+00 0.29097871E+00 0.42585601E+00 0.71865906E+00 0.13276616E+01 0.24913314E+01 0.43899749E+01 0.68431568E+01 0.90845706E+01 0.10017736E+02 0.90845706E+01 0.68431568E+01 0.43899749E+01 0.24913314E+01 0.13276616E+01 0.71865906E+00 0.42585601E+00 0.29097871E+00 0.23339117E+00 0.21446635E+00 0.21486687E+00 0.22472559E+00 0.23926089E+00 0.25637196E+00 0.27535422E+00
0.19364362E+00 0.21302315E+00 0.23420140E+00 0.25599203E+00 0.27773823E+00 0.29891324E+00 0.31864831E+00 0.33543669E+00 0.34729709E+00 0.35246563E+00 0.35025309E+00 0.34145496E+00 0.32798794E+00 0.31203324E+00 0.29528807E+00 0.27870445E+00 0.26266212E+00 0.24730805E+00 0.23286960E+00 0.21993517E+00 0.20989890E+00 0.20599878E+00 0.21555950E+00 0.25433966E+00 0.35616052E+00 0.59935677E+00 0.11738405E+01 0.24920844E+01 0.52210262E+01 0.10012198E+02 0.16887325E+02 0.24049547E+02 0.27318257E+02 0.24049547E+02 0.16887325E+02 0.10012198E+02 0.52210262E+01 0.24920844E+01 0.11738405E+01 0.59935677E+00 0.35616052E+00 0.25433966E+00 0.21555950E+00 0.20599878E+00 0.20989890E+00 0.21993517E+00 0.23286960E+00 0.24730805E+00
0.16799369E+00 0.18411909E+00 0.20169435E+00 0.21932136E+00 0.23610882E+00 0.25145029E+00 0.26479019E+00 0.27549023E+00 0.28286571E+00 0.28637963E+00 0.28587666E+00 0.28169196E+00 0.27455016E+00 0.26532271E+00 0.25479865E+00 0.24358115E+00 0.23212026E+00 0.22082853E+00 0.21023730E+00 0.20124619E+00 0.19573151E+00 0.19809125E+00 0.21860388E+00 0.28047362E+00 0.43837269E+00 0.83580308E+00 0.18572724E+01 0.43872647E+01 0.10005334E+02 0.21262145E+02 0.41500430E+02 0.67374721E+02 0.80422956E+02 0.67374721E+02 0.41500430E+02 0.21262145E+02 0.10005334E+02 0.43872647E+01 0.18572724E+01 0.83580308E+00 0.43837269E+00 0.28047362E+00 0.21860388E+00 0.19809125E+00 0.19573151E+00 0.20124619E+00 0.21023730E+00 0.22082853E+00
0.14352250E+00 0.15687499E+00 0.17149510E+00 0.18607171E+00 0.19973683E+00 0.21192764E+00 0.22223926E+00 0.23033479E+00 0.23593460E+00 0.23886683E+00 0.23913235E+00 0.23693356E+00 0.23264169E+00 0.22671974E+00 0.21964427E+00 0.21186436E+00 0.20381141E+00 0.19595343E+00 0.18890171E+00 0.18367818E+00 0.18250365E+00 0.19083863E+00 0.22186581E+00 0.30667203E+00 0.52449507E+00 0.11026692E+01 0.26877911E+01 0.68313918E+01 0.16857894E+02 0.41449046E+02 0.96605421E+02 0.17992508E+03 0.23242467E+03 0.17992508E+03 0.96605421E+02 0.41449046E+02 0.16857894E+02 0.68313918E+01 0.26877911E+01 0.11026692E+01 0.52449507E+00 0.30667203E+00 0.22186581E+00 0.19083863E+00 0.18250365E+00 0.18367818E+00 0.18890171E+00 0.19595343E+00
0.12096967E+00 0.13183478E+00 0.14377029E+00 0.15569526E+00 0.16687287E+00 0.17682079E+00 0.18521440E+00 0.19182513E+00 0.19650221E+00 0.19918433E+00 0.19991891E+00 0.19886879E+00 0.19629715E+00 0.19253513E+00 0.18794717E+00 0.18291019E+00 0.17781678E+00 0.17310866E+00 0.16937106E+00 0.16763457E+00 0.17031078E+00 0.18360516E+00 0.22286285E+00 0.32540937E+00 0.59140872E+00 0.13234105E+01 0.34091188E+01 0.90592300E+01 0.23976755E+02 0.67180446E+02 0.17956815E+03 0.45920762E+03 0.70851723E+03 0.45920762E+03 0.17956815E+03 0.67180446E+02 0.23976755E+02 0.90592300E+01 0.34091188E+01 0.13234105E+01 0.59140872E+00 0.32540937E+00 0.22286285E+00 0.18360516E+00 0.17031078E+00 0.16763457E+00 0.16937106E+00 0.17310866E+00
0.10097715E+00 0.10958014E+00 0.11901245E+00 0.12847275E+00 0.13739952E+00 0.14541140E+00 0.15224625E+00 0.15772510E+00 0.16174251E+00 0.16427231E+00 0.16537584E+00 0.16520262E+00 0.16397906E+00 0.16198678E+00 0.15953791E+00 0.15695704E+00 0.15457940E+00 0.15277684E+00 0.15205202E+00 0.15336119E+00 0.15911431E+00 0.17573393E+00 0.21933249E+00 0.32960874E+00 0.61503676E+00 0.14087567E+01 0.36976924E+01 0.99802721E+01 0.27201923E+02 0.80058946E+02 0.23133853E+03 0.70531488E+03 0.59907472E+01 0.70531488E+03 0.23133853E+03 0.80058946E+02 0.27201923E+02 0.99802721E+01 0.36976924E+01 0.14087567E+01 0.61503676E+00 0.32960874E+00 0.21933249E+00 0.17573393E+00 0.15911431E+00 0.15336119E+00 0.15205202E+00 0.15277684E+00
0.83900539E-01 0.90477028E-01 0.97634279E-01 0.10483633E+00 0.11169798E+00 0.11794488E+00 0.12337802E+00 0.12785784E+00 0.13130530E+00 0.13371060E+00 0.13514025E+00 0.13573637E+00 0.13570529E+00 0.13529706E+00 0.13478086E+00 0.13442525E+00 0.13449346E+00 0.13526724E+00 0.13713978E+00 0.14092966E+00 0.14883973E+00 0.16689581E+00 0.21030900E+00 0.31630871E+00 0.58492665E+00 0.13182675E+01 0.34025177E+01 0.90439261E+01 0.23926983E+02 0.66986329E+02 0.17885759E+03 0.45613407E+03 0.70215430E+03 0.45613407E+03 0.17885759E+03 0.66986329E+02 0.23926983E+02 0.90439261E+01 0.34025177E+01 0.13182675E+01 0.58492665E+00 0.31630871E+00 0.21030900E+00 0.16689581E+00 0.14883973E+00 0.14092966E+00 0.13713978E+00 0.13526724E+00
0.69750309E-01 0.74571350E-01 0.79762064E-01 0.85002131E-01 0.90055983E-01 0.94746741E-01 0.98938011E-01 0.10253106E+00 0.10547326E+00 0.10776966E+00 0.10949060E+00 0.11077060E+00 0.11179643E+00 0.11278599E+00 0.11396286E+00 0.11553544E+00 0.11769132E+00 0.12062017E+00 0.12459935E+00 0.13026899E+00 0.13945721E+00 0.15727178E+00 0.19662254E+00 0.28840349E+00 0.51163589E+00 0.10930147E+01 0.26769882E+01 0.68092314E+01 0.16795688E+02 0.41242910E+02 0.95996826E+02 0.17850470E+03 0.23026193E+03 0.17850470E+03 0.95996826E+02 0.41242910E+02 0.16795688E+02 0.68092314E+01 0.26769882E+01 0.10930147E+01 0.51163589E+00 0.28840349E+00 0.19662254E+00 0.15727178E+00 0.13945721E+00 0.13026899E+00 0.12459935E+00 0.12062017E+00
0.58252647E-01 0.61621233E-01 0.65210963E-01 0.68856304E-01 0.72432991E-01 0.75842049E-01 0.79002465E-01 0.81855424E-01 0.84375806E-01 0.86584447E-01 0.88555459E-01 0.90414703E-01 0.92327846E-01 0.94479403E-01 0.97047735E-01 0.10018452E+00 0.10400916E+00 0.10862979E+00 0.11421611E+00 0.12121726E+00 0.13099987E+00 0.14746414E+00 0.18047657E+00 0.25294708E+00 0.41929479E+00 0.82246270E+00 0.18451531E+01 0.43671568E+01 0.99575924E+01 0.21138224E+02 0.41193214E+02 0.66795474E+02 0.79699235E+02 0.66795474E+02 0.41193214E+02 0.21138224E+02 0.99575924E+01 0.43671568E+01 0.18451531E+01 0.82246270E+00 0.41929479E+00 0.25294708E+00 0.18047657E+00 0.14746414E+00 0.13099987E+00 0.12121726E+00 0.11421611E+00 0.10862979E+00
0.48974446E-01 0.51206453E-01 0.53574416E-01 0.56012001E-01 0.58468795E-01 0.60901449E-01 0.63272511E-01 0.65557453E-01 0.67756190E-01 0.69904162E-01 0.72078507E-01 0.74396101E-01 0.77002140E-01 0.80050516E-01 0.83680485E-01 0.87997417E-01 0.93067189E-01 0.98933934E-01 0.10567772E+00 0.11357206E+00 0.12352775E+00 0.13821712E+00 0.16443676E+00 0.21754445E+00 0.33108039E+00 0.58300961E+00 0.11621980E+01 0.24784143E+01 0.51936780E+01 0.99526174E+01 0.16769645E+02 0.23858691E+02 0.27090538E+02 0.23858691E+02 0.16769645E+02 0.99526174E+01 0.51936780E+01 0.24784143E+01 0.11621980E+01 0.58300961E+00 0.33108039E+00 0.21754445E+00 0.16443676E+00 0.13821712E+00 0.12352775E+00 0.11357206E+00 0.10567772E+00 0.98933934E-01
0.41450198E-01 0.42849692E-01 0.44348385E-01 0.45936731E-01 0.47608374E-01 0.49355933E-01 0.51172808E-01 0.53060503E-01 0.55038623E-01 0.57153941E-01 0.59485096E-01 0.62140335E-01 0.65247118E-01 0.68934581E-01 0.73312605E-01 0.78454150E-01 0.84389185E-01 0.91118189E-01 0.98655169E-01 0.10713324E+00 0.11708363E+00 0.13013822E+00 0.15050710E+00 0.18756098E+00 0.26030492E+00 0.40713328E+00 0.70826574E+00 0.13208993E+01 0.24815726E+01 0.43689092E+01 0.68035564E+01 0.90257453E+01 0.99503463E+01 0.90257453E+01 0.68035564E+01 0.43689092E+01 0.24815726E+01 0.13208993E+01 0.70826574E+00 0.40713328E+00 0.26030492E+00 0.18756098E+00 0.15050710E+00 0.13013822E+00 0.11708363E+00 0.10713324E+00 0.98655169E-01 0.91118189E-01
0.35270056E-01 0.36106734E-01 0.37034992E-01 0.38074045E-01 0.39241159E-01 0.40550163E-01 0.42014316E-01 0.43652776E-01 0.45498625E-01 0.47605854E-01 0.50052746E-01 0.52939593E-01 0.56379709E-01 0.60484381E-01 0.65344663E-01 0.71015354E-01 0.77508117E-01 0.84800287E-01 0.92865269E-01 0.10173970E+00 0.11168360E+00 0.12357355E+00 0.13973713E+00 0.16536483E+00 0.21050117E+00 0.29302130E+00 0.44398710E+00 0.71469740E+00 0.11725883E+01 0.18568076E+01 0.26870110E+01 0.34086991E+01 0.36997254E+01 0.34086991E+01 0.26870110E+01 0.18568076E+01 0.11725883E+01 0.71469740E+00 0.44398710E+00 0.29302130E+00 0.21050117E+00 0.16536483E+00 0.13973713E+00 0.12357355E+00 0.11168360E+00 0.10173970E+00 0.92865269E-01 0.84800287E-01
0.30117896E-01 0.30612125E-01 0.31203560E-01 0.31923854E-01 0.32801466E-01 0.33861586E-01 0.35129084E-01 0.36633781E-01 0.38416635E-01 0.40534998E-01 0.43065066E-01 0.46099921E-01 0.49742232E-01 0.54091924E-01 0.59230853E-01 0.65208536E-01 0.72034445E-01 0.79682279E-01 0.88110037E-01 0.97301424E-01 0.10735161E+00 0.11866409E+00 0.13237049E+00 0.15104464E+00 0.17959652E+00 0.22607339E+00 0.30219627E+00 0.42315163E+00 0.60385198E+00 0.84615182E+00 0.11175607E+01 0.13418878E+01 0.14301812E+01 0.13418878E+01 0.11175607E+01 0.84615182E+00 0.60385198E+00 0.42315163E+00 0.30219627E+00 0.22607339E+00 0.17959652E+00 0.15104464E+00 0.13237049E+00 0.11866409E+00 0.10735161E+00 0.97301424E-01 0.88110037E-01 0.79682279E-01
0.25770290E-01 0.26087937E-01 0.26511889E-01 0.27077784E-01 0.27818443E-01 0.28764423E-01 0.29946616E-01 0.31400383E-01 0.33170245E-01 0.35313889E-01 0.37904143E-01 0.41027680E-01 0.44779644E-01 0.49254191E-01 0.54532212E-01 0.60669074E-01 0.67686509E-01 0.75573005E-01 0.84295599E-01 0.93824551E-01 0.10417721E+00 0.11550617E+00 0.12828289E+00 0.14361807E+00 0.16365542E+00 0.19180116E+00 0.23246429E+00 0.29003224E+00 0.36673064E+00 0.45897976E+00 0.55333793E+00 0.62653286E+00 0.65443183E+00 0.62653286E+00 0.55333793E+00 0.45897976E+00 0.36673064E+00 0.29003224E+00 0.23246429E+00 0.19180116E+00 0.16365542E+00 0.14361807E+00 0.12828289E+00 0.11550617E+00 0.10417721E+00 0.93824551E-01 0.84295599E-01 0.75573005E-01
0.22075684E-01 0.22331439E-01 0.22701680E-01 0.23222132E-01 0.23926558E-01 0.24847490E-01 0.26018353E-01 0.27476632E-01 0.29267471E-01 0.31446892E-01 0.34083707E-01 0.37259219E-01 0.41063973E-01 0.45591332E-01 0.50928471E-01 0.57146580E-01 0.64293126E-01 0.72389508E-01 0.81436408E-01 0.91427084E-01 0.10236817E+00 0.11431325E+00 0.12742688E+00 0.14209985E+00 0.15909777E+00 0.17963470E+00 0.20518399E+00 0.23687637E+00 0.27450677E+00 0.31541726E+00 0.35387809E+00 0.38193950E+00 0.39229611E+00 0.38193950E+00 0.35387809E+00 0.31541726E+00 0.27450677E+00 0.23687637E+00 0.20518399E+00 0.17963470E+00 0.15909777E+00 0.14209985E+00 0.12742688E+00 0.11431325E+00 0.10236817E+00 0.91427084E-01 0.81436408E-01 0.72389508E-01
0.18929849E-01 0.19195792E-01 0.19582450E-01 0.20124097E-01 0.20853890E-01 0.21804546E-01 0.23009976E-01 0.24507716E-01 0.26341780E-01 0.28565511E-01 0.31243812E-01 0.34454145E-01 0.38285627E-01 0.42835828E-01 0.48205358E-01 0.54491143E-01 0.61780191E-01 0.70146072E-01 0.79649760E-01 0.90344424E-01 0.10228142E+00 0.11551492E+00 0.13010741E+00 0.14614454E+00 0.16376090E+00 0.18314729E+00 0.20447040E+00 0.22763889E+00 0.25193646E+00 0.27568421E+00 0.29620292E+00 0.31031529E+00 0.31536712E+00 0.31031529E+00 0.29620292E+00 0.27568421E+00 0.25193646E+00 0.22763889E+00 0.20447040E+00 0.18314729E+00 0.16376090E+00 0.14614454E+00 0.13010741E+00 0.11551492E+00 0.10228142E+00 0.90344424E-01 0.79649760E-01 0.70146072E-01
0.16256210E-01 0.16572217E-01 0.17013732E-01 0.17613156E-01 0.18402450E-01 0.19413635E-01 0.20680008E-01 0.22238032E-01 0.24129789E-01 0.26405814E-01 0.29128026E-01 0.32372311E-01 0.36230224E-01 0.40809285E-01 0.46231589E-01 0.52631021E-01 0.60149943E-01 0.68936524E-01 0.79143093E-01 0.90923841E-01 0.10442746E+00 0.11977905E+00 0.13704867E+00 0.15621109E+00 0.17710742E+00 0.19941539E+00 0.22262008E+00 0.24596688E+00 0.26839717E+00 0.28851422E+00 0.30466463E+00 0.31519776E+00 0.31886495E+00 0.31519776E+00 0.30466463E+00 0.28851422E+00 0.26839717E+00 0.24596688E+00 0.22262008E+00 0.19941539E+00 0.17710742E+00 0.15621109E+00 0.13704867E+00 0.11977905E+00 0.10442746E+00 0.90923841E-01 0.79143093E-01 0.68936524E-01
0.13993218E-01 0.14376853E-01 0.14890261E-01 0.15564045E-01 0.16428837E-01 0.17515596E-01 0.18856490E-01 0.20486467E-01 0.22445600E-01 0.24782274E-01 0.27557164E-01 0.30847749E-01 0.34752943E-01 0.39397286E-01 0.44934253E-01 0.51548554E-01 0.59457609E-01 0.68912006E-01 0.80193240E-01 0.93604129E-01 0.10944449E+00 0.12796458E+00 0.14929421E+00 0.17335721E+00 0.19979292E+00 0.22791149E+00 0.25669948E+00 0.28487380E+00 0.31096812E+00 0.33344058E+00 0.35080646E+00 0.36180285E+00 0.36557035E+00 0.36180285E+00 0.35080646E+00 0.33344058E+00 0.31096812E+00 0.28487380E+00 0.25669948E+00 0.22791149E+00 0.19979292E+00 0.17335721E+00 0.14929421E+00 0.12796458E+00 0.10944449E+00 0.93604129E-01 0.80193240E-01 0.68912006E-01
0.12087620E-01 0.12542324E-01 0.13131279E-01 0.13883567E-01 0.14828582E-01 0.15996140E-01 0.17417147E-01 0.19125065E-01 0.21158460E-01 0.23564886E-01 0.26406293E-01 0.29765864E-01 0.33756018E-01 0.38527106E-01 0.44276402E-01 0.51257121E-01 0.59786938E-01 0.70253913E-01 0.83114454E-01 0.98873408E-01 0.11803377E+00 0.14100703E+00 0.16798821E+00 0.19881989E+00 0.23288684E+00 0.26908489E+00 0.30588517E+00 0.34147887E+00 0.37395810E+00 0.40148861E+00 0.42245488E+00 0.43558390E+00 0.44005502E+00 0.43558390E+00 0.42245488E+00 0.40148861E+00 0.37395810E+00 0.34147887E+00 0.30588517E+00 0.26908489E+00 0.23288684E+00 0.19881989E+00 0.16798821E+00 0.14100703E+00 0.11803377E+00 0.98873408E-01 0.83114454E-01 0.70253913E-01
0.10491536E-01 0.11012754E-01 0.11673329E-01 0.12501159E-01 0.13524587E-01 0.14772374E-01 0.16274287E-01 0.18062687E-01 0.20175565E-01 0.22661499E-01 0.25586886E-01 0.29045578E-01 0.33170843E-01 0.38149448E-01 0.44237763E-01 0.51779641E-01 0.61224529E-01 0.73140642E-01 0.88211633E-01 0.10719851E+00 0.13084733E+00 0.15973479E+00 0.19407068E+00 0.23350990E+00 0.27704671E+00 0.32304768E+00 0.36942442E+00 0.41388028E+00 0.45413700E+00 0.48808455E+00 0.51387325E+00 0.53001207E+00 0.53550876E+00 0.53001207E+00 0.51387325E+00 0.48808455E+00 0.45413700E+00 0.41388028E+00 0.36942442E+00 0.32304768E+00 0.27704671E+00 0.23350990E+00 0.19407068E+00 0.15973479E+00 0.13084733E+00 0.10719851E+00 0.88211633E-01 0.73140642E-01
0.91614993E-02 0.97409019E-02 0.10465486E-01 0.11362303E-01 0.12458874E-01 0.13783098E-01 0.15363905E-01 0.17233179E-01 0.19429581E-01 0.22004936E-01 0.25033721E-01 0.28626043E-01 0.32944306E-01 0.38223898E-01 0.44798293E-01 0.53128352E-01 0.63832516E-01 0.77707454E-01 0.95717955E-01 0.11892605E+00 0.14833290E+00 0.18463387E+00 0.22793680E+00 0.27754430E+00 0.33191227E+00 0.38883475E+00 0.44578208E+00 0.50021599E+00 0.54972159E+00 0.59194812E+00 0.62453158E+00 0.64522893E+00 0.65234241E+00 0.64522893E+00 0.62453158E+00 0.59194812E+00 0.54972159E+00 0.50021599E+00 0.44578208E+00 0.38883475E+00 0.33191227E+00 0.27754430E+00 0.22793680E+00 0.18463387E+00 0.14833290E+00 0.11892605E+00 0.95717955E-01 0.77707454E-01
