Basic/Day4/qtaim/urea/crystal/pato/urea_cry_pl2d_pato.SURFKKIN
DSAA
 161 161
-0.75589045E+01  0.75589045E+01  0.94486307E-01
-0.75589045E+01  0.75589045E+01  0.94486307E-01
 0.00000000E+00  0.00000000E+00
[rows 110 to 131 of 161, columns 96 to 143 of 161]
0.20444096E-02 0.27628655E-02 0.31471855E-02 0.30338086E-02 0.24999906E-02 0.17167347E-02 0.85908031E-03 0.61256988E-04 -0.59688690E-03 -0.10847437E-02 -0.14073462E-02 -0.15903412E-02 -0.16674594E-02 -0.16719325E-02 -0.16317458E-02 -0.15678773E-02 -0.14944913E-02 -0.14201821E-02 -0.13495927E-02 -0.12849744E-02 -0.12274423E-02 -0.11778324E-02 -0.11371626E-02 -0.11067746E-02 -0.10882400E-02 -0.10831614E-02 -0.10929298E-02 -0.11184621E-02 -0.11599408E-02 -0.12164400E-02 -0.12853730E-02 -0.13616638E-02 -0.14366148E-02 -0.14965631E-02 -0.15216067E-02 -0.14849360E-02 -0.13535996E-02 -0.10917793E-02 -0.66769707E-03 -0.64855183E-04 0.70285663E-03 0.15748591E-02 0.24321807E-02 0.30999346E-02 0.33770409E-02 0.31088202E-02 0.23191828E-02 0.14179880E-02
0.98966674E-03 0.20156003E-02 0.28233616E-02 0.30549037E-02 0.27271291E-02 0.20197686E-02 0.11447586E-02 0.27776646E-03 -0.46704560E-03 -0.10358965E-02 -0.14213697E-02 -0.16449599E-02 -0.17416532E-02 -0.17488235E-02 -0.16996337E-02 -0.16200876E-02 -0.15285641E-02 -0.14367649E-02 -0.13512711E-02 -0.12751835E-02 -0.12095485E-02 -0.11544423E-02 -0.11096913E-02 -0.10752850E-02 -0.10515311E-02 -0.10390700E-02 -0.10387782E-02 -0.10515900E-02 -0.10782547E-02 -0.11189487E-02 -0.11726999E-02 -0.12365547E-02 -0.13044698E-02 -0.13659958E-02 -0.14049628E-02 -0.13985827E-02 -0.13176185E-02 -0.11285038E-02 -0.79837982E-03 -0.30376784E-03 0.35720592E-03 0.11507718E-02 0.19957926E-02 0.27614249E-02 0.32839301E-02 0.34141431E-02 0.31072214E-02 0.25641951E-02
0.35767292E-03 0.13805116E-02 0.24872543E-02 0.30314123E-02 0.29177659E-02 0.23077542E-02 0.14372791E-02 0.51831282E-03 -0.30179735E-03 -0.94540355E-03 -0.13913362E-02 -0.16556039E-02 -0.17733085E-02 -0.17850647E-02 -0.17285330E-02 -0.16342614E-02 -0.15245468E-02 -0.14140885E-02 -0.13114856E-02 -0.12209505E-02 -0.11438804E-02 -0.10801199E-02 -0.10288726E-02 -0.98930250E-03 -0.96085772E-03 -0.94343165E-03 -0.93737546E-03 -0.94340053E-03 -0.96238747E-03 -0.99504636E-03 -0.10413971E-02 -0.11000148E-02 -0.11670181E-02 -0.12348362E-02 -0.12908986E-02 -0.13165445E-02 -0.12866441E-02 -0.11706253E-02 -0.93569806E-03 -0.55298418E-03 -0.66737267E-05 0.69479019E-03 0.15082542E-02 0.23511704E-02 0.31096872E-02 0.36677999E-02 0.39654816E-02 0.40914406E-02
0.20432163E-03 0.89242715E-03 0.21533680E-02 0.29617269E-02 0.30595994E-02 0.25627995E-02 0.17171152E-02 0.76424698E-03 -0.11770238E-03 -0.82750808E-03 -0.13295718E-02 -0.16334184E-02 -0.17732585E-02 -0.17920598E-02 -0.17312508E-02 -0.16253566E-02 -0.15001866E-02 -0.13731897E-02 -0.12548880E-02 -0.11506539E-02 -0.10624054E-02 -0.99001359E-03 -0.93236037E-03 -0.88807809E-03 -0.85599095E-03 -0.83538220E-03 -0.82608898E-03 -0.82849098E-03 -0.84336764E-03 -0.87165901E-03 -0.91403336E-03 -0.97025531E-03 -0.10383071E-02 -0.11132702E-02 -0.11860449E-02 -0.12421017E-02 -0.12606112E-02 -0.12144562E-02 -0.10717729E-02 -0.79960264E-03 -0.36992544E-03 0.23239175E-03 0.10015070E-02 0.19056546E-02 0.28901756E-02 0.38941630E-02 0.48859041E-02 0.59202453E-02
0.53027052E-03 0.57630339E-03 0.18436393E-02 0.28557656E-02 0.31504151E-02 0.27739842E-02 0.19686545E-02 0.99851401E-03 0.68820575E-04 -0.69698854E-03 -0.12489953E-02 -0.15897229E-02 -0.17517237E-02 -0.17795141E-02 -0.17175552E-02 -0.16037318E-02 -0.14668848E-02 -0.13268722E-02 -0.11959329E-02 -0.10805157E-02 -0.98307845E-03 -0.90361551E-03 -0.84083249E-03 -0.79297882E-03 -0.75839879E-03 -0.73585461E-03 -0.72470168E-03 -0.72494156E-03 -0.73716021E-03 -0.76237564E-03 -0.80172364E-03 -0.85596222E-03 -0.92473940E-03 -0.10055983E-02 -0.10927392E-02 -0.11756392E-02 -0.12377336E-02 -0.12555231E-02 -0.11985399E-02 -0.10306560E-02 -0.71304676E-03 -0.20862893E-03 0.51296317E-03 0.14718572E-02 0.26788429E-02 0.41441432E-02 0.58970207E-02 0.80174959E-02
0.12560672E-02 0.43244837E-03 0.15790729E-02 0.27307705E-02 0.31966881E-02 0.29377358E-02 0.21816136E-02 0.12075696E-02 0.24354919E-03 -0.56720370E-03 -0.11614173E-02 -0.15346693E-02 -0.17174094E-02 -0.17550414E-02 -0.16943597E-02 -0.15759718E-02 -0.14312231E-02 -0.12819808E-02 -0.11419259E-02 -0.10184214E-02 -0.91439725E-03 -0.82997617E-03 -0.76373903E-03 -0.71363693E-03 -0.67760995E-03 -0.65396838E-03 -0.64162588E-03 -0.64021299E-03 -0.65009359E-03 -0.67230291E-03 -0.70835260E-03 -0.75987191E-03 -0.82801857E-03 -0.91260266E-03 -0.10108908E-02 -0.11160986E-02 -0.12156818E-02 -0.12895981E-02 -0.13088318E-02 -0.12345081E-02 -0.10178706E-02 -0.60112298E-03 0.81221317E-04 0.11014373E-02 0.25395327E-02 0.44875551E-02 0.70582309E-02 0.10397629E-01
0.22192718E-02 0.43003211E-03 0.13734098E-02 0.26066053E-02 0.32107220E-02 0.30565840E-02 0.23509598E-02 0.13820138E-02 0.39542897E-03 -0.44905509E-03 -0.10766182E-02 -0.14765549E-02 -0.16771325E-02 -0.17241636E-02 -0.16661441E-02 -0.15457723E-02 -0.13963481E-02 -0.12413129E-02 -0.10954748E-02 -0.96690499E-03 -0.85889135E-03 -0.77164070E-03 -0.70361582E-03 -0.65250754E-03 -0.61590491E-03 -0.59172138E-03 -0.57847577E-03 -0.57545767E-03 -0.58282517E-03 -0.60161084E-03 -0.63365713E-03 -0.68137504E-03 -0.74728619E-03 -0.83325119E-03 -0.93929557E-03 -0.10619946E-02 -0.11923730E-02 -0.13133988E-02 -0.13971698E-02 -0.14019755E-02 -0.12693967E-02 -0.92157652E-03 -0.25866729E-03 0.84363030E-03 0.25364848E-02 0.50000269E-02 0.84441320E-02 0.13106009E-01
0.31992898E-02 0.51233418E-03 0.12310272E-02 0.25018881E-02 0.32073095E-02 0.31369775E-02 0.24758229E-02 0.15162917E-02 0.51673197E-03 -0.35063894E-03 -0.10020023E-02 -0.14216007E-02 -0.16358016E-02 -0.16905420E-02 -0.16354716E-02 -0.15147702E-02 -0.13631358E-02 -0.12051318E-02 -0.10563579E-02 -0.92536588E-03 -0.81566418E-03 -0.72747707E-03 -0.65913375E-03 -0.60808396E-03 -0.57160574E-03 -0.54726564E-03 -0.53323854E-03 -0.52852029E-03 -0.53308559E-03 -0.54797931E-03 -0.57534427E-03 -0.61829418E-03 -0.68056414E-03 -0.76582026E-03 -0.87649291E-03 -0.10120277E-02 -0.11664212E-02 -0.13249777E-02 -0.14602401E-02 -0.15271151E-02 -0.14572334E-02 -0.11527204E-02 -0.47967156E-03 0.73802853E-03 0.27233547E-02 0.57472321E-02 0.10123092E-01 0.16191405E-01
0.39658202E-02 0.61284929E-03 0.11494068E-02 0.24317667E-02 0.32006795E-02 0.31868145E-02 0.25579077E-02 0.16078510E-02 0.60270367E-03 -0.27734839E-03 -0.94262370E-03 -0.13740183E-02 -0.15965954E-02 -0.16563091E-02 -0.16034990E-02 -0.14832490E-02 -0.13311049E-02 -0.11722959E-02 -0.10228706E-02 -0.89162634E-03 -0.78214760E-03 -0.69460152E-03 -0.62716049E-03 -0.57704555E-03 -0.54125890E-03 -0.51706845E-03 -0.50235793E-03 -0.49587904E-03 -0.49745936E-03 -0.50817648E-03 -0.53044497E-03 -0.56800350E-03 -0.62564567E-03 -0.70857257E-03 -0.82122707E-03 -0.96538248E-03 -0.11373118E-02 -0.13238341E-02 -0.14970464E-02 -0.16076120E-02 -0.15765074E-02 -0.12854190E-02 -0.56632481E-03 0.80844454E-03 0.31332834E-02 0.67697531E-02 0.12135381E-01 0.19675856E-01
0.43372573E-02 0.67677946E-03 0.11244569E-02 0.24071497E-02 0.32021064E-02 0.32131726E-02 0.25998459E-02 0.16561061E-02 0.65096712E-03 -0.23221492E-03 -0.90142063E-03 -0.13362331E-02 -0.15612329E-02 -0.16224175E-02 -0.15704238E-02 -0.14506948E-02 -0.12990881E-02 -0.11410487E-02 -0.99273521E-03 -0.86295854E-03 -0.75523614E-03 -0.66960464E-03 -0.60405653E-03 -0.55559597E-03 -0.52098368E-03 -0.49723673E-03 -0.48200061E-03 -0.47383313E-03 -0.47245651E-03 -0.47898667E-03 -0.49609436E-03 -0.52806183E-03 -0.58056571E-03 -0.66007842E-03 -0.77264318E-03 -0.92179790E-03 -0.11053668E-02 -0.13108084E-02 -0.15088041E-02 -0.16447747E-02 -0.16281614E-02 -0.13196056E-02 -0.51682951E-03 0.10588543E-02 0.37718213E-02 0.80716485E-02 0.14475859E-01 0.23529863E-01
0.42300648E-02 0.67986921E-03 0.11557162E-02 0.24345991E-02 0.32182258E-02 0.32205392E-02 0.26038084E-02 0.16614785E-02 0.66088973E-03 -0.21633904E-03 -0.87954351E-03 -0.13091783E-02 -0.15302732E-02 -0.15889691E-02 -0.15358527E-02 -0.14162108E-02 -0.12656968E-02 -0.11095368E-02 -0.96367328E-03 -0.83670857E-03 -0.73195892E-03 -0.64926328E-03 -0.58641532E-03 -0.54021640E-03 -0.50722093E-03 -0.48424239E-03 -0.46873948E-03 -0.45912395E-03 -0.45504731E-03 -0.45767485E-03 -0.46991048E-03 -0.49648426E-03 -0.54379731E-03 -0.61931867E-03 -0.73029464E-03 -0.88148595E-03 -0.10715758E-02 -0.12878358E-02 -0.14986119E-02 -0.16431686E-02 -0.16186326E-02 -0.12641684E-02 -0.34344070E-03 0.14720484E-02 0.46139329E-02 0.96149212E-02 0.17084850E-01 0.27658480E-01
0.36819928E-02 0.63706707E-03 0.12485155E-02 0.25159721E-02 0.32499381E-02 0.32096860E-02 0.25705771E-02 0.16246863E-02 0.63304425E-03 -0.22931534E-03 -0.87671311E-03 -0.12926173E-02 -0.15034224E-02 -0.15555155E-02 -0.14991027E-02 -0.13788223E-02 -0.12296322E-02 -0.10761294E-02 -0.93373437E-03 -0.81063641E-03 -0.70982962E-03 -0.63089756E-03 -0.57142249E-03 -0.52802043E-03 -0.49707546E-03 -0.47524352E-03 -0.45984438E-03 -0.44918841E-03 -0.44288646E-03 -0.44215920E-03 -0.45010454E-03 -0.47181602E-03 -0.51425902E-03 -0.58564172E-03 -0.69404687E-03 -0.84497181E-03 -0.10373562E-02 -0.12575930E-02 -0.14709712E-02 -0.16099570E-02 -0.15589724E-02 -0.11358227E-02 -0.71099709E-04 0.20111665E-02 0.56055442E-02 0.11320825E-01 0.19848842E-01 0.31900739E-01
0.28405271E-02 0.59719757E-03 0.14115927E-02 0.26473182E-02 0.32918128E-02 0.31772447E-02 0.24991605E-02 0.15463617E-02 0.56882498E-03 -0.26960911E-03 -0.89158069E-03 -0.12854816E-02 -0.14798443E-02 -0.15213417E-02 -0.14594574E-02 -0.13377077E-02 -0.11898947E-02 -0.10396078E-02 -0.90146927E-03 -0.78307433E-03 -0.68699141E-03 -0.61250321E-03 -0.55697526E-03 -0.51685845E-03 -0.48840439E-03 -0.46815422E-03 -0.45333383E-03 -0.44218717E-03 -0.43430828E-03 -0.43097444E-03 -0.43543207E-03 -0.45306218E-03 -0.49123087E-03 -0.55865610E-03 -0.66393905E-03 -0.81291014E-03 -0.10042969E-02 -0.12231267E-02 -0.14312152E-02 -0.15540297E-02 -0.14635230E-02 -0.95712907E-03 0.26547047E-03 0.26238468E-02 0.66693060E-02 0.13077624E-01 0.22610500E-01 0.36041677E-01
0.19199761E-02 0.62517276E-03 0.16507823E-02 0.28172588E-02 0.33320612E-02 0.31159942E-02 0.23869525E-02 0.14269949E-02 0.47022139E-03 -0.33487989E-03 -0.92208651E-03 -0.12862216E-02 -0.14584814E-02 -0.14857457E-02 -0.14164040E-02 -0.12923935E-02 -0.11459386E-02 -0.99928455E-03 -0.86601666E-03 -0.75298449E-03 -0.66224885E-03 -0.59275951E-03 -0.54166928E-03 -0.50528866E-03 -0.47976929E-03 -0.46157967E-03 -0.44788955E-03 -0.43690789E-03 -0.42822611E-03 -0.42316842E-03 -0.42509285E-03 -0.43956729E-03 -0.47423307E-03 -0.53810595E-03 -0.64004700E-03 -0.78591585E-03 -0.97391857E-03 -0.11874855E-02 -0.13849124E-02 -0.14850176E-02 -0.13483053E-02 -0.75390936E-03 0.62580214E-03 0.32483507E-02 0.77135876E-02 0.14753309E-01 0.25185827E-01 0.39833943E-01
0.11412808E-02 0.77799879E-03 0.19612833E-02 0.30057055E-02 0.33532781E-02 0.30158342E-02 0.22303596E-02 0.12671436E-02 0.33971349E-03 -0.42226786E-03 -0.96582017E-03 -0.12931720E-02 -0.14383871E-02 -0.14483231E-02 -0.13698639E-02 -0.12429338E-02 -0.10978044E-02 -0.95509228E-03 -0.82715316E-03 -0.71997424E-03 -0.63505170E-03 -0.57098801E-03 -0.52473211E-03 -0.49248182E-03 -0.47032479E-03 -0.45469153E-03 -0.44272716E-03 -0.43262769E-03 -0.42398988E-03 -0.41816377E-03 -0.41857605E-03 -0.43089970E-03 -0.46291026E-03 -0.52376258E-03 -0.62237374E-03 -0.76443350E-03 -0.94749004E-03 -0.11533994E-02 -0.13372997E-02 -0.14122953E-02 -0.12293010E-02 -0.55237789E-03 0.96831468E-03 0.38207790E-02 0.86432942E-02 0.16211124E-01 0.27385306E-01 0.43024781E-01
0.67379629E-03 0.10829826E-02 0.23217912E-02 0.31839741E-02 0.33341447E-02 0.28653604E-02 0.20257655E-02 0.10678077E-02 0.18023477E-03 -0.52865835E-03 -0.10203771E-02 -0.13049165E-02 -0.14190561E-02 -0.14092438E-02 -0.13204148E-02 -0.11900800E-02 -0.10462423E-02 -0.90766742E-03 -0.78533866E-03 -0.68430666E-03 -0.60547430E-03 -0.54709838E-03 -0.50594357E-03 -0.47813067E-03 -0.45970924E-03 -0.44710436E-03 -0.43746047E-03 -0.42897372E-03 -0.42124251E-03 -0.41562135E-03 -0.41555059E-03 -0.42672495E-03 -0.45693868E-03 -0.51534835E-03 -0.61078050E-03 -0.74865614E-03 -0.92588723E-03 -0.11230308E-02 -0.12928004E-02 -0.13440735E-02 -0.11208213E-02 -0.37633412E-03 0.12549452E-02 0.42823936E-02 0.93709400E-02 0.17325518E-01 0.29035687E-01 0.45384136E-01
0.59619420E-03 0.15253725E-02 0.26931629E-02 0.33170819E-02 0.32521148E-02 0.26538622E-02 0.17706614E-02 0.83086442E-03 -0.48381089E-05 -0.65092369E-03 -0.10836853E-02 -0.13206156E-02 -0.14007138E-02 -0.13694926E-02 -0.12694820E-02 -0.11354278E-02 -0.99281965E-03 -0.85841893E-03 -0.74175609E-03 -0.64691375E-03 -0.57420383E-03 -0.52155905E-03 -0.48559316E-03 -0.46237523E-03 -0.44795508E-03 -0.43877458E-03 -0.43199354E-03 -0.42581363E-03 -0.41981849E-03 -0.41533851E-03 -0.41576982E-03 -0.42674542E-03 -0.45597606E-03 -0.51249599E-03 -0.60496016E-03 -0.73849573E-03 -0.90953507E-03 -0.10978166E-02 -0.12546689E-02 -0.12866774E-02 -0.10341460E-02 -0.24475104E-03 0.14552006E-02 0.45860963E-02 0.98265041E-02 0.17996376E-01 0.29999452E-01 0.46730078E-01
0.88570416E-03 0.20489454E-02 0.30226447E-02 0.33681454E-02 0.30868419E-02 0.23735002E-02 0.14647848E-02 0.55950090E-03 -0.21165709E-03 -0.78608324E-03 -0.11542224E-02 -0.13402146E-02 -0.13844901E-02 -0.13310044E-02 -0.12194406E-02 -0.10814951E-02 -0.93998081E-03 -0.80957818E-03 -0.69834620E-03 -0.60941627E-03 -0.54254491E-03 -0.49538361E-03 -0.46443762E-03 -0.44576167E-03 -0.43543535E-03 -0.42993718E-03 -0.42645077E-03 -0.42317734E-03 -0.41966732E-03 -0.41718388E-03 -0.41901668E-03 -0.43065444E-03 -0.45962613E-03 -0.51475210E-03 -0.60444637E-03 -0.73360044E-03 -0.89840703E-03 -0.10784093E-02 -0.12247956E-02 -0.12440837E-02 -0.97658470E-03 -0.17004178E-03 0.15491443E-02 0.47012774E-02 0.99648691E-02 0.18159805E-01 0.30189663E-01 0.46948528E-01
0.14348631E-02 0.25685023E-02 0.32527296E-02 0.33043503E-02 0.28238440E-02 0.20213594E-02 0.11111314E-02 0.25862789E-03 -0.43578289E-03 -0.93129329E-03 -0.12310219E-02 -0.13644307E-02 -0.13723839E-02 -0.12966150E-02 -0.11735650E-02 -0.10316778E-02 -0.89101412E-03 -0.76417561E-03 -0.65779522E-03 -0.57411855E-03 -0.51241729E-03 -0.47012787E-03 -0.44370345E-03 -0.42922855E-03 -0.42284292E-03 -0.42107832E-03 -0.42114447E-03 -0.42122943E-03 -0.42082079E-03 -0.42106577E-03 -0.42508080E-03 -0.43812516E-03 -0.46745216E-03 -0.52158444E-03 -0.60866324E-03 -0.73340760E-03 -0.89208475E-03 -0.10647188E-02 -0.12036874E-02 -0.12177658E-02 -0.95106313E-03 -0.15719677E-03 0.15289829E-02 0.46164958E-02 0.97700418E-02 0.17794379E-01 0.29578716E-01 0.46005192E-01
0.20869220E-02 0.29897437E-02 0.33323656E-02 0.31031502E-02 0.24578488E-02 0.16011838E-02 0.71684995E-03 -0.64604826E-04 -0.67179842E-03 -0.10834752E-02 -0.13132821E-02 -0.13943491E-02 -0.13668665E-02 -0.12696961E-02 -0.11357110E-02 -0.98998920E-03 -0.84985007E-03 -0.72589394E-03 -0.62343457E-03 -0.54394541E-03 -0.48632014E-03 -0.44787261E-03 -0.42507805E-03 -0.41410565E-03 -0.41119051E-03 -0.41293440E-03 -0.41657377E-03 -0.42026037E-03 -0.42338773E-03 -0.42693116E-03 -0.43376168E-03 -0.44882218E-03 -0.47899737E-03 -0.53243275E-03 -0.61696711E-03 -0.73723496E-03 -0.88986173E-03 -0.10560426E-02 -0.11906179E-02 -0.12068513E-02 -0.95626396E-03 -0.20386520E-03 0.13991132E-02 0.43397571E-02 0.92558057E-02 0.16922353E-01 0.28200360E-01 0.43948691E-01
0.26775357E-02 0.32305808E-02 0.32276317E-02 0.27575568E-02 0.19953925E-02 0.11247576E-02 0.29417568E-03 -0.39995673E-03 -0.91240162E-03 -0.12383367E-02 -0.13993533E-02 -0.14304288E-02 -0.13699580E-02 -0.12533320E-02 -0.11096138E-02 -0.96048448E-03 -0.82060810E-03 -0.69872587E-03 -0.59899334E-03 -0.52227267E-03 -0.46722355E-03 -0.43115844E-03 -0.41067855E-03 -0.40210405E-03 -0.40181384E-03 -0.40650247E-03 -0.41343254E-03 -0.42070359E-03 -0.42757153E-03 -0.43478347E-03 -0.44488958E-03 -0.46242736E-03 -0.49381897E-03 -0.54675156E-03 -0.62872573E-03 -0.74435665E-03 -0.89088952E-03 -0.10512628E-02 -0.11839212E-02 -0.12085595E-02 -0.98727911E-03 -0.30132432E-03 0.11747003E-02 0.38964770E-02 0.84629120E-02 0.15605979E-01 0.26145104E-01 0.40904962E-01
0.30715320E-02 0.32387254E-02 0.29298102E-02 0.22797176E-02 0.14565834E-02 0.61315716E-03 -0.13825655E-03 -0.73254492E-03 -0.11466336E-02 -0.13884767E-02 -0.14848328E-02 -0.14706855E-02 -0.13815622E-02 -0.12488587E-02 -0.10976497E-02 -0.94624520E-03 -0.80679004E-03 -0.68635388E-03 -0.58814046E-03 -0.51259977E-03 -0.45834471E-03 -0.42284993E-03 -0.40296592E-03 -0.39527248E-03 -0.39635693E-03 -0.40304427E-03 -0.41263390E-03 -0.42315730E-03 -0.43369592E-03 -0.44471066E-03 -0.45835513E-03 -0.47867187E-03 -0.51152487E-03 -0.56405609E-03 -0.64337650E-03 -0.75411098E-03 -0.89430754E-03 -0.10490934E-02 -0.11813810E-02 -0.12188439E-02 -0.10366574E-02 -0.43615748E-03 0.87905608E-03 0.33255191E-02 0.74533351E-02 0.13939579E-01 0.23549840E-01 0.37064073E-01
