Basic/Day4/qtaim/urea/crystal/pato/urea_cry_pl2d_pato.SURFVIRI
DSAA
 161 161
-0.75589045E+01  0.75589045E+01  0.94486307E-01
-0.75589045E+01  0.75589045E+01  0.94486307E-01
 0.00000000E+00  0.00000000E+00
[rows 126 to 146 of 161, columns 0 to 46 of 161]
-0.11153855E+04 -0.55009295E+04 -0.29760155E+04 -0.56300316E+03 -0.13764341E+03 -0.35586926E+02 -0.11946293E+02 -0.43980388E+01 -0.19835201E+01 -0.11249481E+01 -0.72651038E+00 -0.50886393E+00 -0.37947562E+00 -0.29459785E+00 -0.23259045E+00 -0.18361625E+00 -0.14358118E+00 -0.11080815E+00 -0.84414681E-01 -0.63645467E-01 -0.47688603E-01 -0.35692726E-01 -0.26835425E-01 -0.20380696E-01 -0.15709836E-01 -0.12328896E-01 -0.98605613E-02 -0.80277271E-02 -0.66340647E-02 -0.55450068E-02 -0.46710296E-02 -0.39540215E-02 -0.33568320E-02 -0.28556879E-02 -0.24349589E-02 -0.20837562E-02 -0.17938594E-02 -0.15585691E-02 -0.13721685E-02 -0.12297736E-02 -0.11274309E-02 -0.10623710E-02 -0.10333860E-02 -0.10413161E-02 -0.10896679E-02 -0.11853547E-02 -0.13395984E-02
-0.12832999E+04 -0.96956596E+04 -0.37391318E+04 -0.61570010E+03 -0.14500351E+03 -0.36713119E+02 -0.12204149E+02 -0.44662486E+01 -0.20015389E+01 -0.11308080E+01 -0.72874494E+00 -0.50966866E+00 -0.37968671E+00 -0.29458532E+00 -0.23251113E+00 -0.18353085E+00 -0.14351013E+00 -0.11075638E+00 -0.84381798E-01 -0.63629408E-01 -0.47686759E-01 -0.35702254E-01 -0.26853397E-01 -0.20404270E-01 -0.15736423E-01 -0.12356297E-01 -0.98870599E-02 -0.80521223E-02 -0.66556588E-02 -0.55635578E-02 -0.46866828E-02 -0.39672246E-02 -0.33682620E-02 -0.28661675E-02 -0.24453891E-02 -0.20950547E-02 -0.18069068E-02 -0.15741591E-02 -0.13909601E-02 -0.12522392E-02 -0.11537958E-02 -0.10925370E-02 -0.10668302E-02 -0.10769567E-02 -0.11256831E-02 -0.12189459E-02 -0.13666835E-02
-0.47406040E+03 -0.11027191E+04 -0.84831230E+03 -0.31033348E+03 -0.91302473E+02 -0.27840829E+02 -0.10023155E+02 -0.38721352E+01 -0.18333380E+01 -0.10684694E+01 -0.69963227E+00 -0.49454183E+00 -0.37104548E+00 -0.28905764E+00 -0.22861728E+00 -0.18063639E+00 -0.14132842E+00 -0.10913103E+00 -0.83201061E-01 -0.62798631E-01 -0.47122988E-01 -0.35334949E-01 -0.26625284E-01 -0.20270929E-01 -0.15664853E-01 -0.12322986E-01 -0.98759731E-02 -0.80528547E-02 -0.66618809E-02 -0.55717759E-02 -0.46952909E-02 -0.39758260E-02 -0.33771781E-02 -0.28761108E-02 -0.24572465E-02 -0.21097475E-02 -0.18253007E-02 -0.15970041E-02 -0.14188447E-02 -0.12855456E-02 -0.11926501E-02 -0.11367402E-02 -0.11157638E-02 -0.11294513E-02 -0.11798355E-02 -0.12718754E-02 -0.14142104E-02
-0.14475129E+03 -0.22796968E+03 -0.20259216E+03 -0.10562584E+03 -0.41905026E+02 -0.16875680E+02 -0.68254699E+01 -0.29562635E+01 -0.15518772E+01 -0.95613578E+00 -0.64552315E+00 -0.46605748E+00 -0.35461131E+00 -0.27846146E+00 -0.22111456E+00 -0.17504263E+00 -0.13710358E+00 -0.10597657E+00 -0.80901321E-01 -0.61170344E-01 -0.46005915E-01 -0.34593491E-01 -0.26149981E-01 -0.19977437E-01 -0.15490931E-01 -0.12224571E-01 -0.98231540E-02 -0.80262470E-02 -0.66496000E-02 -0.55670574E-02 -0.46947264E-02 -0.39780872E-02 -0.33821505E-02 -0.28843218E-02 -0.24695054E-02 -0.21269282E-02 -0.18482163E-02 -0.16263352E-02 -0.14550945E-02 -0.13290082E-02 -0.12433657E-02 -0.11944417E-02 -0.11797916E-02 -0.11986288E-02 -0.12522907E-02 -0.13447946E-02 -0.14835088E-02
-0.40495337E+02 -0.54181842E+02 -0.50167400E+02 -0.33274277E+02 -0.18154394E+02 -0.88305005E+01 -0.41165534E+01 -0.21047780E+01 -0.12486877E+01 -0.82093112E+00 -0.57695500E+00 -0.42868054E+00 -0.33230443E+00 -0.26366828E+00 -0.21045129E+00 -0.16702115E+00 -0.13102235E+00 -0.10142829E+00 -0.77580154E-01 -0.58812569E-01 -0.44380725E-01 -0.33506161E-01 -0.25443885E-01 -0.19532271E-01 -0.15218159E-01 -0.12061644E-01 -0.97276643E-02 -0.79706914E-02 -0.66170338E-02 -0.55477162E-02 -0.46835030E-02 -0.39727495E-02 -0.33821278E-02 -0.28899174E-02 -0.24814081E-02 -0.21459266E-02 -0.18750423E-02 -0.16615832E-02 -0.14991820E-02 -0.13821516E-02 -0.13055553E-02 -0.12654007E-02 -0.12589068E-02 -0.12848403E-02 -0.13439176E-02 -0.14392978E-02 -0.15771511E-02
-0.13959627E+02 -0.16864607E+02 -0.16066706E+02 -0.12174956E+02 -0.76645531E+01 -0.43169815E+01 -0.24275279E+01 -0.14799378E+01 -0.97951152E+00 -0.68632218E+00 -0.50452044E+00 -0.38716917E+00 -0.30629147E+00 -0.24574360E+00 -0.19722990E+00 -0.15696723E+00 -0.12337001E+00 -0.95698281E-01 -0.73393295E-01 -0.55836104E-01 -0.42323218E-01 -0.32122624E-01 -0.24537998E-01 -0.18953691E-01 -0.14856490E-01 -0.11839007E-01 -0.95913006E-02 -0.78863623E-02 -0.65635932E-02 -0.55128822E-02 -0.46607249E-02 -0.39590028E-02 -0.33764180E-02 -0.28923150E-02 -0.24924574E-02 -0.21663062E-02 -0.19053849E-02 -0.17023926E-02 -0.15508023E-02 -0.14447593E-02 -0.13791534E-02 -0.13498006E-02 -0.13536801E-02 -0.13892260E-02 -0.14566681E-02 -0.15584371E-02 -0.16996341E-02
-0.51908294E+01 -0.59850929E+01 -0.57704783E+01 -0.46852598E+01 -0.33417974E+01 -0.22453450E+01 -0.15169826E+01 -0.10584236E+01 -0.76232056E+00 -0.56675484E+00 -0.43589632E+00 -0.34527524E+00 -0.27845964E+00 -0.22573685E+00 -0.18211818E+00 -0.14535587E+00 -0.11450309E+00 -0.89055525E-01 -0.68539354E-01 -0.52382942E-01 -0.39931323E-01 -0.30507920E-01 -0.23473820E-01 -0.18267021E-01 -0.14420572E-01 -0.11564570E-01 -0.94179167E-02 -0.77748241E-02 -0.64896456E-02 -0.54623688E-02 -0.46260086E-02 -0.39364406E-02 -0.33646609E-02 -0.28912160E-02 -0.25024085E-02 -0.21878631E-02 -0.19390775E-02 -0.17486467E-02 -0.16099248E-02 -0.15169540E-02 -0.14645431E-02 -0.14484390E-02 -0.14655358E-02 -0.15141154E-02 -0.15941181E-02 -0.17074502E-02 -0.18583339E-02
-0.22724982E+01 -0.24877908E+01 -0.24304503E+01 -0.21303638E+01 -0.17234803E+01 -0.13346819E+01 -0.10172109E+01 -0.77493005E+00 -0.59650081E+00 -0.46790003E+00 -0.37489581E+00 -0.30522344E+00 -0.25017166E+00 -0.20456372E+00 -0.16578625E+00 -0.13270137E+00 -0.10481943E+00 -0.81802386E-01 -0.63241552E-01 -0.48612525E-01 -0.37315121E-01 -0.28735470E-01 -0.22298593E-01 -0.17501503E-01 -0.13927737E-01 -0.11248086E-01 -0.92126626E-02 -0.76385655E-02 -0.63962416E-02 -0.53965200E-02 -0.45793959E-02 -0.39050099E-02 -0.33468000E-02 -0.28865911E-02 -0.25112639E-02 -0.22106339E-02 -0.19762033E-02 -0.18005108E-02 -0.16768651E-02 -0.15993126E-02 -0.15627311E-02 -0.15629875E-02 -0.15971222E-02 -0.16635346E-02 -0.17621677E-02 -0.18946942E-02 -0.20647276E-02
-0.12553796E+01 -0.13276258E+01 -0.13087583E+01 -0.12054026E+01 -0.10499166E+01 -0.87915295E+00 -0.71923640E+00 -0.58320977E+00 -0.47418920E+00 -0.38908302E+00 -0.32217391E+00 -0.26791594E+00 -0.22229790E+00 -0.18298558E+00 -0.14887304E+00 -0.11952338E+00 -0.94727961E-01 -0.74249814E-01 -0.57728442E-01 -0.44687406E-01 -0.34586566E-01 -0.26879934E-01 -0.21060484E-01 -0.16687138E-01 -0.13395973E-01 -0.10899900E-01 -0.89812147E-02 -0.74805509E-02 -0.62848601E-02 -0.53160616E-02 -0.45212707E-02 -0.38649646E-02 -0.33230575E-02 -0.28786700E-02 -0.25192774E-02 -0.22349128E-02 -0.20171315E-02 -0.18584952E-02 -0.17523866E-02 -0.16930234E-02 -0.16755740E-02 -0.16963097E-02 -0.17527591E-02 -0.18438268E-02 -0.19698745E-02 -0.21327576E-02 -0.23358430E-02
-0.80243428E+00 -0.83426756E+00 -0.82604925E+00 -0.77982681E+00 -0.70630435E+00 -0.61975173E+00 -0.53274834E+00 -0.45331623E+00 -0.38462645E+00 -0.32637478E+00 -0.27666704E+00 -0.23348459E+00 -0.19539253E+00 -0.16164279E+00 -0.13197026E+00 -0.10631758E+00 -0.84619899E-01 -0.66693446E-01 -0.52215625E-01 -0.40759910E-01 -0.31850077E-01 -0.25010766E-01 -0.19804275E-01 -0.15851883E-01 -0.12842148E-01 -0.10529842E-01 -0.87291160E-02 -0.73038307E-02 -0.61571848E-02 -0.52219773E-02 -0.44522906E-02 -0.38168305E-02 -0.32939197E-02 -0.28679416E-02 -0.25269669E-02 -0.22612816E-02 -0.20625706E-02 -0.19235393E-02 -0.18378235E-02 -0.18000600E-02 -0.18060320E-02 -0.18528225E-02 -0.19389341E-02 -0.20643271E-02 -0.22303646E-02 -0.24396559E-02 -0.26958103E-02
-0.56007215E+00 -0.57612242E+00 -0.57200214E+00 -0.54852260E+00 -0.51004166E+00 -0.46271300E+00 -0.41239160E+00 -0.36322657E+00 -0.31733314E+00 -0.27528604E+00 -0.23689261E+00 -0.20181338E+00 -0.16987059E+00 -0.14109143E+00 -0.11560833E+00 -0.93528640E-01 -0.74842806E-01 -0.59392820E-01 -0.46890345E-01 -0.36961183E-01 -0.29194959E-01 -0.23187089E-01 -0.18567989E-01 -0.15019472E-01 -0.12280648E-01 -0.10146398E-01 -0.84612807E-02 -0.71112607E-02 -0.60149428E-02 -0.51154208E-02 -0.43733419E-02 -0.37613852E-02 -0.32601327E-02 -0.28551629E-02 -0.25351386E-02 -0.22906538E-02 -0.21136332E-02 -0.19971060E-02 -0.19352185E-02 -0.19233765E-02 -0.19584341E-02 -0.20388535E-02 -0.21647857E-02 -0.23380060E-02 -0.25616799E-02 -0.28399422E-02 -0.31773068E-02
-0.41883442E+00 -0.42771891E+00 -0.42544923E+00 -0.41236736E+00 -0.39033465E+00 -0.36206805E+00 -0.33031344E+00 -0.29725042E+00 -0.26430528E+00 -0.23229304E+00 -0.20168683E+00 -0.17284269E+00 -0.14610642E+00 -0.12181405E+00 -0.10023717E+00 -0.81525757E-01 -0.65679669E-01 -0.52555721E-01 -0.41900441E-01 -0.33393625E-01 -0.26690336E-01 -0.21454356E-01 -0.17380732E-01 -0.14208059E-01 -0.11722534E-01 -0.97562046E-02 -0.81817040E-02 -0.69053294E-02 -0.58598172E-02 -0.49976712E-02 -0.42855200E-02 -0.36996533E-02 -0.32227103E-02 -0.28413805E-02 -0.25449230E-02 -0.23243233E-02 -0.21719088E-02 -0.20812825E-02 -0.20474558E-02 -0.20670820E-02 -0.21387051E-02 -0.22629347E-02 -0.24424810E-02 -0.26819572E-02 -0.29874063E-02 -0.33655213E-02 -0.38225839E-02
-0.32886818E+00 -0.33439628E+00 -0.33299039E+00 -0.32480161E+00 -0.31066547E+00 -0.29185390E+00 -0.26975696E+00 -0.24563639E+00 -0.22052104E+00 -0.19522337E+00 -0.17040808E+00 -0.14664901E+00 -0.12444548E+00 -0.10420333E+00 -0.86203984E-01 -0.70583810E-01 -0.57335323E-01 -0.46329133E-01 -0.37348537E-01 -0.30127205E-01 -0.24382826E-01 -0.19842914E-01 -0.16261812E-01 -0.13429696E-01 -0.11175249E-01 -0.93638941E-02 -0.78933768E-02 -0.66881256E-02 -0.56934302E-02 -0.48701291E-02 -0.41901326E-02 -0.36329175E-02 -0.31829540E-02 -0.28279573E-02 -0.25578122E-02 -0.23640199E-02 -0.22395341E-02 -0.21788672E-02 -0.21783659E-02 -0.22365618E-02 -0.23545017E-02 -0.25359515E-02 -0.27873750E-02 -0.31175644E-02 -0.35368480E-02 -0.40558259E-02 -0.46836652E-02
-0.26499718E+00 -0.26885458E+00 -0.26787670E+00 -0.26213860E+00 -0.25206386E+00 -0.23833131E+00 -0.22174993E+00 -0.20315113E+00 -0.18332520E+00 -0.16299764E+00 -0.14282429E+00 -0.12338444E+00 -0.10516423E+00 -0.88534860E-01 -0.73736199E-01 -0.60873834E-01 -0.49931794E-01 -0.40797323E-01 -0.33291487E-01 -0.27199539E-01 -0.22296856E-01 -0.18368356E-01 -0.15221068E-01 -0.12690596E-01 -0.10642813E-01 -0.89722289E-02 -0.75983881E-02 -0.64614011E-02 -0.55173863E-02 -0.47343460E-02 -0.40887250E-02 -0.35627426E-02 -0.31424767E-02 -0.28166058E-02 -0.25757021E-02 -0.24119584E-02 -0.23192487E-02 -0.22934268E-02 -0.23327749E-02 -0.24385040E-02 -0.26151973E-02 -0.28710573E-02 -0.32178202E-02 -0.36701638E-02 -0.42444939E-02 -0.49570311E-02 -0.58212325E-02
-0.21540415E+00 -0.21830888E+00 -0.21757375E+00 -0.21324321E+00 -0.20557287E+00 -0.19499131E+00 -0.18204516E+00 -0.16734424E+00 -0.15151695E+00 -0.13517657E+00 -0.11889387E+00 -0.10317171E+00 -0.88421920E-01 -0.74947778E-01 -0.62936702E-01 -0.52464862E-01 -0.43512532E-01 -0.35986418E-01 -0.29744447E-01 -0.24619158E-01 -0.20437137E-01 -0.17033324E-01 -0.14260130E-01 -0.11991992E-01 -0.10126397E-01 -0.85824722E-02 -0.72981479E-02 -0.62267116E-02 -0.53333564E-02 -0.45920768E-02 -0.39831114E-02 -0.34910004E-02 -0.31032319E-02 -0.28094192E-02 -0.26009280E-02 -0.24708752E-02 -0.24144243E-02 -0.24293046E-02 -0.25164694E-02 -0.26807907E-02 -0.29316529E-02 -0.32832653E-02 -0.37545015E-02 -0.43680244E-02 -0.51485232E-02 -0.61199394E-02 -0.73017103E-02
-0.17503471E+00 -0.17729597E+00 -0.17672408E+00 -0.17334984E+00 -0.16735245E+00 -0.15904042E+00 -0.14882153E+00 -0.13716810E+00 -0.12458209E+00 -0.11156215E+00 -0.98573586E-01 -0.86022221E-01 -0.74234262E-01 -0.63444418E-01 -0.53793672E-01 -0.45336288E-01 -0.38053955E-01 -0.31873965E-01 -0.26688290E-01 -0.22371028E-01 -0.18792642E-01 -0.15830290E-01 -0.13374315E-01 -0.11331393E-01 -0.96251282E-02 -0.81948968E-02 -0.69936990E-02 -0.59855960E-02 -0.51431820E-02 -0.44453370E-02 -0.38754138E-02 -0.34198986E-02 -0.30675388E-02 -0.28088974E-02 -0.26362883E-02 -0.25440420E-02 -0.25290550E-02 -0.25915625E-02 -0.27360555E-02 -0.29722203E-02 -0.33157305E-02 -0.37886539E-02 -0.44192044E-02 -0.52405140E-02 -0.62881604E-02 -0.75962546E-02 -0.91920869E-02
-0.14182841E+00 -0.14359769E+00 -0.14315032E+00 -0.14050952E+00 -0.13581103E+00 -0.12929081E+00 -0.12126456E+00 -0.11210193E+00 -0.10219821E+00 -0.91946154E-01 -0.81710036E-01 -0.71804254E-01 -0.62478293E-01 -0.53909305E-01 -0.46202410E-01 -0.39397645E-01 -0.33481602E-01 -0.28401408E-01 -0.24078889E-01 -0.20423262E-01 -0.17341332E-01 -0.14744803E-01 -0.12554797E-01 -0.10704000E-01 -0.91369828E-02 -0.78093241E-02 -0.66860378E-02 -0.57397608E-02 -0.49489731E-02 -0.42964578E-02 -0.37680912E-02 -0.33520019E-02 -0.30381002E-02 -0.28179622E-02 -0.26850509E-02 -0.26352522E-02 -0.26677006E-02 -0.27858494E-02 -0.29987000E-02 -0.33220490E-02 -0.37795336E-02 -0.44031665E-02 -0.52329908E-02 -0.63154121E-02 -0.76998114E-02 -0.94331141E-02 -0.11552211E-01
-0.11480541E+00 -0.11617928E+00 -0.11583190E+00 -0.11378117E+00 -0.11013172E+00 -0.10506570E+00 -0.98827174E-01 -0.91701807E-01 -0.83994340E-01 -0.76006042E-01 -0.68014439E-01 -0.60257255E-01 -0.52921890E-01 -0.46140981E-01 -0.39993698E-01 -0.34511669E-01 -0.29687956E-01 -0.25487392E-01 -0.21856804E-01 -0.18734006E-01 -0.16054939E-01 -0.13758724E-01 -0.11790745E-01 -0.10104069E-01 -0.86596407E-02 -0.74256367E-02 -0.63764049E-02 -0.54912342E-02 -0.47531882E-02 -0.41481228E-02 -0.36639584E-02 -0.32902415E-02 -0.30180080E-02 -0.28399564E-02 -0.27509386E-02 -0.27487741E-02 -0.28353820E-02 -0.30181945E-02 -0.33117605E-02 -0.37393672E-02 -0.43344019E-02 -0.51410532E-02 -0.62138562E-02 -0.76154741E-02 -0.94121161E-02 -0.11666018E-01 -0.14424635E-01
-0.93228517E-01 -0.94284749E-01 -0.94017698E-01 -0.92440999E-01 -0.89634410E-01 -0.85736636E-01 -0.80933128E-01 -0.75440315E-01 -0.69488141E-01 -0.63302881E-01 -0.57092047E-01 -0.51032833E-01 -0.45264945E-01 -0.39887988E-01 -0.34962950E-01 -0.30516854E-01 -0.26549361E-01 -0.23040170E-01 -0.19956177E-01 -0.17257681E-01 -0.14903244E-01 -0.12853096E-01 -0.11071179E-01 -0.95260893E-02 -0.81911834E-02 -0.70441850E-02 -0.60665021E-02 -0.52424748E-02 -0.45586800E-02 -0.40033827E-02 -0.35661855E-02 -0.32379095E-02 -0.30107340E-02 -0.28786260E-02 -0.28380901E-02 -0.28892729E-02 -0.30374315E-02 -0.32947402E-02 -0.36823304E-02 -0.42323573E-02 -0.49897428E-02 -0.60130835E-02 -0.73740635E-02 -0.91545335E-02 -0.11440317E-01 -0.14310704E-01 -0.17822748E-01
-0.76332280E-01 -0.77138915E-01 -0.76934992E-01 -0.75730710E-01 -0.73585695E-01 -0.70603505E-01 -0.66922309E-01 -0.62702939E-01 -0.58115813E-01 -0.53328247E-01 -0.48493549E-01 -0.43742896E-01 -0.39180483E-01 -0.34881986E-01 -0.30895861E-01 -0.27246774E-01 -0.23940274E-01 -0.20967899E-01 -0.18312031E-01 -0.15950042E-01 -0.13857500E-01 -0.12010382E-01 -0.10386407E-01 -0.89656416E-02 -0.77306048E-02 -0.66660547E-02 -0.57586227E-02 -0.49964198E-02 -0.43687004E-02 -0.38656408E-02 -0.34782768E-02 -0.31986348E-02 -0.30201016E-02 -0.29380809E-02 -0.29509980E-02 -0.30617039E-02 -0.32793111E-02 -0.36214381E-02 -0.41167459E-02 -0.48075147E-02 -0.57518317E-02 -0.70247400E-02 -0.87174781E-02 -0.10933628E-01 -0.13780677E-01 -0.17355091E-01 -0.21719095E-01
-0.63305211E-01 -0.63920968E-01 -0.63765329E-01 -0.62845787E-01 -0.61206115E-01 -0.58922282E-01 -0.56095538E-01 -0.52843626E-01 -0.49291252E-01 -0.45560962E-01 -0.41765422E-01 -0.38001777E-01 -0.34348390E-01 -0.30863888E-01 -0.27588154E-01 -0.24544714E-01 -0.21743899E-01 -0.19186227E-01 -0.16865565E-01 -0.14771790E-01 -0.12892819E-01 -0.11215997E-01 -0.97289419E-02 -0.84199443E-02 -0.72780884E-02 -0.62931933E-02 -0.54556854E-02 -0.47564717E-02 -0.41868664E-02 -0.37386116E-02 -0.34040280E-02 -0.31763408E-02 -0.30502384E-02 -0.30227356E-02 -0.30944238E-02 -0.32711843E-02 -0.35664135E-02 -0.40037419E-02 -0.46201150E-02 -0.54689374E-02 -0.66227559E-02 -0.81746731E-02 -0.10237337E-01 -0.12937823E-01 -0.16406004E-01 -0.20753089E-01 -0.26037161E-01
