Basic/Day4/qtaim/urea/crystal/pato/urea_cry_pl2d_pato.SURFGKIN
DSAA
 161 161
-0.75589045E+01  0.75589045E+01  0.94486307E-01
-0.75589045E+01  0.75589045E+01  0.94486307E-01
 0.00000000E+00  0.00000000E+00
[rows 66 to 87 of 161, columns 96 to 143 of 161]
0.12603113E+00 0.14064514E+00 0.15561412E+00 0.17026470E+00 0.18347146E+00 0.19384876E+00 0.20015651E+00 0.20164206E+00 0.19816237E+00 0.19019423E+00 0.17877365E+00 0.16523488E+00 0.15079467E+00 0.13626249E+00 0.12203448E+00 0.10826626E+00 0.95051624E-01 0.82520803E-01 0.70853049E-01 0.60236184E-01 0.50814281E-01 0.42653434E-01 0.35735228E-01 0.29971793E-01 0.25230818E-01 0.21360720E-01 0.18210441E-01 0.15642280E-01 0.13538425E-01 0.11802907E-01 0.10360653E-01 0.91550060E-02 0.81446055E-02 0.73001603E-02 0.66014331E-02 0.60346028E-02 0.55900905E-02 0.52608692E-02 0.50412364E-02 0.49259881E-02 0.49099186E-02 0.49875594E-02 0.51530792E-02 0.54002751E-02 0.57226047E-02 0.61132205E-02 0.65649841E-02 0.70704491E-02
0.14781427E+00 0.16361458E+00 0.17892820E+00 0.19317018E+00 0.20554216E+00 0.21509746E+00 0.22093950E+00 0.22246742E+00 0.21954945E+00 0.21255552E+00 0.20223820E+00 0.18950322E+00 0.17517721E+00 0.15988743E+00 0.14408009E+00 0.12811276E+00 0.11233919E+00 0.97140374E-01 0.82899026E-01 0.69944144E-01 0.58499694E-01 0.48660055E-01 0.40396534E-01 0.33585955E-01 0.28048005E-01 0.23580232E-01 0.19984486E-01 0.17083207E-01 0.14726968E-01 0.12795868E-01 0.11197345E-01 0.98623025E-02 0.87407497E-02 0.77975715E-02 0.70087250E-02 0.63579952E-02 0.58343535E-02 0.54299179E-02 0.51384734E-02 0.49544785E-02 0.48724647E-02 0.48867258E-02 0.49912018E-02 0.51794749E-02 0.54448130E-02 0.57802169E-02 0.61784458E-02 0.66320010E-02
0.17332518E+00 0.19106215E+00 0.20774914E+00 0.22282231E+00 0.23561087E+00 0.24535836E+00 0.25134164E+00 0.25305205E+00 0.25035014E+00 0.24350752E+00 0.23311029E+00 0.21987937E+00 0.20450575E+00 0.18757442E+00 0.16958361E+00 0.15101178E+00 0.13237264E+00 0.11422000E+00 0.97100385E-01 0.81479727E-01 0.67679516E-01 0.55846540E-01 0.45961473E-01 0.37876262E-01 0.31363934E-01 0.26166133E-01 0.22029416E-01 0.18727617E-01 0.16071925E-01 0.13912371E-01 0.12134399E-01 0.10653349E-01 0.94085098E-02 0.83575826E-02 0.74718573E-02 0.67321956E-02 0.61258079E-02 0.56437823E-02 0.52792968E-02 0.50264193E-02 0.48793816E-02 0.48322033E-02 0.48785522E-02 0.50117402E-02 0.52247803E-02 0.55104432E-02 0.58612985E-02 0.62697054E-02
0.20188221E+00 0.22231777E+00 0.24156785E+00 0.25907330E+00 0.27410967E+00 0.28576909E+00 0.29309211E+00 0.29533562E+00 0.29224547E+00 0.28415947E+00 0.27186746E+00 0.25632475E+00 0.23839846E+00 0.21876386E+00 0.19794601E+00 0.17642726E+00 0.15473864E+00 0.13348723E+00 0.11331188E+00 0.94793918E-01 0.78366104E-01 0.64256855E-01 0.52484812E-01 0.42896338E-01 0.35225878E-01 0.29158232E-01 0.24378410E-01 0.20603416E-01 0.17597145E-01 0.15173048E-01 0.13189751E-01 0.11543693E-01 0.10161252E-01 0.89915608E-02 0.80003961E-02 0.71651969E-02 0.64711288E-02 0.59080946E-02 0.54685801E-02 0.51462096E-02 0.49348695E-02 0.48282540E-02 0.48196944E-02 0.49021547E-02 0.50682931E-02 0.53105467E-02 0.56211750E-02 0.59922639E-02
0.23321084E+00 0.25765345E+00 0.28164704E+00 0.30470964E+00 0.32581347E+00 0.34321790E+00 0.35473505E+00 0.35848544E+00 0.35376079E+00 0.34138622E+00 0.32329876E+00 0.30166887E+00 0.27817540E+00 0.25378343E+00 0.22893763E+00 0.20388490E+00 0.17892065E+00 0.15449697E+00 0.13120610E+00 0.10967773E+00 0.90445818E-01 0.73842931E-01 0.59957786E-01 0.48657918E-01 0.39654610E-01 0.32580342E-01 0.27055621E-01 0.22734054E-01 0.19324966E-01 0.16598888E-01 0.14382816E-01 0.12550964E-01 0.11014668E-01 0.97132006E-02 0.86060846E-02 0.76669354E-02 0.68786699E-02 0.62299071E-02 0.57123901E-02 0.53192603E-02 0.50440118E-02 0.48799496E-02 0.48199800E-02 0.48566083E-02 0.49820172E-02 0.51881619E-02 0.54668346E-02 0.58096784E-02
0.26810054E+00 0.29958321E+00 0.33358316E+00 0.37015115E+00 0.40753752E+00 0.44137996E+00 0.46533356E+00 0.47354809E+00 0.46373537E+00 0.43851107E+00 0.40386493E+00 0.36606000E+00 0.32926622E+00 0.29506231E+00 0.26330988E+00 0.23329882E+00 0.20448038E+00 0.17672738E+00 0.15031551E+00 0.12577226E+00 0.10367260E+00 0.84451738E-01 0.68294301E-01 0.55118779E-01 0.44634879E-01 0.36433161E-01 0.30071017E-01 0.25134810E-01 0.21273549E-01 0.18209318E-01 0.15733116E-01 0.13693919E-01 0.11986138E-01 0.10538126E-01 0.93026204E-02 0.82491913E-02 0.73584469E-02 0.66177295E-02 0.60180557E-02 0.55520806E-02 0.52128697E-02 0.49932582E-02 0.48856211E-02 0.48818644E-02 0.49735264E-02 0.51518956E-02 0.54080949E-02 0.57331109E-02
0.30931732E+00 0.35513145E+00 0.41240769E+00 0.48350080E+00 0.56546594E+00 0.64673863E+00 0.70797060E+00 0.72981803E+00 0.70439770E+00 0.64069731E+00 0.55843550E+00 0.47658147E+00 0.40604515E+00 0.34926116E+00 0.30364869E+00 0.26532772E+00 0.23124298E+00 0.19969514E+00 0.17010339E+00 0.14260640E+00 0.11768272E+00 0.95826392E-01 0.77325332E-01 0.62174803E-01 0.50107438E-01 0.40687253E-01 0.33414541E-01 0.27808055E-01 0.23453072E-01 0.20019163E-01 0.17257894E-01 0.14990600E-01 0.13093347E-01 0.11482884E-01 0.10104951E-01 0.89251162E-02 0.79218377E-02 0.70813501E-02 0.63940738E-02 0.58522382E-02 0.54484666E-02 0.51750520E-02 0.50236999E-02 0.49855392E-02 0.50512527E-02 0.52112272E-02 0.54556651E-02 0.57746339E-02
0.36289412E+00 0.43951033E+00 0.55167859E+00 0.71097057E+00 0.91667848E+00 0.11412073E+01 0.13232299E+01 0.13910129E+01 0.13130748E+01 0.11252176E+01 0.89997740E+00 0.69661658E+00 0.54040258E+00 0.43071521E+00 0.35557152E+00 0.30173384E+00 0.25942250E+00 0.22303779E+00 0.19003315E+00 0.15964809E+00 0.13202598E+00 0.10762090E+00 0.86802642E-01 0.69657456E-01 0.55963613E-01 0.45276655E-01 0.37049768E-01 0.30737414E-01 0.25860568E-01 0.22034221E-01 0.18968404E-01 0.16455313E-01 0.14351898E-01 0.12563114E-01 0.11027905E-01 0.97082443E-02 0.85808841E-02 0.76313564E-02 0.68497797E-02 0.62281313E-02 0.57586377E-02 0.54329823E-02 0.52420494E-02 0.51759741E-02 0.52243229E-02 0.53762912E-02 0.56208546E-02 0.59468482E-02
0.43924310E+00 0.58028039E+00 0.81830826E+00 0.12053569E+01 0.17794974E+01 0.24924347E+01 0.31293007E+01 0.33789498E+01 0.30934877E+01 0.24406694E+01 0.17321585E+01 0.11707137E+01 0.79534200E+00 0.56524722E+00 0.42874235E+00 0.34557041E+00 0.28961566E+00 0.24651440E+00 0.20960153E+00 0.17634848E+00 0.14620280E+00 0.11942403E+00 0.96410564E-01 0.77336879E-01 0.62043051E-01 0.50093784E-01 0.40907569E-01 0.33881132E-01 0.28473538E-01 0.24245426E-01 0.20864799E-01 0.18094312E-01 0.15771776E-01 0.13790745E-01 0.12084048E-01 0.10610878E-01 0.93471087E-02 0.82782740E-02 0.73947323E-02 0.66885443E-02 0.61516830E-02 0.57751977E-02 0.55489963E-02 0.54619702E-02 0.55022588E-02 0.56575212E-02 0.59151453E-02 0.62623712E-02
0.55231171E+00 0.81990779E+00 0.13408710E+01 0.23397836E+01 0.40921286E+01 0.65822639E+01 0.90082335E+01 0.99993804E+01 0.88689226E+01 0.63945099E+01 0.39403130E+01 0.22463429E+01 0.12898603E+01 0.79213695E+00 0.53601487E+00 0.40060630E+00 0.32252554E+00 0.26989210E+00 0.22831684E+00 0.19216286E+00 0.15969579E+00 0.13078612E+00 0.10578333E+00 0.84930392E-01 0.68135666E-01 0.54987085E-01 0.44881231E-01 0.37165899E-01 0.31243318E-01 0.26622318E-01 0.22930087E-01 0.19900460E-01 0.17352841E-01 0.15170319E-01 0.13280759E-01 0.11641847E-01 0.10229815E-01 0.90313064E-02 0.80377718E-02 0.72419333E-02 0.66358114E-02 0.62098801E-02 0.59529391E-02 0.58523703E-02 0.58945357E-02 0.60651632E-02 0.63496466E-02 0.67332346E-02
0.71459535E+00 0.12131153E+01 0.23513610E+01 0.49554242E+01 0.10241172E+02 0.18579921E+02 0.27442177E+02 0.31289221E+02 0.26913688E+02 0.17926419E+02 0.97624032E+01 0.46976946E+01 0.22343662E+01 0.11606916E+01 0.68862981E+00 0.46920542E+00 0.35823612E+00 0.29270975E+00 0.24563028E+00 0.20654759E+00 0.17199123E+00 0.14124495E+00 0.11452683E+00 0.92117761E-01 0.73990761E-01 0.59765193E-01 0.48826876E-01 0.40484579E-01 0.34091012E-01 0.29107966E-01 0.25124685E-01 0.21847936E-01 0.19080020E-01 0.16694859E-01 0.14616840E-01 0.12803790E-01 0.11233987E-01 0.98967161E-02 0.87857826E-02 0.78954689E-02 0.72183748E-02 0.67445986E-02 0.64617672E-02 0.63555005E-02 0.64100155E-02 0.66086886E-02 0.69344912E-02 0.73702806E-02
0.92648939E+00 0.18027628E+01 0.41438168E+01 0.10323450E+02 0.24391795E+02 0.50624312E+02 0.85836527E+02 0.10375905E+03 0.83501447E+02 0.48351110E+02 0.23049334E+02 0.96848586E+01 0.38903382E+01 0.17073048E+01 0.88623447E+00 0.54871708E+00 0.39511301E+00 0.31397992E+00 0.26085927E+00 0.21895048E+00 0.18259588E+00 0.15035333E+00 0.12224862E+00 0.98569240E-01 0.79341120E-01 0.64216214E-01 0.52577616E-01 0.43705352E-01 0.36912138E-01 0.31619992E-01 0.27384913E-01 0.23889256E-01 0.20919728E-01 0.18342290E-01 0.16079271E-01 0.14090410E-01 0.12358030E-01 0.10876024E-01 0.96422640E-02 0.86538948E-02 0.79049338E-02 0.73855140E-02 0.70821481E-02 0.69785023E-02 0.70563068E-02 0.72961808E-02 0.76782735E-02 0.81827040E-02
0.11609097E+01 0.25451230E+01 0.67272167E+01 0.18917137E+02 0.51214624E+02 0.13313419E+03 0.27630371E+03 0.36107485E+03 0.26592947E+03 0.12499642E+03 0.47803828E+02 0.17609430E+02 0.62570077E+01 0.23886143E+01 0.11030743E+01 0.62824778E+00 0.42900563E+00 0.33202579E+00 0.27316904E+00 0.22882305E+00 0.19106434E+00 0.15771933E+00 0.12860727E+00 0.10399946E+00 0.83956893E-01 0.68157596E-01 0.55986276E-01 0.46705345E-01 0.39600670E-01 0.34065849E-01 0.29631231E-01 0.25958540E-01 0.22820079E-01 0.20074058E-01 0.17641190E-01 0.15484351E-01 0.13591816E-01 0.11964314E-01 0.10605904E-01 0.95183305E-02 0.86982449E-02 0.81365014E-02 0.78187472E-02 0.77266270E-02 0.78391309E-02 0.81338017E-02 0.85876752E-02 0.91779356E-02
0.13549874E+01 0.32216562E+01 0.92951232E+01 0.28259324E+02 0.88260080E+02 0.28168905E+03 0.79977685E+03 0.13201066E+04 0.74685288E+03 0.26093102E+03 0.81250666E+02 0.26143811E+02 0.85972560E+01 0.30049960E+01 0.12812582E+01 0.68932634E+00 0.45380115E+00 0.34471956E+00 0.28167841E+00 0.23568022E+00 0.19705404E+00 0.16307422E+00 0.13339671E+00 0.10826412E+00 0.87747361E-01 0.71535038E-01 0.59014336E-01 0.49444574E-01 0.42105689E-01 0.36382634E-01 0.31793724E-01 0.27986175E-01 0.24718248E-01 0.21838064E-01 0.19262445E-01 0.16956601E-01 0.14915623E-01 0.13149038E-01 0.11669414E-01 0.10485208E-01 0.95973026E-02 0.89982956E-02 0.86734715E-02 0.86025829E-02 0.87618054E-02 0.91254754E-02 0.96674554E-02 0.10362090E-01
0.14329184E+01 0.35038776E+01 0.10409201E+02 0.32581469E+02 0.10848901E+03 0.37698448E+03 0.13761154E+04 0.70961183E+03 0.12678132E+04 0.34613947E+03 0.99298374E+02 0.30061295E+02 0.96096383E+01 0.32608350E+01 0.13519911E+01 0.71317645E+00 0.46375604E+00 0.35019429E+00 0.28569531E+00 0.23920961E+00 0.20041419E+00 0.16637579E+00 0.13667243E+00 0.11150543E+00 0.90916328E-01 0.74576191E-01 0.61872997E-01 0.52086172E-01 0.44526534E-01 0.38606937E-01 0.33859576E-01 0.29928647E-01 0.26557758E-01 0.23577888E-01 0.20894017E-01 0.18468271E-01 0.16300533E-01 0.14409740E-01 0.12818937E-01 0.11545545E-01 0.10596601E-01 0.99677939E-02 0.96448530E-02 0.96060555E-02 0.98249722E-02 0.10272935E-01 0.10920975E-01 0.11741183E-01
0.13592035E+01 0.32248551E+01 0.92974531E+01 0.28260941E+02 0.88261142E+02 0.28168971E+03 0.79977726E+03 0.13201068E+04 0.74685316E+03 0.26093142E+03 0.81251273E+02 0.26144707E+02 0.85984969E+01 0.30066092E+01 0.12832434E+01 0.69166169E+00 0.45645825E+00 0.34768642E+00 0.28498198E+00 0.23939602E+00 0.20129054E+00 0.16792893E+00 0.13889696E+00 0.11431935E+00 0.94141175E-01 0.77968980E-01 0.65188482E-01 0.55139308E-01 0.47228346E-01 0.40962428E-01 0.35935404E-01 0.31810152E-01 0.28314567E-01 0.25248163E-01 0.22486615E-01 0.19975145E-01 0.17710662E-01 0.15718974E-01 0.14034239E-01 0.12684762E-01 0.11685761E-01 0.11037637E-01 0.10727696E-01 0.10733511E-01 0.11026684E-01 0.11576251E-01 0.12351381E-01 0.13323247E-01
0.11692444E+01 0.25514339E+01 0.67317955E+01 0.18920293E+02 0.51216669E+02 0.13313543E+03 0.27630443E+03 0.36107532E+03 0.26592994E+03 0.12499712E+03 0.47804937E+02 0.17611111E+02 0.62593681E+01 0.23917092E+01 0.11069061E+01 0.63278375E+00 0.43421457E+00 0.33792937E+00 0.27988960E+00 0.23659763E+00 0.20019747E+00 0.16846918E+00 0.14103753E+00 0.11786392E+00 0.98686312E-01 0.82974839E-01 0.70109937E-01 0.59556231E-01 0.50923919E-01 0.43925146E-01 0.38297198E-01 0.33759387E-01 0.30022939E-01 0.26831851E-01 0.24001626E-01 0.21434330E-01 0.19107036E-01 0.17044452E-01 0.15289802E-01 0.13883142E-01 0.12849654E-01 0.12196195E-01 0.11913079E-01 0.11978380E-01 0.12362929E-01 0.13034902E-01 0.13963472E-01 0.15121317E-01
0.93875154E+00 0.18120155E+01 0.41504866E+01 0.10327993E+02 0.24394672E+02 0.50625975E+02 0.85837406E+02 0.10375955E+03 0.83501933E+02 0.48351918E+02 0.23050749E+02 0.96871107E+01 0.38935864E+01 0.17116310E+01 0.89165197E+00 0.55520649E+00 0.40269210E+00 0.32279538E+00 0.27126429E+00 0.23151334E+00 0.19798886E+00 0.16911244E+00 0.14447458E+00 0.12371498E+00 0.10621911E+00 0.91243573E-01 0.78162766E-01 0.66638813E-01 0.56623576E-01 0.48200329E-01 0.41383164E-01 0.36012419E-01 0.31783760E-01 0.28350014E-01 0.25419806E-01 0.22810884E-01 0.20452194E-01 0.18352034E-01 0.16556662E-01 0.15116914E-01 0.14069037E-01 0.13427992E-01 0.13188770E-01 0.13331641E-01 0.13828585E-01 0.14649318E-01 0.15766115E-01 0.17157067E-01
0.73050731E+00 0.12250643E+01 0.23598966E+01 0.49611387E+01 0.10244670E+02 0.18581797E+02 0.27442999E+02 0.31289521E+02 0.26913953E+02 0.17927088E+02 0.97638524E+01 0.47002229E+01 0.22381812E+01 0.11659050E+01 0.69527969E+00 0.47732337E+00 0.36796583E+00 0.30445424E+00 0.26016612E+00 0.22501179E+00 0.19564603E+00 0.17100496E+00 0.15042066E+00 0.13301050E+00 0.11775650E+00 0.10375430E+00 0.90379760E-01 0.77444512E-01 0.65279365E-01 0.54521328E-01 0.45681148E-01 0.38852423E-01 0.33736847E-01 0.29853082E-01 0.26741663E-01 0.24081340E-01 0.21713988E-01 0.19608815E-01 0.17804650E-01 0.16359806E-01 0.15321641E-01 0.14714549E-01 0.14540029E-01 0.14782769E-01 0.15418702E-01 0.16422721E-01 0.17774901E-01 0.19464671E-01
0.57152312E+00 0.83424625E+00 0.13509967E+01 0.23464140E+01 0.40960023E+01 0.65841103E+01 0.90087516E+01 0.99992253E+01 0.88686959E+01 0.63947492E+01 0.39414787E+01 0.22487998E+01 0.12938630E+01 0.79783208E+00 0.54348540E+00 0.40998238E+00 0.33416847E+00 0.28461363E+00 0.24753525E+00 0.21783081E+00 0.19381193E+00 0.17448825E+00 0.15850395E+00 0.14436791E+00 0.13111345E+00 0.11825000E+00 0.10518544E+00 0.91335679E-01 0.76928574E-01 0.63185695E-01 0.51480633E-01 0.42475571E-01 0.35991174E-01 0.31388709E-01 0.27975806E-01 0.25231629E-01 0.22867078E-01 0.20785444E-01 0.19004529E-01 0.17584775E-01 0.16583549E-01 0.16035549E-01 0.15950696E-01 0.16320901E-01 0.17129896E-01 0.18362915E-01 0.20014590E-01 0.22094279E-01
0.46135097E+00 0.59666173E+00 0.82972108E+00 0.12126317E+01 0.17834950E+01 0.24940091E+01 0.31292727E+01 0.33780888E+01 0.30924998E+01 0.24401843E+01 0.17327139E+01 0.11727357E+01 0.79913172E+00 0.57099370E+00 0.43659553E+00 0.35580610E+00 0.30289815E+00 0.26420046E+00 0.23393160E+00 0.21022447E+00 0.19218428E+00 0.17804745E+00 0.16510715E+00 0.15159356E+00 0.13819780E+00 0.12652163E+00 0.11607904E+00 0.10428868E+00 0.89619779E-01 0.73441067E-01 0.58540462E-01 0.46813512E-01 0.38531110E-01 0.32954926E-01 0.29118183E-01 0.26249743E-01 0.23891641E-01 0.21857103E-01 0.20129599E-01 0.18765620E-01 0.17830651E-01 0.17370122E-01 0.17404377E-01 0.17935985E-01 0.18961539E-01 0.20483615E-01 0.22520748E-01 0.25114377E-01
0.38746847E+00 0.45757421E+00 0.56407604E+00 0.71863129E+00 0.92057121E+00 0.11422974E+01 0.13224473E+01 0.13892300E+01 0.13110914E+01 0.11237459E+01 0.89962404E+00 0.69786340E+00 0.54359626E+00 0.43609381E+00 0.36336910E+00 0.31240334E+00 0.27398115E+00 0.24345738E+00 0.21943550E+00 0.20177439E+00 0.18932637E+00 0.17837371E+00 0.16409420E+00 0.14536598E+00 0.12744395E+00 0.11687182E+00 0.11338761E+00 0.10969052E+00 0.99519748E-01 0.83313716E-01 0.65900063E-01 0.51406385E-01 0.41144258E-01 0.34461629E-01 0.30132752E-01 0.27117122E-01 0.24770403E-01 0.22803244E-01 0.21156563E-01 0.19878244E-01 0.19039954E-01 0.18698078E-01 0.18885521E-01 0.19619657E-01 0.20916381E-01 0.22804805E-01 0.25339953E-01 0.28612136E-01
