Basic/Day4/qtaim/urea/crystal/pato/urea_cry_pl2d_pato.SURFGRHO
DSAA
 161 161
-0.75589045E+01  0.75589045E+01  0.94486307E-01
-0.75589045E+01  0.75589045E+01  0.94486307E-01
 0.00000000E+00  0.00000000E+00
[rows 88 to 109 of 161, columns 0 to 47 of 161]
0.50207854E+00 0.51012727E+00 0.50809099E+00 0.49608683E+00 0.47480886E+00 0.44549847E+00 0.40987058E+00 0.36997773E+00 0.32801216E+00 0.28607371E+00 0.24595175E+00 0.20897015E+00 0.17592390E+00 0.14710662E+00 0.12240434E+00 0.10142104E+00 0.83605028E-01 0.68357270E-01 0.55116534E-01 0.43432378E-01 0.33065934E-01 0.24246561E-01 0.18414354E-01 0.18616466E-01 0.25177097E-01 0.35248169E-01 0.47166127E-01 0.60320921E-01 0.74538141E-01 0.90055486E-01 0.10782477E+00 0.12989001E+00 0.15940990E+00 0.19968006E+00 0.25158803E+00 0.30972352E+00 0.35940201E+00 0.37958971E+00 0.35602865E+00 0.29935363E+00 0.24607619E+00 0.21547360E+00 0.17895383E+00 0.11267531E+00 0.42568318E-01 0.10614580E+00 0.20264895E+00 0.28998664E+00
0.64788248E+00 0.65795036E+00 0.65540680E+00 0.64036353E+00 0.61350040E+00 0.57610317E+00 0.53008111E+00 0.47789954E+00 0.42238577E+00 0.36642275E+00 0.31260270E+00 0.26293803E+00 0.21870377E+00 0.18043290E+00 0.14803384E+00 0.12097286E+00 0.98465509E-01 0.79640318E-01 0.63661060E-01 0.49814886E-01 0.37599308E-01 0.26913086E-01 0.18739428E-01 0.16629839E-01 0.22689707E-01 0.33206307E-01 0.45715899E-01 0.59445376E-01 0.74222010E-01 0.90368946E-01 0.10903695E+00 0.13261956E+00 0.16473751E+00 0.20902414E+00 0.26598171E+00 0.32804022E+00 0.37546258E+00 0.37942307E+00 0.31829500E+00 0.20415110E+00 0.12020229E+00 0.15957495E+00 0.19243210E+00 0.16885723E+00 0.12113202E+00 0.12307386E+00 0.18710952E+00 0.26295146E+00
0.80920234E+00 0.82073432E+00 0.81782721E+00 0.80054638E+00 0.76932277E+00 0.72510683E+00 0.66957120E+00 0.60523538E+00 0.53538494E+00 0.46373580E+00 0.39392104E+00 0.32897159E+00 0.27096097E+00 0.22089803E+00 0.17884449E+00 0.14416695E+00 0.11582340E+00 0.92613000E-01 0.73359021E-01 0.57027216E-01 0.42808781E-01 0.30246189E-01 0.19717966E-01 0.14486601E-01 0.19427007E-01 0.30325110E-01 0.43371058E-01 0.57576288E-01 0.72761524E-01 0.89287585E-01 0.10838202E+00 0.13256589E+00 0.16562595E+00 0.21131914E+00 0.27001848E+00 0.33339116E+00 0.37987120E+00 0.37766989E+00 0.30159825E+00 0.15885628E+00 0.60375603E-01 0.17416435E+00 0.23731439E+00 0.22996371E+00 0.18747612E+00 0.16355444E+00 0.18977868E+00 0.24425212E+00
0.97046515E+00 0.98238126E+00 0.97938559E+00 0.96146315E+00 0.92857969E+00 0.88091999E+00 0.81929828E+00 0.74560681E+00 0.66305471E+00 0.57597309E+00 0.48917095E+00 0.40708062E+00 0.33303539E+00 0.26891637E+00 0.21519921E+00 0.17127311E+00 0.13585768E+00 0.10738328E+00 0.84270701E-01 0.65103797E-01 0.48724467E-01 0.34310881E-01 0.21636911E-01 0.12766453E-01 0.15458357E-01 0.26669866E-01 0.40201100E-01 0.54773340E-01 0.70199431E-01 0.86824467E-01 0.10581354E+00 0.12956501E+00 0.16170678E+00 0.20591756E+00 0.26286804E+00 0.32545394E+00 0.37500915E+00 0.38494484E+00 0.33855476E+00 0.25977754E+00 0.22976736E+00 0.27053985E+00 0.29828916E+00 0.27926156E+00 0.23318089E+00 0.19743927E+00 0.19860437E+00 0.23093520E+00
0.11155650E+01 0.11269095E+01 0.11240614E+01 0.11069645E+01 0.10752724E+01 0.10284049E+01 0.96591170E+00 0.88822717E+00 0.79750186E+00 0.69794408E+00 0.59530697E+00 0.49568763E+00 0.40422068E+00 0.32422695E+00 0.25702728E+00 0.20228162E+00 0.15856606E+00 0.12394052E+00 0.96376858E-01 0.74021388E-01 0.55324862E-01 0.39098806E-01 0.24610025E-01 0.12394733E-01 0.10923430E-01 0.22358199E-01 0.36329812E-01 0.51151324E-01 0.66646878E-01 0.83105833E-01 0.10151340E+00 0.12392844E+00 0.15352705E+00 0.19368397E+00 0.24556021E+00 0.30446646E+00 0.35727493E+00 0.38579459E+00 0.38016723E+00 0.35532993E+00 0.34295882E+00 0.34679690E+00 0.33832162E+00 0.30310406E+00 0.25381078E+00 0.21456458E+00 0.20309573E+00 0.21877306E+00
0.12405560E+01 0.12520052E+01 0.12491110E+01 0.12320027E+01 0.12011533E+01 0.11564849E+01 0.10968807E+01 0.10208736E+01 0.92828086E+00 0.82172388E+00 0.70691359E+00 0.59139819E+00 0.48251796E+00 0.38568833E+00 0.30367167E+00 0.23679661E+00 0.18369331E+00 0.14210852E+00 0.10954856E+00 0.83680213E-01 0.62526241E-01 0.44527578E-01 0.28553241E-01 0.14074752E-01 0.61627780E-02 0.17569945E-01 0.31935055E-01 0.46873203E-01 0.62270509E-01 0.78345759E-01 0.95837742E-01 0.11633200E+00 0.14234959E+00 0.17672772E+00 0.22092880E+00 0.27254971E+00 0.32362415E+00 0.36264555E+00 0.38182599E+00 0.38411260E+00 0.37849078E+00 0.36595719E+00 0.33934140E+00 0.29755534E+00 0.25100293E+00 0.21478070E+00 0.19936891E+00 0.20499033E+00
0.13694092E+01 0.13862508E+01 0.13818963E+01 0.13574567E+01 0.13180067E+01 0.12679993E+01 0.12080623E+01 0.11352358E+01 0.10457436E+01 0.93845873E+00 0.81701159E+00 0.68926417E+00 0.56465226E+00 0.45120784E+00 0.35380424E+00 0.27396446E+00 0.21067869E+00 0.16150992E+00 0.12352444E+00 0.93890643E-01 0.70177470E-01 0.50449583E-01 0.33251998E-01 0.17562129E-01 0.33179057E-02 0.12592640E-01 0.27252059E-01 0.42140351E-01 0.57271827E-01 0.72799777E-01 0.89208118E-01 0.10757858E+00 0.12970328E+00 0.15772144E+00 0.19303714E+00 0.23471135E+00 0.27828881E+00 0.31658193E+00 0.34297426E+00 0.35474303E+00 0.35243938E+00 0.33655412E+00 0.30765603E+00 0.26991986E+00 0.23183878E+00 0.20273258E+00 0.18841232E+00 0.18904132E+00
0.15898899E+01 0.16363152E+01 0.16238787E+01 0.15595771E+01 0.14732493E+01 0.13880678E+01 0.13095538E+01 0.12317844E+01 0.11449117E+01 0.10410502E+01 0.91865699E+00 0.78360758E+00 0.64643727E+00 0.51787241E+00 0.40545410E+00 0.31246566E+00 0.23864014E+00 0.18155262E+00 0.13790184E+00 0.10436913E+00 0.78061436E-01 0.56664875E-01 0.38437566E-01 0.22133943E-01 0.69572147E-02 0.80548176E-02 0.22588464E-01 0.37183695E-01 0.51867486E-01 0.66720935E-01 0.82005675E-01 0.98357497E-01 0.11689507E+00 0.13903677E+00 0.16586144E+00 0.19711486E+00 0.23039145E+00 0.26127364E+00 0.28475539E+00 0.29708627E+00 0.29663350E+00 0.28374013E+00 0.26081164E+00 0.23257350E+00 0.20521249E+00 0.18435302E+00 0.17316766E+00 0.17179450E+00
0.23101864E+01 0.25484359E+01 0.24822435E+01 0.21681758E+01 0.18268942E+01 0.15830049E+01 0.14285338E+01 0.13208736E+01 0.12273227E+01 0.11262656E+01 0.10066745E+01 0.86916758E+00 0.72342938E+00 0.58228371E+00 0.45616672E+00 0.35058737E+00 0.26640772E+00 0.20144679E+00 0.15214704E+00 0.11474631E+00 0.85904054E-01 0.62935901E-01 0.43831353E-01 0.27193410E-01 0.12343390E-01 0.59538210E-02 0.18362544E-01 0.32258545E-01 0.46276785E-01 0.60336340E-01 0.74516050E-01 0.89111232E-01 0.10470997E+00 0.12211577E+00 0.14200212E+00 0.16433554E+00 0.18784146E+00 0.20992973E+00 0.22731691E+00 0.23709947E+00 0.23770706E+00 0.22939085E+00 0.21426123E+00 0.19584961E+00 0.17814389E+00 0.16441890E+00 0.15644485E+00 0.15442667E+00
0.58020544E+01 0.73179784E+01 0.68881722E+01 0.49452159E+01 0.30935309E+01 0.20636569E+01 0.16202918E+01 0.14200691E+01 0.12993192E+01 0.11948531E+01 0.10785951E+01 0.94208162E+00 0.79165184E+00 0.64101284E+00 0.50326770E+00 0.38637259E+00 0.29260917E+00 0.22025573E+00 0.16562730E+00 0.12458877E+00 0.93391227E-01 0.69004033E-01 0.49165106E-01 0.32332297E-01 0.17799913E-01 0.83558144E-02 0.15155061E-01 0.27642965E-01 0.40716786E-01 0.53846508E-01 0.66935187E-01 0.80043783E-01 0.93398889E-01 0.10736113E+00 0.12225662E+00 0.13807122E+00 0.15413848E+00 0.16904149E+00 0.18088825E+00 0.18790499E+00 0.18908541E+00 0.18460467E+00 0.17583362E+00 0.16494341E+00 0.15425140E+00 0.14559556E+00 0.14000948E+00 0.13776809E+00
0.21780263E+02 0.30479915E+02 0.27943363E+02 0.17160803E+02 0.79437547E+01 0.35003876E+01 0.20066006E+01 0.15507829E+01 0.13676142E+01 0.12495360E+01 0.11343042E+01 0.10002578E+01 0.84811166E+00 0.69103038E+00 0.54416512E+00 0.41781864E+00 0.31579690E+00 0.23697687E+00 0.17766291E+00 0.13343341E+00 0.10019300E+00 0.74608128E-01 0.54192174E-01 0.37259297E-01 0.22988825E-01 0.12645273E-01 0.13624435E-01 0.23633820E-01 0.35400726E-01 0.47436276E-01 0.59410508E-01 0.71221621E-01 0.82878895E-01 0.94470455E-01 0.10608625E+00 0.11767325E+00 0.12887573E+00 0.13896843E+00 0.14697441E+00 0.15196314E+00 0.15340650E+00 0.15142040E+00 0.14677110E+00 0.14064343E+00 0.13428808E+00 0.12871877E+00 0.12457937E+00 0.12217826E+00
0.84556485E+02 0.13670279E+03 0.12044449E+03 0.61044843E+02 0.22357774E+02 0.71691791E+01 0.27756811E+01 0.17295827E+01 0.14340814E+01 0.12922175E+01 0.11747816E+01 0.10430630E+01 0.89093997E+00 0.72998096E+00 0.57661265E+00 0.44308356E+00 0.33459564E+00 0.25064204E+00 0.18759342E+00 0.14083099E+00 0.10599275E+00 0.79504555E-01 0.58697166E-01 0.41756662E-01 0.27726207E-01 0.17082012E-01 0.14004423E-01 0.20522723E-01 0.30534195E-01 0.41283360E-01 0.52081066E-01 0.62684595E-01 0.72979721E-01 0.82909952E-01 0.92433125E-01 0.10145870E+00 0.10977707E+00 0.11702565E+00 0.12273680E+00 0.12647224E+00 0.12799133E+00 0.12736915E+00 0.12500133E+00 0.12149501E+00 0.11750715E+00 0.11361208E+00 0.11024558E+00 0.10771379E+00
0.28994496E+03 0.59558724E+03 0.48464710E+03 0.18645277E+03 0.51581959E+02 0.13372811E+02 0.39085723E+01 0.19348957E+01 0.14913673E+01 0.13222032E+01 0.12008642E+01 0.10706469E+01 0.91919117E+00 0.75625391E+00 0.59888073E+00 0.46066249E+00 0.34784597E+00 0.26042165E+00 0.19484870E+00 0.14639303E+00 0.11051789E+00 0.83487042E-01 0.62505416E-01 0.45663365E-01 0.31884914E-01 0.21173881E-01 0.15739303E-01 0.18522417E-01 0.26304617E-01 0.35557114E-01 0.45094429E-01 0.54509014E-01 0.63605403E-01 0.72257864E-01 0.80363699E-01 0.87812545E-01 0.94458475E-01 0.10010706E+00 0.10453483E+00 0.10754473E+00 0.10903716E+00 0.10906158E+00 0.10782119E+00 0.10563017E+00 0.10284928E+00 0.99832400E-01 0.96900260E-01 0.94333234E-01
0.64338464E+03 0.24591203E+04 0.14848960E+04 0.35935876E+03 0.81418539E+02 0.18564345E+02 0.47820935E+01 0.20736424E+01 0.15233292E+01 0.13366790E+01 0.12127643E+01 0.10833293E+01 0.93248579E+00 0.76889931E+00 0.60982999E+00 0.46951266E+00 0.35472326E+00 0.26571719E+00 0.19901386E+00 0.14983507E+00 0.11356788E+00 0.86404068E-01 0.65491263E-01 0.48869778E-01 0.35381214E-01 0.24735133E-01 0.18028960E-01 0.17649246E-01 0.22860628E-01 0.30408453E-01 0.38599660E-01 0.46813371E-01 0.54776267E-01 0.62325671E-01 0.69336441E-01 0.75693821E-01 0.81280455E-01 0.85972824E-01 0.89650328E-01 0.92217701E-01 0.93633467E-01 0.93931539E-01 0.93225503E-01 0.91694905E-01 0.89562304E-01 0.87071882E-01 0.84473991E-01 0.82011595E-01
0.55729523E+03 0.17014216E+04 0.11963284E+04 0.32240897E+03 0.75689902E+02 0.17629902E+02 0.46252609E+01 0.20471500E+01 0.15161884E+01 0.13332257E+01 0.12103468E+01 0.10812664E+01 0.93069342E+00 0.76749471E+00 0.60892113E+00 0.46912630E+00 0.35481952E+00 0.26622902E+00 0.19987830E+00 0.15100954E+00 0.11503531E+00 0.88171470E-01 0.67583626E-01 0.51315633E-01 0.38171952E-01 0.27685042E-01 0.20326366E-01 0.17672876E-01 0.20280504E-01 0.25955904E-01 0.32728745E-01 0.39730233E-01 0.46590798E-01 0.53115406E-01 0.59170346E-01 0.64644540E-01 0.69436788E-01 0.73453936E-01 0.76615944E-01 0.78866095E-01 0.80183277E-01 0.80591797E-01 0.80164981E-01 0.79021837E-01 0.77318997E-01 0.75240642E-01 0.72987163E-01 0.70761042E-01
0.21586852E+03 0.40504128E+03 0.34117372E+03 0.14312109E+03 0.42593197E+02 0.11594065E+02 0.35863294E+01 0.18737161E+01 0.14722354E+01 0.13121252E+01 0.11935305E+01 0.10643492E+01 0.91377080E+00 0.75206124E+00 0.59620814E+00 0.45956235E+00 0.34818367E+00 0.26199114E+00 0.19746136E+00 0.14992324E+00 0.11491687E+00 0.88778486E-01 0.68767701E-01 0.52987582E-01 0.40252095E-01 0.30000168E-01 0.22348941E-01 0.18228215E-01 0.18539882E-01 0.22272054E-01 0.27579353E-01 0.33373056E-01 0.39165053E-01 0.44718262E-01 0.49890141E-01 0.54574675E-01 0.58682615E-01 0.62137079E-01 0.64875997E-01 0.66857792E-01 0.68067988E-01 0.68524707E-01 0.68281509E-01 0.67426901E-01 0.66080714E-01 0.64387696E-01 0.62508337E-01 0.60606669E-01
0.59286809E+02 0.91587317E+02 0.81699929E+02 0.43999069E+02 0.17185901E+02 0.58937585E+01 0.25083098E+01 0.16635169E+01 0.14071983E+01 0.12759564E+01 0.11622213E+01 0.10322229E+01 0.88179246E+00 0.72308251E+00 0.57234471E+00 0.44144630E+00 0.33531954E+00 0.25336953E+00 0.19201147E+00 0.14673687E+00 0.11331285E+00 0.88286535E-01 0.69082378E-01 0.53914975E-01 0.41650838E-01 0.31696907E-01 0.23974387E-01 0.18980337E-01 0.17505792E-01 0.19372663E-01 0.23205419E-01 0.27814854E-01 0.32587002E-01 0.37228597E-01 0.41581088E-01 0.45540378E-01 0.49026469E-01 0.51974101E-01 0.54332333E-01 0.56067790E-01 0.57168920E-01 0.57649699E-01 0.57551738E-01 0.56944220E-01 0.55921415E-01 0.54597699E-01 0.53100129E-01 0.51558857E-01
0.15145287E+02 0.20667598E+02 0.19075228E+02 0.12141390E+02 0.59908748E+01 0.29258398E+01 0.18470979E+01 0.14913336E+01 0.13352627E+01 0.12269517E+01 0.11158828E+01 0.98444826E+00 0.83517060E+00 0.68161895E+00 0.53860000E+00 0.41593758E+00 0.31714241E+00 0.24102504E+00 0.18397942E+00 0.14174740E+00 0.11041573E+00 0.86821258E-01 0.68613746E-01 0.54163744E-01 0.42426307E-01 0.32821364E-01 0.25170360E-01 0.19703539E-01 0.16977041E-01 0.17211489E-01 0.19615772E-01 0.23082178E-01 0.26896433E-01 0.30698364E-01 0.34303788E-01 0.37604799E-01 0.40527182E-01 0.43014712E-01 0.45025251E-01 0.46531778E-01 0.47525051E-01 0.48016155E-01 0.48037948E-01 0.47644877E-01 0.46910882E-01 0.45925385E-01 0.44787523E-01 0.43599144E-01
0.42228660E+01 0.51555420E+01 0.48921441E+01 0.36904075E+01 0.25181086E+01 0.18364225E+01 0.15201645E+01 0.13636909E+01 0.12608615E+01 0.11648977E+01 0.10534317E+01 0.92092892E+00 0.77501223E+00 0.62945241E+00 0.49684908E+00 0.38465489E+00 0.29489652E+00 0.22584641E+00 0.17397120E+00 0.13535705E+00 0.10649022E+00 0.84559480E-01 0.67485767E-01 0.53828953E-01 0.42659435E-01 0.33441511E-01 0.25956378E-01 0.20278537E-01 0.16749917E-01 0.15686699E-01 0.16778000E-01 0.19160276E-01 0.22085204E-01 0.25126097E-01 0.28064183E-01 0.30780848E-01 0.33203178E-01 0.35281105E-01 0.36979454E-01 0.38276550E-01 0.39165290E-01 0.39654644E-01 0.39770498E-01 0.39555302E-01 0.39066322E-01 0.38372528E-01 0.37550419E-01 0.36679292E-01
0.19266950E+01 0.20710120E+01 0.20311699E+01 0.18392658E+01 0.16225626E+01 0.14578384E+01 0.13454483E+01 0.12606090E+01 0.11802068E+01 0.10873306E+01 0.97397617E+00 0.84259662E+00 0.70347793E+00 0.56915851E+00 0.44949386E+00 0.34955254E+00 0.27004118E+00 0.20886393E+00 0.16268866E+00 0.12803482E+00 0.10184892E+00 0.81713491E-01 0.65849575E-01 0.53026858E-01 0.42447692E-01 0.33640504E-01 0.26382550E-01 0.20662716E-01 0.16666764E-01 0.14662856E-01 0.14625143E-01 0.16003468E-01 0.18108460E-01 0.20465578E-01 0.22816253E-01 0.25024242E-01 0.27012798E-01 0.28734507E-01 0.30158891E-01 0.31268329E-01 0.32057441E-01 0.32533534E-01 0.32716871E-01 0.32640212E-01 0.32347420E-01 0.31891243E-01 0.31330571E-01 0.30727693E-01
0.14138187E+01 0.14429073E+01 0.14351599E+01 0.13945632E+01 0.13383788E+01 0.12803472E+01 0.12231526E+01 0.11612332E+01 0.10861413E+01 0.99178086E+00 0.87819015E+00 0.75207214E+00 0.62394147E+00 0.50401453E+00 0.39929187E+00 0.31275531E+00 0.24412125E+00 0.19115781E+00 0.15086858E+00 0.12027728E+00 0.96827464E-01 0.78515160E-01 0.63872862E-01 0.51887311E-01 0.41899231E-01 0.33511002E-01 0.26516672E-01 0.20862099E-01 0.16630519E-01 0.14002142E-01 0.13064853E-01 0.13545878E-01 0.14899087E-01 0.16641835E-01 0.18478050E-01 0.20248175E-01 0.21866319E-01 0.23283834E-01 0.24472276E-01 0.25416444E-01 0.26111985E-01 0.26564756E-01 0.26790543E-01 0.26814502E-01 0.26670132E-01 0.26397875E-01 0.26043660E-01 0.25657913E-01
0.12167972E+01 0.12268039E+01 0.12242314E+01 0.12095926E+01 0.11850443E+01 0.11517091E+01 0.11078837E+01 0.10496491E+01 0.97337834E+00 0.87860412E+00 0.76947724E+00 0.65387394E+00 0.54079859E+00 0.43772157E+00 0.34911433E+00 0.27637947E+00 0.21864388E+00 0.17377637E+00 0.13922946E+00 0.11257445E+00 0.91762674E-01 0.75201832E-01 0.61730421E-01 0.50547009E-01 0.41127724E-01 0.33150393E-01 0.26435739E-01 0.20911164E-01 0.16596406E-01 0.13590367E-01 0.11991683E-01 0.11709656E-01 0.12380568E-01 0.13567195E-01 0.14949794E-01 0.16342858E-01 0.17646429E-01 0.18806589E-01 0.19794066E-01 0.20594252E-01 0.21202935E-01 0.21624549E-01 0.21871336E-01 0.21962691E-01 0.21924449E-01 0.21788239E-01 0.21591196E-01 0.21376571E-01
