Basic/Day4/qtaim/urea/crystal/pato/urea_cry_pl2d_pato.SURFKKIN
DSAA
 161 161
-0.75589045E+01  0.75589045E+01  0.94486307E-01
-0.75589045E+01  0.75589045E+01  0.94486307E-01
 0.00000000E+00  0.00000000E+00
[rows 110 to 131 of 161, columns 0 to 47 of 161]
0.13061925E+01 0.13473806E+01 0.13368982E+01 0.12759339E+01 0.11708511E+01 0.10309830E+01 0.86718073E+00 0.69199392E+00 0.51970997E+00 0.36440938E+00 0.23662503E+00 0.14091526E+00 0.75857065E-01 0.36018104E-01 0.14462265E-01 0.46650292E-02 0.14919361E-02 0.14179880E-02 0.23191828E-02 0.31088202E-02 0.33770409E-02 0.30999346E-02 0.24321807E-02 0.15748591E-02 0.70285663E-03 -0.64855183E-04 -0.66769707E-03 -0.10917793E-02 -0.13535996E-02 -0.14849360E-02 -0.15216067E-02 -0.14965631E-02 -0.14366148E-02 -0.13616638E-02 -0.12853730E-02 -0.12164400E-02 -0.11599408E-02 -0.11184621E-02 -0.10929298E-02 -0.10831614E-02 -0.10882400E-02 -0.11067746E-02 -0.11371626E-02 -0.11778324E-02 -0.12274423E-02 -0.12849744E-02 -0.13495927E-02 -0.14201821E-02
0.93117143E+00 0.96216298E+00 0.95429637E+00 0.90827892E+00 0.82823214E+00 0.72133838E+00 0.59736038E+00 0.46781954E+00 0.34442944E+00 0.23693060E+00 0.15123153E+00 0.88785952E-01 0.47365910E-01 0.22621637E-01 0.96417030E-02 0.40331279E-02 0.24293206E-02 0.25641951E-02 0.31072214E-02 0.34141431E-02 0.32839301E-02 0.27614249E-02 0.19957926E-02 0.11507718E-02 0.35720592E-03 -0.30376784E-03 -0.79837982E-03 -0.11285038E-02 -0.13176185E-02 -0.13985827E-02 -0.14049628E-02 -0.13659958E-02 -0.13044698E-02 -0.12365547E-02 -0.11726999E-02 -0.11189487E-02 -0.10782547E-02 -0.10515900E-02 -0.10387782E-02 -0.10390700E-02 -0.10515311E-02 -0.10752850E-02 -0.11096913E-02 -0.11544423E-02 -0.12095485E-02 -0.12751835E-02 -0.13512711E-02 -0.14367649E-02
0.63318659E+00 0.65604501E+00 0.65023447E+00 0.61636123E+00 0.55797259E+00 0.48121146E+00 0.39409956E+00 0.30538298E+00 0.22306433E+00 0.15302818E+00 0.98260220E-01 0.58908688E-01 0.33028425E-01 0.17597614E-01 0.94216918E-02 0.57245190E-02 0.44114903E-02 0.40914406E-02 0.39654816E-02 0.36677999E-02 0.31096872E-02 0.23511704E-02 0.15082542E-02 0.69479019E-03 -0.66737267E-05 -0.55298418E-03 -0.93569806E-03 -0.11706253E-02 -0.12866441E-02 -0.13165445E-02 -0.12908986E-02 -0.12348362E-02 -0.11670181E-02 -0.11000148E-02 -0.10413971E-02 -0.99504636E-03 -0.96238747E-03 -0.94340053E-03 -0.93737546E-03 -0.94343165E-03 -0.96085772E-03 -0.98930250E-03 -0.10288726E-02 -0.10801199E-02 -0.11438804E-02 -0.12209505E-02 -0.13114856E-02 -0.14140885E-02
0.42268555E+00 0.43833745E+00 0.43435224E+00 0.41120871E+00 0.37166799E+00 0.32034825E+00 0.26297098E+00 0.20538202E+00 0.15256112E+00 0.10789257E+00 0.72894080E-01 0.47418390E-01 0.30166507E-01 0.19284564E-01 0.12862985E-01 0.92549708E-02 0.72171464E-02 0.59202453E-02 0.48859041E-02 0.38941630E-02 0.28901756E-02 0.19056546E-02 0.10015070E-02 0.23239175E-03 -0.36992544E-03 -0.79960264E-03 -0.10717729E-02 -0.12144562E-02 -0.12606112E-02 -0.12421017E-02 -0.11860449E-02 -0.11132702E-02 -0.10383071E-02 -0.97025531E-03 -0.91403336E-03 -0.87165901E-03 -0.84336764E-03 -0.82849098E-03 -0.82608898E-03 -0.83538220E-03 -0.85599095E-03 -0.88807809E-03 -0.93236037E-03 -0.99001359E-03 -0.10624054E-02 -0.11506539E-02 -0.12548880E-02 -0.13731897E-02
0.30082915E+00 0.31116732E+00 0.30853326E+00 0.29326032E+00 0.26725121E+00 0.23361477E+00 0.19607872E+00 0.15831403E+00 0.12333957E+00 0.93152711E-01 0.68648280E-01 0.49785686E-01 0.35893849E-01 0.25994714E-01 0.19063492E-01 0.14194443E-01 0.10678665E-01 0.80174959E-02 0.58970207E-02 0.41441432E-02 0.26788429E-02 0.14718572E-02 0.51296317E-03 -0.20862893E-03 -0.71304676E-03 -0.10306560E-02 -0.11985399E-02 -0.12555231E-02 -0.12377336E-02 -0.11756392E-02 -0.10927392E-02 -0.10055983E-02 -0.92473940E-03 -0.85596222E-03 -0.80172364E-03 -0.76237564E-03 -0.73716021E-03 -0.72494156E-03 -0.72470168E-03 -0.73585461E-03 -0.75839879E-03 -0.79297882E-03 -0.84083249E-03 -0.90361551E-03 -0.98307845E-03 -0.10805157E-02 -0.11959329E-02 -0.13268722E-02
0.25338743E+00 0.26067876E+00 0.25882192E+00 0.24804262E+00 0.22962287E+00 0.20563516E+00 0.17853086E+00 0.15069548E+00 0.12408716E+00 0.10003805E+00 0.79235258E-01 0.61836609E-01 0.47645581E-01 0.36277569E-01 0.27282491E-01 0.20220108E-01 0.14699826E-01 0.10397629E-01 0.70582309E-02 0.44875551E-02 0.25395327E-02 0.11014373E-02 0.81221317E-04 -0.60112298E-03 -0.10178706E-02 -0.12345081E-02 -0.13088318E-02 -0.12895981E-02 -0.12156818E-02 -0.11160986E-02 -0.10108908E-02 -0.91260266E-03 -0.82801857E-03 -0.75987191E-03 -0.70835260E-03 -0.67230291E-03 -0.65009359E-03 -0.64021299E-03 -0.64162588E-03 -0.65396838E-03 -0.67760995E-03 -0.71363693E-03 -0.76373903E-03 -0.82997617E-03 -0.91439725E-03 -0.10184214E-02 -0.11419259E-02 -0.12819808E-02
0.26088940E+00 0.26710371E+00 0.26552330E+00 0.25631946E+00 0.24046924E+00 0.21956352E+00 0.19549687E+00 0.17012803E+00 0.14501252E+00 0.12126724E+00 0.99569060E-01 0.80246453E-01 0.63401692E-01 0.49008951E-01 0.36966320E-01 0.27113906E-01 0.19242246E-01 0.13106009E-01 0.84441320E-02 0.50000269E-02 0.25364848E-02 0.84363030E-03 -0.25866729E-03 -0.92157652E-03 -0.12693967E-02 -0.14019755E-02 -0.13971698E-02 -0.13133988E-02 -0.11923730E-02 -0.10619946E-02 -0.93929557E-03 -0.83325119E-03 -0.74728619E-03 -0.68137504E-03 -0.63365713E-03 -0.60161084E-03 -0.58282517E-03 -0.57545767E-03 -0.57847577E-03 -0.59172138E-03 -0.61590491E-03 -0.65250754E-03 -0.70361582E-03 -0.77164070E-03 -0.85889135E-03 -0.96690499E-03 -0.10954748E-02 -0.12413129E-02
0.30579606E+00 0.31218199E+00 0.31056424E+00 0.30105957E+00 0.28440184E+00 0.26198742E+00 0.23569956E+00 0.20750776E+00 0.17909297E+00 0.15167823E+00 0.12604388E+00 0.10263579E+00 0.81696449E-01 0.63364347E-01 0.47710483E-01 0.34724614E-01 0.24291820E-01 0.16191405E-01 0.10123092E-01 0.57472321E-02 0.27233547E-02 0.73802853E-03 -0.47967156E-03 -0.11527204E-02 -0.14572334E-02 -0.15271151E-02 -0.14602401E-02 -0.13249777E-02 -0.11664212E-02 -0.10120277E-02 -0.87649291E-03 -0.76582026E-03 -0.68056414E-03 -0.61829418E-03 -0.57534427E-03 -0.54797931E-03 -0.53308559E-03 -0.52852029E-03 -0.53323854E-03 -0.54726564E-03 -0.57160574E-03 -0.60808396E-03 -0.65913375E-03 -0.72747707E-03 -0.81566418E-03 -0.92536588E-03 -0.10563579E-02 -0.12051318E-02
0.36673478E+00 0.37201919E+00 0.37072202E+00 0.36255054E+00 0.34637193E+00 0.32200642E+00 0.29120996E+00 0.25692028E+00 0.22189529E+00 0.18801804E+00 0.15635150E+00 0.12743172E+00 0.10151462E+00 0.78738552E-01 0.59195729E-01 0.42916853E-01 0.29818952E-01 0.19675856E-01 0.12135381E-01 0.67697531E-02 0.31332834E-02 0.80844454E-03 -0.56632481E-03 -0.12854190E-02 -0.15765074E-02 -0.16076120E-02 -0.14970464E-02 -0.13238341E-02 -0.11373118E-02 -0.96538248E-03 -0.82122707E-03 -0.70857257E-03 -0.62564567E-03 -0.56800350E-03 -0.53044497E-03 -0.50817648E-03 -0.49745936E-03 -0.49587904E-03 -0.50235793E-03 -0.51706845E-03 -0.54125890E-03 -0.57704555E-03 -0.62716049E-03 -0.69460152E-03 -0.78214760E-03 -0.89162634E-03 -0.10228706E-02 -0.11722959E-02
0.38144164E+00 0.37430037E+00 0.37634583E+00 0.38521157E+00 0.38971598E+00 0.37939964E+00 0.35215204E+00 0.31344997E+00 0.27052245E+00 0.22829908E+00 0.18906347E+00 0.15361171E+00 0.12213997E+00 0.94652363E-01 0.71124990E-01 0.51525309E-01 0.35744483E-01 0.23529863E-01 0.14475859E-01 0.80716485E-02 0.37718213E-02 0.10588543E-02 -0.51682951E-03 -0.13196056E-02 -0.16281614E-02 -0.16447747E-02 -0.15088041E-02 -0.13108084E-02 -0.11053668E-02 -0.92179790E-03 -0.77264318E-03 -0.66007842E-03 -0.58056571E-03 -0.52806183E-03 -0.49609436E-03 -0.47898667E-03 -0.47245651E-03 -0.47383313E-03 -0.48200061E-03 -0.49723673E-03 -0.52098368E-03 -0.55559597E-03 -0.60405653E-03 -0.66960464E-03 -0.75523614E-03 -0.86295854E-03 -0.99273521E-03 -0.11410487E-02
0.17826147E+00 0.12664774E+00 0.14035356E+00 0.21230044E+00 0.30504859E+00 0.37275139E+00 0.39118457E+00 0.36712952E+00 0.32148254E+00 0.27090996E+00 0.22313635E+00 0.18040802E+00 0.14299033E+00 0.11066462E+00 0.83174557E-01 0.60324508E-01 0.41919355E-01 0.27658480E-01 0.17084850E-01 0.96149212E-02 0.46139329E-02 0.14720484E-02 -0.34344070E-03 -0.12641684E-02 -0.16186326E-02 -0.16431686E-02 -0.14986119E-02 -0.12878358E-02 -0.10715758E-02 -0.88148595E-03 -0.73029464E-03 -0.61931867E-03 -0.54379731E-03 -0.49648426E-03 -0.46991048E-03 -0.45767485E-03 -0.45504731E-03 -0.45912395E-03 -0.46873948E-03 -0.48424239E-03 -0.50722093E-03 -0.54021640E-03 -0.58641532E-03 -0.64926328E-03 -0.73195892E-03 -0.83670857E-03 -0.96367328E-03 -0.11095368E-02
-0.41151476E+00 -0.51450855E+00 -0.48851605E+00 -0.33537727E+00 -0.84724860E-01 0.17403623E+00 0.34166579E+00 0.39229013E+00 0.36690084E+00 0.31340238E+00 0.25741837E+00 0.20703610E+00 0.16346613E+00 0.12629866E+00 0.94963366E-01 0.69017601E-01 0.48121088E-01 0.31900739E-01 0.19848842E-01 0.11320825E-01 0.56055442E-02 0.20111665E-02 -0.71099709E-04 -0.11358227E-02 -0.15589724E-02 -0.16099570E-02 -0.14709712E-02 -0.12575930E-02 -0.10373562E-02 -0.84497181E-03 -0.69404687E-03 -0.58564172E-03 -0.51425902E-03 -0.47181602E-03 -0.45010454E-03 -0.44215920E-03 -0.44288646E-03 -0.44918841E-03 -0.45984438E-03 -0.47524352E-03 -0.49707546E-03 -0.52802043E-03 -0.57142249E-03 -0.63089756E-03 -0.70982962E-03 -0.81063641E-03 -0.93373437E-03 -0.10761294E-02
-0.95352245E+00 -0.97879346E+00 -0.97510183E+00 -0.91789078E+00 -0.70208736E+00 -0.29740488E+00 0.11484117E+00 0.34387413E+00 0.39127952E+00 0.35123288E+00 0.29021437E+00 0.23249714E+00 0.18284370E+00 0.14099431E+00 0.10604199E+00 0.77243068E-01 0.54065968E-01 0.36041677E-01 0.22610500E-01 0.13077624E-01 0.66693060E-02 0.26238468E-02 0.26547047E-03 -0.95712907E-03 -0.14635230E-02 -0.15540297E-02 -0.14312152E-02 -0.12231267E-02 -0.10042969E-02 -0.81291014E-03 -0.66393905E-03 -0.55865610E-03 -0.49123087E-03 -0.45306218E-03 -0.43543207E-03 -0.43097444E-03 -0.43430828E-03 -0.44218717E-03 -0.45333383E-03 -0.46815422E-03 -0.48840439E-03 -0.51685845E-03 -0.55697526E-03 -0.61250321E-03 -0.68699141E-03 -0.78307433E-03 -0.90146927E-03 -0.10396078E-02
-0.18316949E+00 0.10687268E+01 0.64314338E+00 -0.60667214E+00 -0.97910994E+00 -0.80329583E+00 -0.28526933E+00 0.18588265E+00 0.37623750E+00 0.37807674E+00 0.31915695E+00 0.25550221E+00 0.20024015E+00 0.15409877E+00 0.11590361E+00 0.84596650E-01 0.59433314E-01 0.39833943E-01 0.25185827E-01 0.14753309E-01 0.77135876E-02 0.32483507E-02 0.62580214E-03 -0.75390936E-03 -0.13483053E-02 -0.14850176E-02 -0.13849124E-02 -0.11874855E-02 -0.97391857E-03 -0.78591585E-03 -0.64004700E-03 -0.53810595E-03 -0.47423307E-03 -0.43956729E-03 -0.42509285E-03 -0.42316842E-03 -0.42822611E-03 -0.43690789E-03 -0.44788955E-03 -0.46157967E-03 -0.47976929E-03 -0.50528866E-03 -0.54166928E-03 -0.59275951E-03 -0.66224885E-03 -0.75298449E-03 -0.86601666E-03 -0.99928455E-03
0.23403802E+02 0.51649751E+02 0.42625071E+02 0.12194290E+02 0.15202745E+00 -0.98114076E+00 -0.67819338E+00 -0.54873901E-01 0.31718834E+00 0.38946336E+00 0.34178430E+00 0.27457493E+00 0.21466223E+00 0.16490395E+00 0.12401844E+00 0.90665372E-01 0.63897227E-01 0.43024781E-01 0.27385306E-01 0.16211124E-01 0.86432942E-02 0.38207790E-02 0.96831468E-03 -0.55237789E-03 -0.12293010E-02 -0.14122953E-02 -0.13372997E-02 -0.11533994E-02 -0.94749004E-03 -0.76443350E-03 -0.62237374E-03 -0.52376258E-03 -0.46291026E-03 -0.43089970E-03 -0.41857605E-03 -0.41816377E-03 -0.42398988E-03 -0.43262769E-03 -0.44272716E-03 -0.45469153E-03 -0.47032479E-03 -0.49248182E-03 -0.52473211E-03 -0.57098801E-03 -0.63505170E-03 -0.71997424E-03 -0.82715316E-03 -0.95509228E-03
0.16560219E+03 0.40714534E+03 0.30979440E+03 0.97126773E+02 0.10827300E+02 -0.69902036E+00 -0.89669156E+00 -0.28601157E+00 0.23742261E+00 0.38766345E+00 0.35666378E+00 0.28832736E+00 0.22513019E+00 0.17272443E+00 0.12988783E+00 0.95069462E-01 0.67161096E-01 0.45384136E-01 0.29035687E-01 0.17325518E-01 0.93709400E-02 0.42823936E-02 0.12549452E-02 -0.37633412E-03 -0.11208213E-02 -0.13440735E-02 -0.12928004E-02 -0.11230308E-02 -0.92588723E-03 -0.74865614E-03 -0.61078050E-03 -0.51534835E-03 -0.45693868E-03 -0.42672495E-03 -0.41555059E-03 -0.41562135E-03 -0.42124251E-03 -0.42897372E-03 -0.43746047E-03 -0.44710436E-03 -0.45970924E-03 -0.47813067E-03 -0.50594357E-03 -0.54709838E-03 -0.60547430E-03 -0.68430666E-03 -0.78533866E-03 -0.90766742E-03
0.66552003E+03 0.44150971E+04 0.22046393E+04 0.27309632E+03 0.34731580E+02 0.13958763E+00 -0.96430082E+00 -0.42366796E+00 0.17838623E+00 0.38180609E+00 0.36393270E+00 0.29574867E+00 0.23083914E+00 0.17699723E+00 0.13310821E+00 0.97506053E-01 0.68990264E-01 0.46730078E-01 0.29999452E-01 0.17996376E-01 0.98265041E-02 0.45860963E-02 0.14552006E-02 -0.24475104E-03 -0.10341460E-02 -0.12866774E-02 -0.12546689E-02 -0.10978166E-02 -0.90953507E-03 -0.73849573E-03 -0.60496016E-03 -0.51249599E-03 -0.45597606E-03 -0.42674542E-03 -0.41576982E-03 -0.41533851E-03 -0.41981849E-03 -0.42581363E-03 -0.43199354E-03 -0.43877458E-03 -0.44795508E-03 -0.46237523E-03 -0.48559316E-03 -0.52155905E-03 -0.57420383E-03 -0.64691375E-03 -0.74175609E-03 -0.85841893E-03
0.79726487E+03 0.84066487E+04 0.28495370E+04 0.30666437E+03 0.38194832E+02 0.27509584E+00 -0.96847401E+00 -0.43638503E+00 0.17230371E+00 0.38089447E+00 0.36440340E+00 0.29631485E+00 0.23130323E+00 0.17737604E+00 0.13342975E+00 0.97787038E-01 0.69238459E-01 0.46948528E-01 0.30189663E-01 0.18159805E-01 0.99648691E-02 0.47012774E-02 0.15491443E-02 -0.17004178E-03 -0.97658470E-03 -0.12440837E-02 -0.12247956E-02 -0.10784093E-02 -0.89840703E-03 -0.73360044E-03 -0.60444637E-03 -0.51475210E-03 -0.45962613E-03 -0.43065444E-03 -0.41901668E-03 -0.41718388E-03 -0.41966732E-03 -0.42317734E-03 -0.42645077E-03 -0.42993718E-03 -0.43543535E-03 -0.44576167E-03 -0.46443762E-03 -0.49538361E-03 -0.54254491E-03 -0.60941627E-03 -0.69834620E-03 -0.80957818E-03
0.21874363E+03 0.65574912E+03 0.46588058E+03 0.12519018E+03 0.14973342E+02 -0.56862104E+00 -0.91948718E+00 -0.32242408E+00 0.22234397E+00 0.38587693E+00 0.35815309E+00 0.28994859E+00 0.22644287E+00 0.17379359E+00 0.13079546E+00 0.95863740E-01 0.67864389E-01 0.46005192E-01 0.29578716E-01 0.17794379E-01 0.97700418E-02 0.46164958E-02 0.15289829E-02 -0.15719677E-03 -0.95106313E-03 -0.12177658E-02 -0.12036874E-02 -0.10647188E-02 -0.89208475E-03 -0.73340760E-03 -0.60866324E-03 -0.52158444E-03 -0.46745216E-03 -0.43812516E-03 -0.42508080E-03 -0.42106577E-03 -0.42082079E-03 -0.42122943E-03 -0.42114447E-03 -0.42107832E-03 -0.42284292E-03 -0.42922855E-03 -0.44370345E-03 -0.47012787E-03 -0.51241729E-03 -0.57411855E-03 -0.65779522E-03 -0.76417561E-03
0.38075065E+02 0.80438506E+02 0.67064332E+02 0.20620610E+02 0.10090358E+01 -0.97125044E+00 -0.73746984E+00 -0.10502236E+00 0.30086194E+00 0.38878369E+00 0.34436971E+00 0.27702314E+00 0.21660305E+00 0.16647586E+00 0.12535108E+00 0.91833747E-01 0.64936400E-01 0.43948691E-01 0.28200360E-01 0.16922353E-01 0.92558057E-02 0.43397571E-02 0.13991132E-02 -0.20386520E-03 -0.95626396E-03 -0.12068513E-02 -0.11906179E-02 -0.10560426E-02 -0.88986173E-03 -0.73723496E-03 -0.61696711E-03 -0.53243275E-03 -0.47899737E-03 -0.44882218E-03 -0.43376168E-03 -0.42693116E-03 -0.42338773E-03 -0.42026037E-03 -0.41657377E-03 -0.41293440E-03 -0.41119051E-03 -0.41410565E-03 -0.42507805E-03 -0.44787261E-03 -0.48632014E-03 -0.54394541E-03 -0.62343457E-03 -0.72589394E-03
0.79232227E+00 0.34108984E+01 0.25283977E+01 -0.11317154E+00 -0.95405856E+00 -0.87114243E+00 -0.37132088E+00 0.14144258E+00 0.36600820E+00 0.37982482E+00 0.32267148E+00 0.25843561E+00 0.20250169E+00 0.15590605E+00 0.11742493E+00 0.85929576E-01 0.60625177E-01 0.40904962E-01 0.26145104E-01 0.15605979E-01 0.84629120E-02 0.38964770E-02 0.11747003E-02 -0.30132432E-03 -0.98727911E-03 -0.12085595E-02 -0.11839212E-02 -0.10512628E-02 -0.89088952E-03 -0.74435665E-03 -0.62872573E-03 -0.54675156E-03 -0.49381897E-03 -0.46242736E-03 -0.44488958E-03 -0.43478347E-03 -0.42757153E-03 -0.42070359E-03 -0.41343254E-03 -0.40650247E-03 -0.40181384E-03 -0.40210405E-03 -0.41067855E-03 -0.43115844E-03 -0.46722355E-03 -0.52227267E-03 -0.59899334E-03 -0.69872587E-03
-0.98250775E+00 -0.97106119E+00 -0.97805824E+00 -0.96782605E+00 -0.80284818E+00 -0.40883059E+00 0.45068460E-01 0.31968067E+00 0.38949117E+00 0.35526780E+00 0.29425418E+00 0.23555893E+00 0.18511347E+00 0.14275087E+00 0.10748511E+00 0.78492932E-01 0.55186366E-01 0.37064073E-01 0.23549840E-01 0.13939579E-01 0.74533351E-02 0.33255191E-02 0.87905608E-03 -0.43615748E-03 -0.10366574E-02 -0.12188439E-02 -0.11813810E-02 -0.10490934E-02 -0.89430754E-03 -0.75411098E-03 -0.64337650E-03 -0.56405609E-03 -0.51152487E-03 -0.47867187E-03 -0.45835513E-03 -0.44471066E-03 -0.43369592E-03 -0.42315730E-03 -0.41263390E-03 -0.40304427E-03 -0.39635693E-03 -0.39527248E-03 -0.40296592E-03 -0.42284993E-03 -0.45834471E-03 -0.51259977E-03 -0.58814046E-03 -0.68635388E-03
