Basic/Day4/qtaim/urea/crystal/pato/urea_cry_pl2d_pato.SURFVIRI
DSAA
 161 161
-0.75589045E+01  0.75589045E+01  0.94486307E-01
-0.75589045E+01  0.75589045E+01  0.94486307E-01
 0.00000000E+00  0.00000000E+00
[rows 105 to 125 of 161, columns 94 to 140 of 161]
-0.10210596E+00 -0.85547495E-01 -0.71825916E-01 -0.60541904E-01 -0.51328184E-01 -0.43853515E-01 -0.37823511E-01 -0.32980396E-01 -0.29102551E-01 -0.26003850E-01 -0.23532386E-01 -0.21568263E-01 -0.20020271E-01 -0.18821519E-01 -0.17924250E-01 -0.17294135E-01 -0.16904417E-01 -0.16730313E-01 -0.16744110E-01 -0.16911448E-01 -0.17189261E-01 -0.17525722E-01 -0.17862362E-01 -0.18138147E-01 -0.18294985E-01 -0.18283796E-01 -0.18070238E-01 -0.17639243E-01 -0.16997790E-01 -0.16175609E-01 -0.15223841E-01 -0.14211904E-01 -0.13223141E-01 -0.12349972E-01 -0.11689352E-01 -0.11339091E-01 -0.11395175E-01 -0.11949686E-01 -0.13088494E-01 -0.14887830E-01 -0.17409576E-01 -0.20697051E-01 -0.24777048E-01 -0.29680356E-01 -0.35502523E-01 -0.42538199E-01 -0.51533615E-01
-0.97000387E-01 -0.81461593E-01 -0.68693864E-01 -0.58174540E-01 -0.49494674E-01 -0.42334748E-01 -0.36440361E-01 -0.31603107E-01 -0.27647989E-01 -0.24426345E-01 -0.21812339E-01 -0.19701153E-01 -0.18007495E-01 -0.16663666E-01 -0.15616906E-01 -0.14826081E-01 -0.14257953E-01 -0.13883380E-01 -0.13673810E-01 -0.13598485E-01 -0.13622700E-01 -0.13707395E-01 -0.13810209E-01 -0.13887910E-01 -0.13899864E-01 -0.13812066E-01 -0.13601060E-01 -0.13257182E-01 -0.12786645E-01 -0.12212194E-01 -0.11572337E-01 -0.10919402E-01 -0.10316830E-01 -0.98362575E-02 -0.95548665E-02 -0.95532820E-02 -0.99139720E-02 -0.10719717E-01 -0.12051419E-01 -0.13984515E-01 -0.16583836E-01 -0.19898435E-01 -0.23961235E-01 -0.28803949E-01 -0.34505887E-01 -0.41305344E-01 -0.49811926E-01
-0.94579012E-01 -0.79199273E-01 -0.66846542E-01 -0.56759061E-01 -0.48406999E-01 -0.41431608E-01 -0.35587519E-01 -0.30697893E-01 -0.26624642E-01 -0.23251584E-01 -0.20476667E-01 -0.18209428E-01 -0.16370707E-01 -0.14892762E-01 -0.13718854E-01 -0.12802016E-01 -0.12103121E-01 -0.11588543E-01 -0.11227754E-01 -0.10991240E-01 -0.10849020E-01 -0.10770037E-01 -0.10722509E-01 -0.10675244E-01 -0.10599694E-01 -0.10472471E-01 -0.10277882E-01 -0.10010101E-01 -0.96746396E-02 -0.92889257E-02 -0.88819985E-02 -0.84934713E-02 -0.81720663E-02 -0.79740603E-02 -0.79619257E-02 -0.82032874E-02 -0.87700640E-02 -0.97373833E-02 -0.11181631E-01 -0.13176992E-01 -0.15790292E-01 -0.19075328E-01 -0.23070567E-01 -0.27808777E-01 -0.33353931E-01 -0.39889146E-01 -0.47887582E-01
-0.95354491E-01 -0.78989789E-01 -0.66353346E-01 -0.56282033E-01 -0.48013719E-01 -0.41078746E-01 -0.35197467E-01 -0.30199963E-01 -0.25971845E-01 -0.22422781E-01 -0.19471460E-01 -0.17040619E-01 -0.15057068E-01 -0.13453376E-01 -0.12169388E-01 -0.11152848E-01 -0.10359034E-01 -0.97496436E-02 -0.92912942E-02 -0.89539833E-02 -0.87098327E-02 -0.85323356E-02 -0.83962374E-02 -0.82780653E-02 -0.81572017E-02 -0.80173236E-02 -0.78479281E-02 -0.76457042E-02 -0.74155291E-02 -0.71709576E-02 -0.69342106E-02 -0.67357594E-02 -0.66136938E-02 -0.66130783E-02 -0.67854496E-02 -0.71884824E-02 -0.78856627E-02 -0.89455930E-02 -0.10440378E-01 -0.12442516E-01 -0.15020066E-01 -0.18230918E-01 -0.22119116E-01 -0.26719955E-01 -0.32085976E-01 -0.38352873E-01 -0.45870888E-01
-0.99850697E-01 -0.81062628E-01 -0.67278203E-01 -0.56722853E-01 -0.48257134E-01 -0.41207002E-01 -0.35202001E-01 -0.30047006E-01 -0.25634200E-01 -0.21890578E-01 -0.18751688E-01 -0.16151949E-01 -0.14023770E-01 -0.12300191E-01 -0.10918017E-01 -0.98200777E-02 -0.89562582E-02 -0.82834527E-02 -0.77648074E-02 -0.73686324E-02 -0.70673146E-02 -0.68364723E-02 -0.66545002E-02 -0.65025549E-02 -0.63649367E-02 -0.62297805E-02 -0.60898658E-02 -0.59434168E-02 -0.57947334E-02 -0.56545968E-02 -0.55404079E-02 -0.54761586E-02 -0.54923199E-02 -0.56257721E-02 -0.59198463E-02 -0.64244568E-02 -0.71961610E-02 -0.82978181E-02 -0.97973786E-02 -0.11765296E-01 -0.14270292E-01 -0.17373978E-01 -0.21126459E-01 -0.25567925E-01 -0.30745467E-01 -0.36759710E-01 -0.43861074E-01
-0.10852219E+00 -0.85610101E-01 -0.69664507E-01 -0.58048646E-01 -0.49071353E-01 -0.41741272E-01 -0.35528532E-01 -0.30173689E-01 -0.25554573E-01 -0.21605095E-01 -0.18272912E-01 -0.15502249E-01 -0.13230608E-01 -0.11391594E-01 -0.99192960E-02 -0.87519755E-02 -0.78343541E-02 -0.71185144E-02 -0.65637852E-02 -0.61360250E-02 -0.58066732E-02 -0.55518400E-02 -0.53516101E-02 -0.51896434E-02 -0.50530793E-02 -0.49326912E-02 -0.48232115E-02 -0.47237138E-02 -0.46379787E-02 -0.45747956E-02 -0.45481724E-02 -0.45775124E-02 -0.46878022E-02 -0.49098776E-02 -0.52807926E-02 -0.58442502E-02 -0.66509463E-02 -0.77585569E-02 -0.92309756E-02 -0.11136367E-01 -0.13543746E-01 -0.16518317E-01 -0.20117014E-01 -0.24387770E-01 -0.29379233E-01 -0.35171715E-01 -0.41944123E-01
-0.12162526E+00 -0.92722483E-01 -0.73505901E-01 -0.60203307E-01 -0.50379649E-01 -0.42600747E-01 -0.36100635E-01 -0.30511473E-01 -0.25672991E-01 -0.21514055E-01 -0.17988931E-01 -0.15049448E-01 -0.12637569E-01 -0.10687536E-01 -0.91310549E-02 -0.79022065E-02 -0.69408552E-02 -0.61944089E-02 -0.56182700E-02 -0.51754381E-02 -0.48356766E-02 -0.45745573E-02 -0.43725881E-02 -0.42145386E-02 -0.40890045E-02 -0.39881939E-02 -0.39079035E-02 -0.38476053E-02 -0.38106077E-02 -0.38042562E-02 -0.38401482E-02 -0.39344006E-02 -0.41079864E-02 -0.43871762E-02 -0.48040890E-02 -0.53973086E-02 -0.62124449E-02 -0.73024289E-02 -0.87272310E-02 -0.10552640E-01 -0.12847812E-01 -0.15681652E-01 -0.19118873E-01 -0.23218119E-01 -0.28036752E-01 -0.33649942E-01 -0.40194559E-01
-0.13905845E+00 -0.10230376E+00 -0.78705604E-01 -0.63090534E-01 -0.52089223E-01 -0.43698907E-01 -0.36839831E-01 -0.30990629E-01 -0.25928235E-01 -0.21563848E-01 -0.17852393E-01 -0.14750843E-01 -0.12204885E-01 -0.10149441E-01 -0.85141964E-02 -0.72294921E-02 -0.62307364E-02 -0.54609374E-02 -0.48716651E-02 -0.44229335E-02 -0.40824688E-02 -0.38247210E-02 -0.36298617E-02 -0.34829090E-02 -0.33730486E-02 -0.32931589E-02 -0.32395387E-02 -0.32117783E-02 -0.32127603E-02 -0.32487611E-02 -0.33296324E-02 -0.34690838E-02 -0.36850717E-02 -0.40003143E-02 -0.44429306E-02 -0.50471719E-02 -0.58541600E-02 -0.69124813E-02 -0.82784068E-02 -0.10015453E-01 -0.12193024E-01 -0.14884064E-01 -0.18162158E-01 -0.22099545E-01 -0.26768987E-01 -0.32254605E-01 -0.38678777E-01
-0.16021139E+00 -0.11398841E+00 -0.85034152E-01 -0.66554690E-01 -0.54084365E-01 -0.44942592E-01 -0.37667184E-01 -0.31542605E-01 -0.26260245E-01 -0.21701642E-01 -0.17816521E-01 -0.14564463E-01 -0.11894053E-01 -0.97409006E-02 -0.80330383E-02 -0.66975644E-02 -0.56659146E-02 -0.48770935E-02 -0.42790965E-02 -0.38290412E-02 -0.34925261E-02 -0.32426198E-02 -0.30587605E-02 -0.29257314E-02 -0.28328044E-02 -0.27730761E-02 -0.27430154E-02 -0.27421726E-02 -0.27730531E-02 -0.28411191E-02 -0.29549258E-02 -0.31263638E-02 -0.33710476E-02 -0.37088413E-02 -0.41645316E-02 -0.47686356E-02 -0.55582965E-02 -0.65781769E-02 -0.78811988E-02 -0.95289329E-02 -0.11591406E-01 -0.14146205E-01 -0.17277028E-01 -0.21072416E-01 -0.25626422E-01 -0.31044279E-01 -0.37457557E-01
-0.18387372E+00 -0.12708793E+00 -0.92100582E-01 -0.70366938E-01 -0.56221002E-01 -0.46231022E-01 -0.38504457E-01 -0.32102072E-01 -0.26612356E-01 -0.21877502E-01 -0.17836978E-01 -0.14450609E-01 -0.11669023E-01 -0.94284729E-02 -0.76557019E-02 -0.62750881E-02 -0.52146459E-02 -0.44098700E-02 -0.38055669E-02 -0.33562083E-02 -0.30253707E-02 -0.27847106E-02 -0.26127876E-02 -0.24939273E-02 -0.24172317E-02 -0.23757813E-02 -0.23660367E-02 -0.23874361E-02 -0.24421570E-02 -0.25350337E-02 -0.26736229E-02 -0.28683968E-02 -0.31330926E-02 -0.34852176E-02 -0.39467294E-02 -0.45449045E-02 -0.53133881E-02 -0.62933963E-02 -0.75350020E-02 -0.90983732E-02 -0.11054813E-01 -0.13487439E-01 -0.16491451E-01 -0.20174247E-01 -0.24656179E-01 -0.30073505E-01 -0.36585997E-01
-0.20825347E+00 -0.14059544E+00 -0.99352681E-01 -0.74224679E-01 -0.58326588E-01 -0.47456379E-01 -0.39275326E-01 -0.32608514E-01 -0.26933048E-01 -0.22046112E-01 -0.17873426E-01 -0.14373161E-01 -0.11497194E-01 -0.91823344E-02 -0.73543609E-02 -0.59354647E-02 -0.48508339E-02 -0.40330200E-02 -0.34241220E-02 -0.29763340E-02 -0.26514556E-02 -0.24198579E-02 -0.22592482E-02 -0.21534471E-02 -0.20912986E-02 -0.20657682E-02 -0.20732421E-02 -0.21130287E-02 -0.21870328E-02 -0.22995951E-02 -0.24574857E-02 -0.26700383E-02 -0.29494467E-02 -0.33112365E-02 -0.37749454E-02 -0.43650520E-02 -0.51121893E-02 -0.60546787E-02 -0.72403757E-02 -0.87287983E-02 -0.10593433E-01 -0.12924066E-01 -0.15828959E-01 -0.19436787E-01 -0.23898385E-01 -0.29388772E-01 -0.36110275E-01
-0.23113197E+00 -0.15326592E+00 -0.10611657E+00 -0.77770061E-01 -0.60208362E-01 -0.48507555E-01 -0.39907329E-01 -0.33007622E-01 -0.27177205E-01 -0.22167976E-01 -0.17890630E-01 -0.14300523E-01 -0.11350129E-01 -0.89766963E-02 -0.71053240E-02 -0.56565367E-02 -0.45533155E-02 -0.37258846E-02 -0.31141866E-02 -0.26685895E-02 -0.23494565E-02 -0.21261065E-02 -0.19755342E-02 -0.18811215E-02 -0.18314729E-02 -0.18194349E-02 -0.18413176E-02 -0.18963208E-02 -0.19861356E-02 -0.21147161E-02 -0.22882002E-02 -0.25149935E-02 -0.28060016E-02 -0.31750738E-02 -0.36396862E-02 -0.42219410E-02 -0.49499673E-02 -0.58597993E-02 -0.69978239E-02 -0.84238175E-02 -0.10214549E-01 -0.12467807E-01 -0.15306598E-01 -0.18883148E-01 -0.23382238E-01 -0.29023440E-01 -0.36061826E-01
-0.25014565E+00 -0.16376919E+00 -0.11167547E+00 -0.80628092E-01 -0.61670626E-01 -0.49277491E-01 -0.40334939E-01 -0.33252723E-01 -0.27307022E-01 -0.22210192E-01 -0.17859163E-01 -0.14206212E-01 -0.11203976E-01 -0.87900147E-02 -0.68889846E-02 -0.54202418E-02 -0.43051871E-02 -0.34723647E-02 -0.28601579E-02 -0.24176158E-02 -0.21040693E-02 -0.18880872E-02 -0.17461625E-02 -0.16613771E-02 -0.16221809E-02 -0.16213547E-02 -0.16551726E-02 -0.17227702E-02 -0.18256870E-02 -0.19675793E-02 -0.21540821E-02 -0.23928343E-02 -0.26936668E-02 -0.30690179E-02 -0.35346333E-02 -0.41106534E-02 -0.48232196E-02 -0.57067329E-02 -0.68069205E-02 -0.81848114E-02 -0.99216563E-02 -0.12124668E-01 -0.14933286E-01 -0.18525360E-01 -0.23122382E-01 -0.28992574E-01 -0.36450399E-01
-0.26314509E+00 -0.17089036E+00 -0.11537480E+00 -0.82458422E-01 -0.62538525E-01 -0.49673298E-01 -0.40503535E-01 -0.33306290E-01 -0.27292665E-01 -0.22146866E-01 -0.17755757E-01 -0.14069156E-01 -0.11039665E-01 -0.86050354E-02 -0.66896795E-02 -0.52122566E-02 -0.40932107E-02 -0.32600691E-02 -0.26502792E-02 -0.22121138E-02 -0.19043137E-02 -0.16950403E-02 -0.15605394E-02 -0.14837729E-02 -0.14531611E-02 -0.14615049E-02 -0.15051073E-02 -0.15830977E-02 -0.16969283E-02 -0.18500378E-02 -0.20476663E-02 -0.22968243E-02 -0.26064572E-02 -0.29878341E-02 -0.34552813E-02 -0.40273839E-02 -0.47288101E-02 -0.55929799E-02 -0.66657748E-02 -0.80104684E-02 -0.97139712E-02 -0.11894280E-01 -0.14708797E-01 -0.18362713E-01 -0.23116225E-01 -0.29288752E-01 -0.37257818E-01
-0.26855376E+00 -0.17373386E+00 -0.11673076E+00 -0.83009327E-01 -0.62683042E-01 -0.49626903E-01 -0.40373516E-01 -0.33141350E-01 -0.27112708E-01 -0.21959280E-01 -0.17563405E-01 -0.13873765E-01 -0.10842920E-01 -0.84087159E-02 -0.64954894E-02 -0.50216526E-02 -0.39073082E-02 -0.30796333E-02 -0.24757755E-02 -0.20437883E-02 -0.17422839E-02 -0.15393801E-02 -0.14113512E-02 -0.13412414E-02 -0.13175858E-02 -0.13333095E-02 -0.13848213E-02 -0.14713095E-02 -0.15942027E-02 -0.17567974E-02 -0.19640324E-02 -0.22224218E-02 -0.25401903E-02 -0.29276617E-02 -0.33980438E-02 -0.39687440E-02 -0.46634479E-02 -0.55152069E-02 -0.65708063E-02 -0.78966575E-02 -0.95863473E-02 -0.11769782E-01 -0.14623491E-01 -0.18381151E-01 -0.23342730E-01 -0.29879845E-01 -0.38434140E-01
-0.26564326E+00 -0.17188234E+00 -0.11551532E+00 -0.82160157E-01 -0.62040658E-01 -0.49103369E-01 -0.39923399E-01 -0.32742425E-01 -0.26754299E-01 -0.21635829E-01 -0.17271268E-01 -0.13609830E-01 -0.10604140E-01 -0.81920533E-02 -0.62979956E-02 -0.48405667E-02 -0.37401341E-02 -0.29241863E-02 -0.23302044E-02 -0.19065810E-02 -0.16122632E-02 -0.14156935E-02 -0.12934566E-02 -0.12288882E-02 -0.12107907E-02 -0.12323229E-02 -0.12900819E-02 -0.13833808E-02 -0.15136881E-02 -0.16842281E-02 -0.18997262E-02 -0.21663168E-02 -0.24916568E-02 -0.28853376E-02 -0.33597163E-02 -0.39313725E-02 -0.46234446E-02 -0.54691437E-02 -0.65167783E-02 -0.78365903E-02 -0.95295782E-02 -0.11738260E-01 -0.14658871E-01 -0.18553899E-01 -0.23763001E-01 -0.30709346E-01 -0.39897375E-01
-0.25465941E+00 -0.16546957E+00 -0.11179523E+00 -0.79940586E-01 -0.60622056E-01 -0.48104374E-01 -0.39150932E-01 -0.32105679E-01 -0.26212983E-01 -0.21171776E-01 -0.16874427E-01 -0.13272287E-01 -0.10318158E-01 -0.79498340E-02 -0.60920006E-02 -0.46638818E-02 -0.35867078E-02 -0.27889272E-02 -0.22089737E-02 -0.17961238E-02 -0.15101117E-02 -0.13200642E-02 -0.12031522E-02 -0.11432090E-02 -0.11294540E-02 -0.11553890E-02 -0.12178801E-02 -0.13164302E-02 -0.14526081E-02 -0.16296304E-02 -0.18520905E-02 -0.21258492E-02 -0.24581415E-02 -0.28580118E-02 -0.33372061E-02 -0.39117771E-02 -0.46046735E-02 -0.54496721E-02 -0.64970356E-02 -0.78212496E-02 -0.95310483E-02 -0.11781691E-01 -0.14788917E-01 -0.18843299E-01 -0.24322727E-01 -0.31699499E-01 -0.41537249E-01
-0.23676863E+00 -0.15514854E+00 -0.10591403E+00 -0.76521009E-01 -0.58507121E-01 -0.46665626E-01 -0.38071712E-01 -0.31238110E-01 -0.25492155E-01 -0.20568824E-01 -0.16373517E-01 -0.12860886E-01 -0.99839251E-02 -0.76803189E-02 -0.58752144E-02 -0.44889079E-02 -0.34440836E-02 -0.26707788E-02 -0.21089735E-02 -0.17093463E-02 -0.14328470E-02 -0.12496263E-02 -0.11377013E-02 -0.10815966E-02 -0.10710905E-02 -0.11001303E-02 -0.11659263E-02 -0.12682324E-02 -0.14087725E-02 -0.15908173E-02 -0.18189018E-02 -0.20987085E-02 -0.24371821E-02 -0.28429774E-02 -0.33274381E-02 -0.39063270E-02 -0.46026633E-02 -0.54510446E-02 -0.65038880E-02 -0.78399931E-02 -0.95756600E-02 -0.11878333E-01 -0.14982117E-01 -0.19203731E-01 -0.24956299E-01 -0.32756950E-01 -0.43222720E-01
-0.21383686E+00 -0.14196211E+00 -0.98421684E-01 -0.72176430E-01 -0.55827436E-01 -0.44848787E-01 -0.36715577E-01 -0.30155912E-01 -0.24602213E-01 -0.19834562E-01 -0.15774268E-01 -0.12379765E-01 -0.96041173E-02 -0.73848799E-02 -0.56479149E-02 -0.43150637E-02 -0.33110481E-02 -0.25680957E-02 -0.20282893E-02 -0.16441895E-02 -0.13783553E-02 -0.12022708E-02 -0.10950360E-02 -0.10420420E-02 -0.10337527E-02 -0.10646526E-02 -0.11323660E-02 -0.12369509E-02 -0.13803363E-02 -0.15659007E-02 -0.17981878E-02 -0.20827885E-02 -0.24264646E-02 -0.28376263E-02 -0.33273668E-02 -0.39113343E-02 -0.46127702E-02 -0.54671796E-02 -0.65290823E-02 -0.78812837E-02 -0.96469497E-02 -0.12004406E-01 -0.15203986E-01 -0.19585321E-01 -0.25592174E-01 -0.33780328E-01 -0.44812390E-01
-0.18809281E+00 -0.12714901E+00 -0.89969934E-01 -0.67233425E-01 -0.52740948E-01 -0.42730069E-01 -0.35121713E-01 -0.28882380E-01 -0.23559566E-01 -0.18981844E-01 -0.15087007E-01 -0.11837001E-01 -0.91847132E-02 -0.70676131E-02 -0.54126021E-02 -0.41435687E-02 -0.31878457E-02 -0.24804159E-02 -0.19659734E-02 -0.15993923E-02 -0.13451886E-02 -0.11764522E-02 -0.10735710E-02 -0.10229533E-02 -0.10158588E-02 -0.10473873E-02 -0.11156335E-02 -0.12210063E-02 -0.13656830E-02 -0.15531972E-02 -0.17881585E-02 -0.20761431E-02 -0.24238213E-02 -0.28394662E-02 -0.33340429E-02 -0.39231791E-02 -0.46303824E-02 -0.54919842E-02 -0.65642994E-02 -0.79334682E-02 -0.97282849E-02 -0.12135924E-01 -0.15419837E-01 -0.19938078E-01 -0.26158917E-01 -0.34668877E-01 -0.46166493E-01
-0.16175436E+00 -0.11193234E+00 -0.81199852E-01 -0.62013816E-01 -0.49405463E-01 -0.40388517E-01 -0.33333763E-01 -0.27445893E-01 -0.22385684E-01 -0.18028196E-01 -0.14326165E-01 -0.11244155E-01 -0.87345821E-02 -0.67349760E-02 -0.51736853E-02 -0.39771775E-02 -0.30759521E-02 -0.24082655E-02 -0.19218742E-02 -0.15743378E-02 -0.13324262E-02 -0.11710611E-02 -0.10720872E-02 -0.10230527E-02 -0.10161006E-02 -0.10470042E-02 -0.11143778E-02 -0.12190164E-02 -0.13633804E-02 -0.15511982E-02 -0.17871956E-02 -0.20769947E-02 -0.24272511E-02 -0.28461827E-02 -0.33447001E-02 -0.39384415E-02 -0.46511237E-02 -0.55196669E-02 -0.66016454E-02 -0.79855268E-02 -0.98040288E-02 -0.12250494E-01 -0.15597518E-01 -0.20215992E-01 -0.26591248E-01 -0.35331143E-01 -0.47159030E-01
