Basic/Day4/qtaim/urea/crystal/pato/urea_cry_pl2d_pato.SURFKKIN
DSAA
 161 161
-0.75589045E+01  0.75589045E+01  0.94486307E-01
-0.75589045E+01  0.75589045E+01  0.94486307E-01
 0.00000000E+00  0.00000000E+00
[rows 0 to 21 of 161, columns 96 to 143 of 161]
0.86786598E-01 0.85902928E-01 0.90201605E-01 0.97653923E-01 0.10615755E+00 0.11379064E+00 0.11902114E+00 0.12084833E+00 0.11887404E+00 0.11330712E+00 0.10490137E+00 0.94821093E-01 0.84422377E-01 0.74947599E-01 0.67182539E-01 0.61253246E-01 0.56912890E-01 0.54697079E-01 0.57886731E-01 0.74167871E-01 0.11467169E+00 0.18799681E+00 0.28981564E+00 0.39519684E+00 0.46480292E+00 0.46726491E+00 0.40141124E+00 0.29707456E+00 0.19363908E+00 0.11700334E+00 0.72269601E-01 0.50904031E-01 0.41304724E-01 0.35211565E-01 0.29020154E-01 0.22297792E-01 0.15844475E-01 0.10463938E-01 0.65442092E-02 0.40898499E-02 0.28734289E-02 0.25529436E-02 0.27334172E-02 0.30028792E-02 0.29811723E-02 0.24160108E-02 0.13566949E-02 0.43246098E-03
0.65217279E-01 0.58286792E-01 0.56367022E-01 0.57878869E-01 0.61183157E-01 0.64775843E-01 0.67448780E-01 0.68397919E-01 0.67276190E-01 0.64192532E-01 0.59657970E-01 0.54477162E-01 0.49581281E-01 0.45802106E-01 0.43615483E-01 0.42958159E-01 0.43334700E-01 0.44465341E-01 0.47469297E-01 0.55931783E-01 0.75499529E-01 0.11073444E+00 0.15976411E+00 0.21054408E+00 0.24407364E+00 0.24527471E+00 0.21358950E+00 0.16335910E+00 0.11359657E+00 0.76800934E-01 0.55199646E-01 0.44215549E-01 0.37897656E-01 0.32302635E-01 0.26104393E-01 0.19633203E-01 0.13710123E-01 0.89597164E-02 0.56256976E-02 0.36448327E-02 0.27697686E-02 0.26540202E-02 0.28976717E-02 0.30854992E-02 0.28553222E-02 0.20339131E-02 0.87805198E-03 0.45789051E-03
0.51445728E-01 0.40972820E-01 0.35241746E-01 0.32985124E-01 0.32902744E-01 0.33811186E-01 0.34760681E-01 0.35108791E-01 0.34551980E-01 0.33118127E-01 0.31122225E-01 0.29085995E-01 0.27620283E-01 0.27269652E-01 0.28331701E-01 0.30704765E-01 0.33886032E-01 0.37276727E-01 0.40826973E-01 0.45700600E-01 0.54249340E-01 0.68645356E-01 0.88461140E-01 0.10898118E+00 0.12253041E+00 0.12298779E+00 0.11013302E+00 0.89797932E-01 0.69668010E-01 0.54640868E-01 0.45266902E-01 0.39318953E-01 0.34254611E-01 0.28704198E-01 0.22604359E-01 0.16589388E-01 0.11355102E-01 0.73307136E-02 0.46333844E-02 0.31490333E-02 0.26206446E-02 0.27035661E-02 0.29989468E-02 0.30972948E-02 0.26702794E-02 0.16525627E-02 0.56092364E-03 0.99973109E-03
0.42681558E-01 0.30562086E-01 0.22869038E-01 0.18544512E-01 0.16523903E-01 0.15852570E-01 0.15768846E-01 0.15749949E-01 0.15525896E-01 0.15066780E-01 0.14546899E-01 0.14287408E-01 0.14677314E-01 0.16071609E-01 0.18670507E-01 0.22404166E-01 0.26885622E-01 0.31523117E-01 0.35835964E-01 0.39848848E-01 0.44232567E-01 0.49859894E-01 0.56857174E-01 0.63867623E-01 0.68424893E-01 0.68505192E-01 0.64043701E-01 0.56984804E-01 0.49812297E-01 0.43946487E-01 0.39284249E-01 0.34895163E-01 0.29996293E-01 0.24455779E-01 0.18703890E-01 0.13364744E-01 0.89426716E-02 0.56944623E-02 0.36444189E-02 0.26493983E-02 0.24535774E-02 0.27199310E-02 0.30559696E-02 0.30656544E-02 0.24671481E-02 0.13242094E-02 0.44970407E-03 0.20434964E-02
0.36799105E-01 0.24352983E-01 0.15986511E-01 0.10785691E-01 0.78503540E-02 0.63868212E-02 0.57664999E-02 0.55521872E-02 0.54998943E-02 0.55429741E-02 0.57627479E-02 0.63475738E-02 0.75404261E-02 0.95737156E-02 0.12591729E-01 0.16570393E-01 0.21263976E-01 0.26227841E-01 0.30954708E-01 0.35090704E-01 0.38594793E-01 0.41677471E-01 0.44500429E-01 0.46870080E-01 0.48251117E-01 0.48162269E-01 0.46597673E-01 0.44039018E-01 0.41042458E-01 0.37822887E-01 0.34212963E-01 0.29961710E-01 0.25052361E-01 0.19792237E-01 0.14676423E-01 0.10182274E-01 0.66317240E-02 0.41561219E-02 0.27246011E-02 0.21852342E-02 0.22922804E-02 0.27207445E-02 0.30885505E-02 0.30185048E-02 0.22822925E-02 0.10811989E-02 0.53384591E-03 0.34460094E-02
0.32378480E-01 0.20458200E-01 0.12242210E-01 0.69243479E-02 0.37269317E-02 0.19748607E-02 0.11368570E-02 0.83895809E-03 0.85918372E-03 0.11105223E-02 0.16165019E-02 0.24812305E-02 0.38540448E-02 0.58877220E-02 0.86895885E-02 0.12268883E-01 0.16493388E-01 0.21079858E-01 0.25643134E-01 0.29802910E-01 0.33300021E-01 0.36046141E-01 0.38067726E-01 0.39395087E-01 0.40002096E-01 0.39845390E-01 0.38935192E-01 0.37335909E-01 0.35092997E-01 0.32186031E-01 0.28582643E-01 0.24351730E-01 0.19730553E-01 0.15088610E-01 0.10821255E-01 0.72465034E-02 0.45525231E-02 0.27956015E-02 0.19214141E-02 0.17840940E-02 0.21537424E-02 0.27201715E-02 0.31143143E-02 0.29801969E-02 0.21427447E-02 0.93285416E-03 0.75099066E-03 0.49553551E-02
0.28596083E-01 0.17707698E-01 0.10121145E-01 0.51228475E-02 0.20370127E-02 0.28432476E-03 -0.58929538E-03 -0.90707776E-03 -0.87019384E-03 -0.57429229E-03 -0.29895707E-04 0.81499926E-03 0.20502618E-02 0.37761372E-02 0.60721834E-02 0.89636201E-02 0.12390558E-01 0.16191636E-01 0.20116185E-01 0.23870964E-01 0.27187790E-01 0.29879891E-01 0.31857770E-01 0.33103137E-01 0.33628331E-01 0.33449353E-01 0.32576900E-01 0.31014871E-01 0.28766215E-01 0.25857242E-01 0.22378085E-01 0.18512547E-01 0.14528805E-01 0.10729666E-01 0.73892778E-02 0.47069641E-02 0.27905006E-02 0.16606986E-02 0.12609707E-02 0.14600502E-02 0.20466979E-02 0.27269855E-02 0.31461287E-02 0.29686315E-02 0.20646230E-02 0.86947972E-03 0.10062936E-02 0.62656006E-02
0.25060377E-01 0.15468387E-01 0.87524089E-02 0.42892143E-02 0.14977293E-02 -0.11574445E-03 -0.93788552E-03 -0.12472046E-02 -0.12237035E-02 -0.96370105E-03 -0.49658951E-03 0.19783101E-03 0.11715630E-02 0.24896272E-02 0.42097135E-02 0.63604967E-02 0.89209208E-02 0.11805704E-01 0.14864354E-01 0.17898815E-01 0.20697439E-01 0.23073075E-01 0.24889469E-01 0.26066775E-01 0.26569716E-01 0.26390196E-01 0.25535399E-01 0.24026769E-01 0.21910294E-01 0.19273410E-01 0.16258131E-01 0.13058575E-01 0.98985025E-02 0.69967881E-02 0.45355213E-02 0.26415437E-02 0.13820953E-02 0.76709703E-03 0.74887682E-03 0.12142668E-02 0.19715066E-02 0.27436293E-02 0.31904992E-02 0.29937717E-02 0.20542220E-02 0.87176688E-03 0.12027292E-02 0.70932743E-02
0.21650200E-01 0.13459161E-01 0.77011626E-02 0.38477656E-02 0.14125602E-02 -0.15702368E-04 -0.76021121E-03 -0.10570968E-02 -0.10642089E-02 -0.87332769E-03 -0.52335286E-03 -0.13453819E-04 0.68388937E-03 0.16096449E-02 0.28043632E-02 0.42937891E-02 0.60749156E-02 0.81050393E-02 0.10297321E-01 0.12526120E-01 0.14642522E-01 0.16496127E-01 0.17955873E-01 0.18923438E-01 0.19337185E-01 0.19169780E-01 0.18424887E-01 0.17136880E-01 0.15373913E-01 0.13240807E-01 0.10876564E-01 0.84432728E-02 0.61079003E-02 0.40228058E-02 0.23112683E-02 0.10606825E-02 0.32111237E-03 0.10375499E-03 0.37402986E-03 0.10373150E-02 0.19212085E-02 0.27662402E-02 0.32469629E-02 0.30574426E-02 0.21105651E-02 0.92179950E-03 0.12726365E-02 0.72532629E-02
0.18382757E-01 0.11597685E-01 0.67935118E-02 0.35427020E-02 0.14560598E-02 0.20479674E-03 -0.47176142E-03 -0.76783954E-03 -0.81801837E-03 -0.70619928E-03 -0.47515268E-03 -0.13597860E-03 0.32250616E-03 0.92435941E-03 0.16968016E-02 0.26603016E-02 0.38190178E-02 0.51528434E-02 0.66128834E-02 0.81221890E-02 0.95825567E-02 0.10886344E-01 0.11930335E-01 0.12628181E-01 0.12919041E-01 0.12772144E-01 0.12188529E-01 0.11201240E-01 0.98741686E-02 0.82984630E-02 0.65853674E-02 0.48556915E-02 0.32280048E-02 0.18085825E-02 0.68521404E-03 -0.75357855E-04 -0.42902942E-03 -0.35888544E-03 0.11394682E-03 0.91247945E-03 0.18833860E-02 0.27854899E-02 0.33083562E-02 0.31537874E-02 0.22278406E-02 0.10112530E-02 0.11997022E-02 0.67101555E-02
0.15320299E-01 0.98898753E-02 0.59882988E-02 0.32927188E-02 0.15132139E-02 0.40425371E-03 -0.23202752E-03 -0.54752623E-03 -0.65241762E-03 -0.62051722E-03 -0.49506951E-03 -0.29473809E-03 -0.19817024E-04 0.34127476E-03 0.80517931E-03 0.13866132E-02 0.20916185E-02 0.29117872E-02 0.38204761E-02 0.47720524E-02 0.57048123E-02 0.65473708E-02 0.72273731E-02 0.76807175E-02 0.78595878E-02 0.77381814E-02 0.73157884E-02 0.66172193E-02 0.56907081E-02 0.46033691E-02 0.34346558E-02 0.22688855E-02 0.11883734E-02 0.26854691E-03 -0.42456722E-03 -0.83554813E-03 -0.92186985E-03 -0.66027886E-03 -0.59675596E-04 0.81933875E-03 0.18424485E-02 0.27880364E-02 0.33617860E-02 0.32700930E-02 0.23965310E-02 0.11436079E-02 0.10237430E-02 0.55883667E-02
0.12515074E-01 0.83604800E-02 0.52935239E-02 0.30941527E-02 0.15711009E-02 0.56223245E-03 -0.66928866E-04 -0.42503480E-03 -0.59661079E-03 -0.64372304E-03 -0.60793290E-03 -0.51285231E-03 -0.36740892E-03 -0.16985185E-03 0.87655821E-04 0.41410856E-03 0.81478930E-03 0.12869934E-02 0.18169892E-02 0.23788506E-02 0.29355940E-02 0.34426315E-02 0.38530615E-02 0.41238147E-02 0.42215667E-02 0.41273952E-02 0.38395308E-02 0.33738706E-02 0.27623499E-02 0.20495407E-02 0.12882171E-02 0.53486969E-03 -0.15386120E-03 -0.72326845E-03 -0.11214023E-02 -0.12998301E-02 -0.12163866E-02 -0.84236271E-03 -0.17608370E-03 0.73707360E-03 0.17820104E-02 0.27583912E-02 0.33901745E-02 0.33878562E-02 0.26029916E-02 0.13298022E-02 0.82695656E-03 0.41381553E-02
0.99873813E-02 0.70181256E-02 0.47193347E-02 0.29633175E-02 0.16524263E-02 0.70631088E-03 0.54189529E-04 -0.36816555E-03 -0.61815072E-03 -0.74452239E-03 -0.78555172E-03 -0.76810752E-03 -0.70804431E-03 -0.61189458E-03 -0.47958977E-03 -0.30781872E-03 -0.93574306E-04 0.16259187E-03 0.45408918E-03 0.76701249E-03 0.10803639E-02 0.13678081E-02 0.16007514E-02 0.17521465E-02 0.18003748E-02 0.17324632E-02 0.15461071E-02 0.12501904E-02 0.86388210E-03 0.41464700E-03 -0.64220035E-04 -0.53584310E-03 -0.96123156E-03 -0.12997797E-02 -0.15092131E-02 -0.15460987E-02 -0.13686782E-02 -0.94410176E-03 -0.26176004E-03 0.64716485E-03 0.16871151E-02 0.26810276E-02 0.33743128E-02 0.34841515E-02 0.28282815E-02 0.15795854E-02 0.70711634E-03 0.26694947E-02
0.77287551E-02 0.58462637E-02 0.42582226E-02 0.29076651E-02 0.17795264E-02 0.87093217E-03 0.17426439E-03 -0.32906365E-03 -0.66756570E-03 -0.87496731E-03 -0.98474589E-03 -0.10257167E-02 -0.10195122E-02 -0.97999866E-03 -0.91428046E-03 -0.82475659E-03 -0.71167878E-03 -0.57570193E-03 -0.41999217E-03 -0.25155196E-03 -0.81548651E-04 0.75402954E-04 0.20285577E-03 0.28474322E-03 0.30772273E-03 0.26321527E-03 0.14877274E-03 -0.31438979E-04 -0.26697143E-03 -0.54199851E-03 -0.83637564E-03 -0.11264124E-02 -0.13850500E-02 -0.15814370E-02 -0.16803527E-02 -0.16424644E-02 -0.14269254E-02 -0.99810997E-03 -0.33802610E-03 0.53532435E-03 0.15461339E-02 0.25425680E-02 0.32953702E-02 0.35338264E-02 0.30476765E-02 0.18926725E-02 0.74774105E-03 0.14759705E-02
0.57203914E-02 0.48109478E-02 0.38835609E-02 0.29166703E-02 0.19592830E-02 0.10780207E-02 0.32643725E-03 -0.26750713E-03 -0.70152397E-03 -0.99235628E-03 -0.11670494E-02 -0.12551066E-02 -0.12829805E-02 -0.12711727E-02 -0.12335576E-02 -0.11782664E-02 -0.11094491E-02 -0.10293218E-02 -0.94004169E-03 -0.84508831E-03 -0.74996412E-03 -0.66216277E-03 -0.59049677E-03 -0.54395367E-03 -0.53039529E-03 -0.55534853E-03 -0.62112424E-03 -0.72639431E-03 -0.86616763E-03 -0.10320055E-02 -0.12122055E-02 -0.13916873E-02 -0.15514216E-02 -0.16674781E-02 -0.17101129E-02 -0.16437445E-02 -0.14291014E-02 -0.10290999E-02 -0.41987033E-03 0.39262979E-03 0.13522146E-02 0.23338659E-02 0.31377306E-02 0.35126125E-02 0.32322162E-02 0.22538274E-02 0.99577368E-03 0.77251699E-03
0.39559631E-02 0.38764502E-02 0.35584172E-02 0.29647241E-02 0.21812407E-02 0.13315581E-02 0.52628443E-03 -0.15994670E-03 -0.69223143E-03 -0.10682244E-02 -0.13067294E-02 -0.14365718E-02 -0.14880522E-02 -0.14876472E-02 -0.14556200E-02 -0.14057731E-02 -0.13465129E-02 -0.12825118E-02 -0.12164415E-02 -0.11504249E-02 -0.10870128E-02 -0.10296197E-02 -0.98247450E-03 -0.95017173E-03 -0.93705536E-03 -0.94655846E-03 -0.98067251E-03 -0.10395744E-02 -0.11214428E-02 -0.12222804E-02 -0.13356177E-02 -0.14519206E-02 -0.15576307E-02 -0.16339381E-02 -0.16556558E-02 -0.15909069E-02 -0.14027008E-02 -0.10537451E-02 -0.51578966E-03 0.21591326E-03 0.11041871E-02 0.20517642E-02 0.28918810E-02 0.34011059E-02 0.33528438E-02 0.26343655E-02 0.14537169E-02 0.66390106E-03
0.24586882E-02 0.30206744E-02 0.32477461E-02 0.30197287E-02 0.24228905E-02 0.16201843E-02 0.77247653E-03 -0.64952643E-07 -0.62860214E-03 -0.10896628E-02 -0.13919140E-02 -0.15620179E-02 -0.16330559E-02 -0.16367508E-02 -0.15993012E-02 -0.15399929E-02 -0.14716024E-02 -0.14017368E-02 -0.13344759E-02 -0.12719051E-02 -0.12153099E-02 -0.11659463E-02 -0.11253981E-02 -0.10956077E-02 -0.10786772E-02 -0.10765822E-02 -0.10908708E-02 -0.11223736E-02 -0.11709494E-02 -0.12351362E-02 -0.13116315E-02 -0.13944915E-02 -0.14740147E-02 -0.15354077E-02 -0.15575353E-02 -0.15123338E-02 -0.13657732E-02 -0.10815092E-02 -0.62838997E-03 0.74971381E-05 0.80685409E-03 0.17002917E-02 0.25569418E-02 0.31890295E-02 0.33866568E-02 0.29999829E-02 0.20875350E-02 0.11486596E-02
0.12847632E-02 0.22441395E-02 0.29286543E-02 0.30525563E-02 0.26575515E-02 0.19234213E-02 0.10516032E-02 0.20498601E-03 -0.51318966E-03 -0.10566758E-02 -0.14222059E-02 -0.16327600E-02 -0.17230497E-02 -0.17292201E-02 -0.16828476E-02 -0.16083754E-02 -0.15228597E-02 -0.14370113E-02 -0.13567722E-02 -0.12849295E-02 -0.12224905E-02 -0.11697000E-02 -0.11266872E-02 -0.10938024E-02 -0.10717030E-02 -0.10613090E-02 -0.10636641E-02 -0.10797310E-02 -0.11101380E-02 -0.11547872E-02 -0.12122750E-02 -0.12790494E-02 -0.13482842E-02 -0.14085458E-02 -0.14424868E-02 -0.14260167E-02 -0.13286588E-02 -0.11160336E-02 -0.75548971E-03 -0.22560660E-03 0.47064531E-03 0.12910551E-02 0.21423128E-02 0.28789287E-02 0.33237002E-02 0.33224407E-02 0.28460616E-02 0.21511563E-02
0.50971079E-03 0.15693771E-02 0.25954893E-02 0.30441403E-02 0.28616877E-02 0.22184525E-02 0.13441744E-02 0.43986571E-03 -0.35754266E-03 -0.97805883E-03 -0.14050217E-02 -0.16563232E-02 -0.17671464E-02 -0.17771675E-02 -0.17226858E-02 -0.16328533E-02 -0.15287530E-02 -0.14241463E-02 -0.13269898E-02 -0.12411268E-02 -0.11678143E-02 -0.11069326E-02 -0.10578415E-02 -0.10199284E-02 -0.99288465E-03 -0.97682466E-03 -0.97226729E-03 -0.98001256E-03 -0.10009317E-02 -0.10356073E-02 -0.10837898E-02 -0.11436114E-02 -0.12105385E-02 -0.12761070E-02 -0.13266078E-02 -0.13420531E-02 -0.12959678E-02 -0.11567557E-02 -0.89149901E-03 -0.47288457E-03 0.11063425E-03 0.84269487E-03 0.16680310E-02 0.24882902E-02 0.31724883E-02 0.35913362E-02 0.36844167E-02 0.35669229E-02
0.19982746E-03 0.10307181E-02 0.22586903E-02 0.29886409E-02 0.30198529E-02 0.24855865E-02 0.16300000E-02 0.68605961E-03 -0.17763299E-03 -0.86730110E-03 -0.13519916E-02 -0.16433859E-02 -0.17760767E-02 -0.17923716E-02 -0.17325741E-02 -0.16300019E-02 -0.15093897E-02 -0.13873402E-02 -0.12737780E-02 -0.11737085E-02 -0.10888752E-02 -0.10191243E-02 -0.96341913E-03 -0.92054012E-03 -0.88949257E-03 -0.86974338E-03 -0.86129069E-03 -0.86463012E-03 -0.88058640E-03 -0.91004895E-03 -0.95350424E-03 -0.10103627E-02 -0.10780352E-02 -0.11507756E-02 -0.12183897E-02 -0.12650330E-02 -0.12684929E-02 -0.12005135E-02 -0.10288644E-02 -0.72177193E-03 -0.25494949E-03 0.37937953E-03 0.11635436E-02 0.20493495E-02 0.29623790E-02 0.38220730E-02 0.45835875E-02 0.53052644E-02
0.37690608E-03 0.65812359E-03 0.19387425E-02 0.28926662E-02 0.31266581E-02 0.27115344E-02 0.18919787E-02 0.92572525E-03 0.97942175E-05 -0.73927127E-03 -0.12760719E-02 -0.16053940E-02 -0.17603857E-02 -0.17851475E-02 -0.17232488E-02 -0.16115682E-02 -0.14780320E-02 -0.13417687E-02 -0.12144951E-02 -0.11023302E-02 -0.10075633E-02 -0.93014550E-03 -0.86882807E-03 -0.82197661E-03 -0.78807316E-03 -0.76604017E-03 -0.75538326E-03 -0.75622586E-03 -0.76922161E-03 -0.79537337E-03 -0.83568044E-03 -0.89059875E-03 -0.95926140E-03 -0.10384442E-02 -0.11213138E-02 -0.11960874E-02 -0.12448521E-02 -0.12429536E-02 -0.11594519E-02 -0.95916286E-03 -0.60659294E-03 -0.71528351E-04 0.66493812E-03 0.16062703E-02 0.27417990E-02 0.40575828E-02 0.55604627E-02 0.73171246E-02
0.98868863E-03 0.46099784E-03 0.16577938E-02 0.27716341E-02 0.31860585E-02 0.28904434E-02 0.21180678E-02 0.11440707E-02 0.18966091E-03 -0.60793523E-03 -0.11895616E-02 -0.15529755E-02 -0.17293258E-02 -0.17637937E-02 -0.17024994E-02 -0.15852486E-02 -0.14426444E-02 -0.12959570E-02 -0.11584389E-02 -0.10371813E-02 -0.93497387E-03 -0.85190139E-03 -0.78658232E-03 -0.73705768E-03 -0.70139013E-03 -0.67802821E-03 -0.66602208E-03 -0.66511842E-03 -0.67575240E-03 -0.69895689E-03 -0.73612984E-03 -0.78863244E-03 -0.85715522E-03 -0.94080527E-03 -0.10358966E-02 -0.11344883E-02 -0.12227863E-02 -0.12796794E-02 -0.12757049E-02 -0.11728539E-02 -0.92548883E-03 -0.48234086E-03 0.21094087E-03 0.12099476E-02 0.25722512E-02 0.43628410E-02 0.66658556E-02 0.96027982E-02
