Basic/Day4/qtaim/urea/crystal/pato/urea_cry_pl2d_pato.SURFGKIN
DSAA
 161 161
-0.75589045E+01  0.75589045E+01  0.94486307E-01
-0.75589045E+01  0.75589045E+01  0.94486307E-01
 0.00000000E+00  0.00000000E+00
[rows 110 to 131 of 161, columns 48 to 95 of 161]
0.80582765E-02 0.86863917E-02 0.94660999E-02 0.10423908E-01 0.11586755E-01 0.12981936E-01 0.14637954E-01 0.16586993E-01 0.18869799E-01 0.21543838E-01 0.24695493E-01 0.28456954E-01 0.33028542E-01 0.38707463E-01 0.45924167E-01 0.55285780E-01 0.67620098E-01 0.84001259E-01 0.10572200E+00 0.13416785E+00 0.17056358E+00 0.21561583E+00 0.26915959E+00 0.32998288E+00 0.39597944E+00 0.46461565E+00 0.53346249E+00 0.60042483E+00 0.66344674E+00 0.71982299E+00 0.76563470E+00 0.79603638E+00 0.80674927E+00 0.79603638E+00 0.76563470E+00 0.71982299E+00 0.66344674E+00 0.60042483E+00 0.53346249E+00 0.46461565E+00 0.39597944E+00 0.32998288E+00 0.26915959E+00 0.21561583E+00 0.17056358E+00 0.13416785E+00 0.10572200E+00 0.84001259E-01
0.71468341E-02 0.78144965E-02 0.86404889E-02 0.96510300E-02 0.10872708E-01 0.12332496E-01 0.14058938E-01 0.16085345E-01 0.18455977E-01 0.21236288E-01 0.24528233E-01 0.28491705E-01 0.33373505E-01 0.39545843E-01 0.47556287E-01 0.58187707E-01 0.72516234E-01 0.91935977E-01 0.11809697E+00 0.15269651E+00 0.19710089E+00 0.25187154E+00 0.31640011E+00 0.38892869E+00 0.46711391E+00 0.54894912E+00 0.63349490E+00 0.72079718E+00 0.81059004E+00 0.89979558E+00 0.97996214E+00 0.10374379E+01 0.10585479E+01 0.10374379E+01 0.97996214E+00 0.89979558E+00 0.81059004E+00 0.72079718E+00 0.63349490E+00 0.54894912E+00 0.46711391E+00 0.38892869E+00 0.31640011E+00 0.25187154E+00 0.19710089E+00 0.15269651E+00 0.11809697E+00 0.91935977E-01
0.63962119E-02 0.70951988E-02 0.79592694E-02 0.90145568E-02 0.10287505E-01 0.11805045E-01 0.13596221E-01 0.15696247E-01 0.18154190E-01 0.21045535E-01 0.24490956E-01 0.28682875E-01 0.33922065E-01 0.40667495E-01 0.49601969E-01 0.61710022E-01 0.78347931E-01 0.10125779E+00 0.13245022E+00 0.17388372E+00 0.22694312E+00 0.29188088E+00 0.36757466E+00 0.45200156E+00 0.54353915E+00 0.64264892E+00 0.75313892E+00 0.88205409E+00 0.10364570E+01 0.12150967E+01 0.13973480E+01 0.15401312E+01 0.15950143E+01 0.15401312E+01 0.13973480E+01 0.12150967E+01 0.10364570E+01 0.88205409E+00 0.75313892E+00 0.64264892E+00 0.54353915E+00 0.45200156E+00 0.36757466E+00 0.29188088E+00 0.22694312E+00 0.17388372E+00 0.13245022E+00 0.10125779E+00
0.57792831E-02 0.65024501E-02 0.73971653E-02 0.84896242E-02 0.98062968E-02 0.11374319E-01 0.13223625E-01 0.15391972E-01 0.17934223E-01 0.20937395E-01 0.24543130E-01 0.28979805E-01 0.34607584E-01 0.41980865E-01 0.51930997E-01 0.65662263E-01 0.84829830E-01 0.11153101E+00 0.14811097E+00 0.19670704E+00 0.25858704E+00 0.33358751E+00 0.42021261E+00 0.51693270E+00 0.62473294E+00 0.75046772E+00 0.91061593E+00 0.11336275E+01 0.14539979E+01 0.18886548E+01 0.23943808E+01 0.28320481E+01 0.30098385E+01 0.28320481E+01 0.23943808E+01 0.18886548E+01 0.14539979E+01 0.11336275E+01 0.91061593E+00 0.75046772E+00 0.62473294E+00 0.51693270E+00 0.42021261E+00 0.33358751E+00 0.25858704E+00 0.19670704E+00 0.14811097E+00 0.11153101E+00
0.52724517E-02 0.60136018E-02 0.69322010E-02 0.80546022E-02 0.94074257E-02 0.11018196E-01 0.12918018E-01 0.15147598E-01 0.17768158E-01 0.20878988E-01 0.24643701E-01 0.29328088E-01 0.35354042E-01 0.43375256E-01 0.54377363E-01 0.69790635E-01 0.91570311E-01 0.12215272E+00 0.16416641E+00 0.21983143E+00 0.29018903E+00 0.37466735E+00 0.47180693E+00 0.58186026E+00 0.71153196E+00 0.88164878E+00 0.11396028E+01 0.15740060E+01 0.23198925E+01 0.35272664E+01 0.52007540E+01 0.68712176E+01 0.76051642E+01 0.68712176E+01 0.52007540E+01 0.35272664E+01 0.23198925E+01 0.15740060E+01 0.11396028E+01 0.88164878E+00 0.71153196E+00 0.58186026E+00 0.47180693E+00 0.37466735E+00 0.29018903E+00 0.21983143E+00 0.16416641E+00 0.12215272E+00
0.48553452E-02 0.56089918E-02 0.65451936E-02 0.76905060E-02 0.90717703E-02 0.10717004E-01 0.12658611E-01 0.14940365E-01 0.17629877E-01 0.20838542E-01 0.24751434E-01 0.29670778E-01 0.36078638E-01 0.44725609E-01 0.56747515E-01 0.73792230E-01 0.98096613E-01 0.13239821E+00 0.17954319E+00 0.24174759E+00 0.31977407E+00 0.41277800E+00 0.51995580E+00 0.64502008E+00 0.80487405E+00 0.10472866E+01 0.14864811E+01 0.23693636E+01 0.42143435E+01 0.79647986E+01 0.14360652E+02 0.21702245E+02 0.25153878E+02 0.21702245E+02 0.14360652E+02 0.79647986E+01 0.42143435E+01 0.23693636E+01 0.14864811E+01 0.10472866E+01 0.80487405E+00 0.64502008E+00 0.51995580E+00 0.41277800E+00 0.31977407E+00 0.24174759E+00 0.17954319E+00 0.13239821E+00
0.45105348E-02 0.52716569E-02 0.62194596E-02 0.73807002E-02 0.87824565E-02 0.10453251E-01 0.12426747E-01 0.14749578E-01 0.17495201E-01 0.20785963E-01 0.24826245E-01 0.29951038E-01 0.36696607E-01 0.45900950E-01 0.58834953E-01 0.77340029E-01 0.10389730E+00 0.14149149E+00 0.19311904E+00 0.26093402E+00 0.34543441E+00 0.44571446E+00 0.56225760E+00 0.70388508E+00 0.90285994E+00 0.12512181E+01 0.19881708E+01 0.37485947E+01 0.83511708E+01 0.20041641E+02 0.43543249E+02 0.74764312E+02 0.91270729E+02 0.74764312E+02 0.43543249E+02 0.20041641E+02 0.83511708E+01 0.37485947E+01 0.19881708E+01 0.12512181E+01 0.90285994E+00 0.70388508E+00 0.56225760E+00 0.44571446E+00 0.34543441E+00 0.26093402E+00 0.19311904E+00 0.14149149E+00
0.42232937E-02 0.49871349E-02 0.59406587E-02 0.71107838E-02 0.85247861E-02 0.10211615E-01 0.12205978E-01 0.14556851E-01 0.17342431E-01 0.20693900E-01 0.24831200E-01 0.30115745E-01 0.37127629E-01 0.46775603E-01 0.60439599E-01 0.80115758E-01 0.10847618E+00 0.14868919E+00 0.20384344E+00 0.27601030E+00 0.36548505E+00 0.47148828E+00 0.59614700E+00 0.75427050E+00 0.99699302E+00 0.14751200E+01 0.26213029E+01 0.58515769E+01 0.16160584E+02 0.46992437E+02 0.12490097E+03 0.27335057E+03 0.37262857E+03 0.27335057E+03 0.12490097E+03 0.46992437E+02 0.16160584E+02 0.58515769E+01 0.26213029E+01 0.14751200E+01 0.99699302E+00 0.75427050E+00 0.59614700E+00 0.47148828E+00 0.36548505E+00 0.27601030E+00 0.20384344E+00 0.14868919E+00
0.39813842E-02 0.47433181E-02 0.56967098E-02 0.68685657E-02 0.82862749E-02 0.99790537E-02 0.11982288E-01 0.14346505E-01 0.17153053E-01 0.20539015E-01 0.24734757E-01 0.30119476E-01 0.37302856E-01 0.47241531E-01 0.61389118E-01 0.81845573E-01 0.11140898E+00 0.15336392E+00 0.21084754E+00 0.28586175E+00 0.37857864E+00 0.48841366E+00 0.61897204E+00 0.79033054E+00 0.10709456E+01 0.16691514E+01 0.32365584E+01 0.82521634E+01 0.26480408E+02 0.89325338E+02 0.31302447E+03 0.91818946E+03 0.15763065E+04 0.91818946E+03 0.31302447E+03 0.89325338E+02 0.26480408E+02 0.82521634E+01 0.32365584E+01 0.16691514E+01 0.10709456E+01 0.79033054E+00 0.61897204E+00 0.48841366E+00 0.37857864E+00 0.28586175E+00 0.21084754E+00 0.15336392E+00
0.37748635E-02 0.45303280E-02 0.54777320E-02 0.66440701E-02 0.80567223E-02 0.97449491E-02 0.11744341E-01 0.14105980E-01 0.16912438E-01 0.20303173E-01 0.24512862E-01 0.29928177E-01 0.37171410E-01 0.47219753E-01 0.61558585E-01 0.82332548E-01 0.11239350E+00 0.15507446E+00 0.21353021E+00 0.28972949E+00 0.38379588E+00 0.49526116E+00 0.62847893E+00 0.80618505E+00 0.11058088E+01 0.17667555E+01 0.35705559E+01 0.96892732E+01 0.33169609E+02 0.12195145E+03 0.50283641E+03 0.21396256E+04 0.69078905E+04 0.21396256E+04 0.50283641E+03 0.12195145E+03 0.33169609E+02 0.96892732E+01 0.35705559E+01 0.17667555E+01 0.11058088E+01 0.80618505E+00 0.62847893E+00 0.49526116E+00 0.38379588E+00 0.28972949E+00 0.21353021E+00 0.15507446E+00
0.35959012E-02 0.43403972E-02 0.52759868E-02 0.64295358E-02 0.78282688E-02 0.95012316E-02 0.11483684E-01 0.13826169E-01 0.16610378E-01 0.19974350E-01 0.24150491E-01 0.29521885E-01 0.36705173E-01 0.46668770E-01 0.60884942E-01 0.81480288E-01 0.11128526E+00 0.15361377E+00 0.21161369E+00 0.28726666E+00 0.38071495E+00 0.49144429E+00 0.62351452E+00 0.79861411E+00 0.10906159E+01 0.17265010E+01 0.34348862E+01 0.91008759E+01 0.30396798E+02 0.10786957E+03 0.41685279E+03 0.14753705E+04 0.30050988E+04 0.14753705E+04 0.41685279E+03 0.10786957E+03 0.30396798E+02 0.91008759E+01 0.34348862E+01 0.17265010E+01 0.10906159E+01 0.79861411E+00 0.62351452E+00 0.49144429E+00 0.38071495E+00 0.28726666E+00 0.21161369E+00 0.15361377E+00
0.34386059E-02 0.41677495E-02 0.50858105E-02 0.62193973E-02 0.75954230E-02 0.92424513E-02 0.11194871E-01 0.13501603E-01 0.16241383E-01 0.19547089E-01 0.23642406E-01 0.28895993E-01 0.35900994E-01 0.45588402E-01 0.59373540E-01 0.79303519E-01 0.10811324E+00 0.14902975E+00 0.20516692E+00 0.27856167E+00 0.36944547E+00 0.47712945E+00 0.60446297E+00 0.76882513E+00 0.10297106E+01 0.15652649E+01 0.29086033E+01 0.69444432E+01 0.20726331E+02 0.64693575E+02 0.19437778E+03 0.48492956E+03 0.69782252E+03 0.48492956E+03 0.19437778E+03 0.64693575E+02 0.20726331E+02 0.69444432E+01 0.29086033E+01 0.15652649E+01 0.10297106E+01 0.76882513E+00 0.60446297E+00 0.47712945E+00 0.36944547E+00 0.27856167E+00 0.20516692E+00 0.14902975E+00
0.32988682E-02 0.40084865E-02 0.49035410E-02 0.60102496E-02 0.73550588E-02 0.89658006E-02 0.10875506E-01 0.13130495E-01 0.15804692E-01 0.19022462E-01 0.22992994E-01 0.28060866E-01 0.34779899E-01 0.44018307E-01 0.57095528E-01 0.75923811E-01 0.10307350E+00 0.14161680E+00 0.19459608E+00 0.26412865E+00 0.35061433E+00 0.45319061E+00 0.57306661E+00 0.72172371E+00 0.93967506E+00 0.13440941E+01 0.22530909E+01 0.45976094E+01 0.11346390E+02 0.29901699E+02 0.70377483E+02 0.13195776E+03 0.16832767E+03 0.13195776E+03 0.70377483E+02 0.29901699E+02 0.11346390E+02 0.45976094E+01 0.22530909E+01 0.13440941E+01 0.93967506E+00 0.72172371E+00 0.57306661E+00 0.45319061E+00 0.35061433E+00 0.26412865E+00 0.19459608E+00 0.14161680E+00
0.31742278E-02 0.38604893E-02 0.47274521E-02 0.58008094E-02 0.71063963E-02 0.86711015E-02 0.10526204E-01 0.12714645E-01 0.15304046E-01 0.18407567E-01 0.22215261E-01 0.27039918E-01 0.33383516E-01 0.42031528E-01 0.54176654E-01 0.71551257E-01 0.96501708E-01 0.13187925E+00 0.18060274E+00 0.24486545E+00 0.32530942E+00 0.42104217E+00 0.53177839E+00 0.66335393E+00 0.83895169E+00 0.11239543E+01 0.16801238E+01 0.28887397E+01 0.56782323E+01 0.11983629E+02 0.23616020E+02 0.37686229E+02 0.44527729E+02 0.37686229E+02 0.23616020E+02 0.11983629E+02 0.56782323E+01 0.28887397E+01 0.16801238E+01 0.11239543E+01 0.83895169E+00 0.66335393E+00 0.53177839E+00 0.42104217E+00 0.32530942E+00 0.24486545E+00 0.18060274E+00 0.13187925E+00
0.30637778E-02 0.37233497E-02 0.45577096E-02 0.55918918E-02 0.68509892E-02 0.83607851E-02 0.10150533E-01 0.12259269E-01 0.14747294E-01 0.17714700E-01 0.21329206E-01 0.25866545E-01 0.31768435E-01 0.39724364E-01 0.50779665E-01 0.66455426E-01 0.88828653E-01 0.12047023E+00 0.16411119E+00 0.22197937E+00 0.29499844E+00 0.38246124E+00 0.48313417E+00 0.59862049E+00 0.73958955E+00 0.93701378E+00 0.12624903E+01 0.18576112E+01 0.29694807E+01 0.49525948E+01 0.79741118E+01 0.11202704E+02 0.12669359E+02 0.11202704E+02 0.79741118E+01 0.49525948E+01 0.29694807E+01 0.18576112E+01 0.12624903E+01 0.93701378E+00 0.73958955E+00 0.59862049E+00 0.48313417E+00 0.38246124E+00 0.29499844E+00 0.22197937E+00 0.16411119E+00 0.12047023E+00
0.29681165E-02 0.35983455E-02 0.43963670E-02 0.53864213E-02 0.65927413E-02 0.80398925E-02 0.97549592E-02 0.11772813E-01 0.14145930E-01 0.16960389E-01 0.20359918E-01 0.24580533E-01 0.29999619E-01 0.37204543E-01 0.47083672E-01 0.60930833E-01 0.80526056E-01 0.10811375E+00 0.14616920E+00 0.19687958E+00 0.26142925E+00 0.33947749E+00 0.42950054E+00 0.53060702E+00 0.64590980E+00 0.78732589E+00 0.98207372E+00 0.12784278E+01 0.17404452E+01 0.24159248E+01 0.32596670E+01 0.40342066E+01 0.43595562E+01 0.40342066E+01 0.32596670E+01 0.24159248E+01 0.17404452E+01 0.12784278E+01 0.98207372E+00 0.78732589E+00 0.64590980E+00 0.53060702E+00 0.42950054E+00 0.33947749E+00 0.26142925E+00 0.19687958E+00 0.14616920E+00 0.10811375E+00
0.28893584E-02 0.34884723E-02 0.42474169E-02 0.51894987E-02 0.63379785E-02 0.77161321E-02 0.93488450E-02 0.11266823E-01 0.13514706E-01 0.16164486E-01 0.19335743E-01 0.23224576E-01 0.28144031E-01 0.34579825E-01 0.43264205E-01 0.55263060E-01 0.72051532E-01 0.95521179E-01 0.12783265E+00 0.17103863E+00 0.22649896E+00 0.29430815E+00 0.37317393E+00 0.46120732E+00 0.55769983E+00 0.66537003E+00 0.79231893E+00 0.95247077E+00 0.11610891E+01 0.14209761E+01 0.17020185E+01 0.19315503E+01 0.20217683E+01 0.19315503E+01 0.17020185E+01 0.14209761E+01 0.11610891E+01 0.95247077E+00 0.79231893E+00 0.66537003E+00 0.55769983E+00 0.46120732E+00 0.37317393E+00 0.29430815E+00 0.22649896E+00 0.17103863E+00 0.12783265E+00 0.95521179E-01
0.28312081E-02 0.33985402E-02 0.41169087E-02 0.50085347E-02 0.60955912E-02 0.74000151E-02 0.89445484E-02 0.10755937E-01 0.12871393E-01 0.15349513E-01 0.18286848E-01 0.21841487E-01 0.26265502E-01 0.31948869E-01 0.39477209E-01 0.49701158E-01 0.63802085E-01 0.83315786E-01 0.11005092E+00 0.14583589E+00 0.19207932E+00 0.24925224E+00 0.31655594E+00 0.39210507E+00 0.47377100E+00 0.56038558E+00 0.65261295E+00 0.75274191E+00 0.86266995E+00 0.97959398E+00 0.10910118E+01 0.11742641E+01 0.12054935E+01 0.11742641E+01 0.10910118E+01 0.97959398E+00 0.86266995E+00 0.75274191E+00 0.65261295E+00 0.56038558E+00 0.47377100E+00 0.39210507E+00 0.31655594E+00 0.24925224E+00 0.19207932E+00 0.14583589E+00 0.11005092E+00 0.83315786E-01
0.27991054E-02 0.33353452E-02 0.40131441E-02 0.48534687E-02 0.58772699E-02 0.71050940E-02 0.85576400E-02 0.10258039E-01 0.12236793E-01 0.14540368E-01 0.17244402E-01 0.20472461E-01 0.24421479E-01 0.29395453E-01 0.35849031E-01 0.44440191E-01 0.56083323E-01 0.71978573E-01 0.93574248E-01 0.12241022E+00 0.15981342E+00 0.20648737E+00 0.26214086E+00 0.32537265E+00 0.39397193E+00 0.46556020E+00 0.53820360E+00 0.61052023E+00 0.68102062E+00 0.74684572E+00 0.80265281E+00 0.84094751E+00 0.85469018E+00 0.84094751E+00 0.80265281E+00 0.74684572E+00 0.68102062E+00 0.61052023E+00 0.53820360E+00 0.46556020E+00 0.39397193E+00 0.32537265E+00 0.26214086E+00 0.20648737E+00 0.15981342E+00 0.12241022E+00 0.93574248E-01 0.71978573E-01
0.28004358E-02 0.33079104E-02 0.39469494E-02 0.47370682E-02 0.56978278E-02 0.68483041E-02 0.82072496E-02 0.97945860E-02 0.11634998E-01 0.13764458E-01 0.16240449E-01 0.19156527E-01 0.22661838E-01 0.26986389E-01 0.32472925E-01 0.39615167E-01 0.49097715E-01 0.61823467E-01 0.78901096E-01 0.10155555E+00 0.13093230E+00 0.16780333E+00 0.21224680E+00 0.26343112E+00 0.31963472E+00 0.37853400E+00 0.43762403E+00 0.49452015E+00 0.54695214E+00 0.59249719E+00 0.62835151E+00 0.65152016E+00 0.65956198E+00 0.65152016E+00 0.62835151E+00 0.59249719E+00 0.54695214E+00 0.49452015E+00 0.43762403E+00 0.37853400E+00 0.31963472E+00 0.26343112E+00 0.21224680E+00 0.16780333E+00 0.13093230E+00 0.10155555E+00 0.78901096E-01 0.61823467E-01
0.28447970E-02 0.33277894E-02 0.39320128E-02 0.46752981E-02 0.55755995E-02 0.66503859E-02 0.79165120E-02 0.93910737E-02 0.11093876E-01 0.13052188E-01 0.15308407E-01 0.17931078E-01 0.21029569E-01 0.24772654E-01 0.29411246E-01 0.35305034E-01 0.42950515E-01 0.53002581E-01 0.66273391E-01 0.83684479E-01 0.10614859E+00 0.13437553E+00 0.16863285E+00 0.20853367E+00 0.25294268E+00 0.30005910E+00 0.34765407E+00 0.39335648E+00 0.43486358E+00 0.47002937E+00 0.49689852E+00 0.51380429E+00 0.51958098E+00 0.51380429E+00 0.49689852E+00 0.47002937E+00 0.43486358E+00 0.39335648E+00 0.34765407E+00 0.30005910E+00 0.25294268E+00 0.20853367E+00 0.16863285E+00 0.13437553E+00 0.10614859E+00 0.83684479E-01 0.66273391E-01 0.53002581E-01
0.29442955E-02 0.34093977E-02 0.39852486E-02 0.46877132E-02 0.55328579E-02 0.65363289E-02 0.77130396E-02 0.90775539E-02 0.10645659E-01 0.12437675E-01 0.14483991E-01 0.16833181E-01 0.19562798E-01 0.22792819E-01 0.26701551E-01 0.31543582E-01 0.37668299E-01 0.45534731E-01 0.55713703E-01 0.68862855E-01 0.85658379E-01 0.10667456E+00 0.13222154E+00 0.16217789E+00 0.19587402E+00 0.23207763E+00 0.26909855E+00 0.30498086E+00 0.33771774E+00 0.36543245E+00 0.38650906E+00 0.39969258E+00 0.40417967E+00 0.39969258E+00 0.38650906E+00 0.36543245E+00 0.33771774E+00 0.30498086E+00 0.26909855E+00 0.23207763E+00 0.19587402E+00 0.16217789E+00 0.13222154E+00 0.10667456E+00 0.85658379E-01 0.68862855E-01 0.55713703E-01 0.45534731E-01
