Basic/Day4/qtaim/urea/crystal/pato/urea_cry_pl2d_pato.SURFKKIN
DSAA
 161 161
-0.75589045E+01  0.75589045E+01  0.94486307E-01
-0.75589045E+01  0.75589045E+01  0.94486307E-01
 0.00000000E+00  0.00000000E+00
[rows 132 to 153 of 161, columns 0 to 47 of 161]
-0.55054527E+00 -0.65197474E+00 -0.62683854E+00 -0.47265377E+00 -0.20141391E+00 0.10028836E+00 0.31132872E+00 0.38765572E+00 0.37128593E+00 0.31877537E+00 0.26161106E+00 0.20998709E+00 0.16551931E+00 0.12777149E+00 0.96086174E-01 0.69940731E-01 0.48936157E-01 0.32661239E-01 0.20583071E-01 0.12038525E-01 0.63024657E-02 0.26739331E-02 0.54024193E-03 -0.59236813E-03 -0.10956792E-02 -0.12331385E-02 -0.11806675E-02 -0.10483047E-02 -0.89938814E-03 -0.76597553E-03 -0.66047779E-03 -0.58396014E-03 -0.53180637E-03 -0.49736716E-03 -0.47413948E-03 -0.45691363E-03 -0.44222923E-03 -0.42840104E-03 -0.41530623E-03 -0.40406633E-03 -0.39671794E-03 -0.39589585E-03 -0.40457625E-03 -0.42585834E-03 -0.46276221E-03 -0.51800697E-03 -0.59374544E-03 -0.69118015E-03
0.92949317E-01 0.28892020E-01 0.45780924E-01 0.13592271E+00 0.25687345E+00 0.35253336E+00 0.38961343E+00 0.37341265E+00 0.32887982E+00 0.27691012E+00 0.22739327E+00 0.18323000E+00 0.14476974E+00 0.11174262E+00 0.83817745E-01 0.60728721E-01 0.42222920E-01 0.27954246E-01 0.17427553E-01 0.10026573E-01 0.50903452E-02 0.19911694E-02 0.18740847E-03 -0.75360830E-03 -0.11556625E-02 -0.12471041E-02 -0.11797249E-02 -0.10479495E-02 -0.90565026E-03 -0.77962376E-03 -0.67974230E-03 -0.60620116E-03 -0.55446167E-03 -0.51842905E-03 -0.49233800E-03 -0.47172640E-03 -0.45379639E-03 -0.43739278E-03 -0.42276956E-03 -0.41126049E-03 -0.40493966E-03 -0.40631046E-03 -0.41803874E-03 -0.44274650E-03 -0.48284133E-03 -0.54036752E-03 -0.61682084E-03 -0.71293149E-03
0.36707578E+00 0.35450513E+00 0.35799535E+00 0.37441628E+00 0.38872969E+00 0.38613694E+00 0.36245659E+00 0.32381745E+00 0.27918903E+00 0.23482854E+00 0.19361810E+00 0.15653240E+00 0.12379675E+00 0.95395046E-01 0.71262097E-01 0.51316328E-01 0.35397558E-01 0.23199675E-01 0.14262419E-01 0.80231926E-02 0.38931268E-02 0.13235732E-02 -0.15261151E-03 -0.90520450E-03 -0.12091233E-02 -0.12572425E-02 -0.11771048E-02 -0.10475099E-02 -0.91291809E-03 -0.79495140E-03 -0.70104895E-03 -0.63064978E-03 -0.57940730E-03 -0.54189059E-03 -0.51317145E-03 -0.48962066E-03 -0.46917054E-03 -0.45123850E-03 -0.43646790E-03 -0.42638109E-03 -0.42302153E-03 -0.42863188E-03 -0.44537876E-03 -0.47515748E-03 -0.51945585E-03 -0.57928073E-03 -0.65510201E-03 -0.74680791E-03
0.37726023E+00 0.38149080E+00 0.38048159E+00 0.37372273E+00 0.35905479E+00 0.33530896E+00 0.30392868E+00 0.26814624E+00 0.23117548E+00 0.19523103E+00 0.16156667E+00 0.13083726E+00 0.10338033E+00 0.79384237E-01 0.58961196E-01 0.42133928E-01 0.28784856E-01 0.18630439E-01 0.11246930E-01 0.61324843E-02 0.27758571E-02 0.70986470E-03 -0.45803030E-03 -0.10357271E-02 -0.12506199E-02 -0.12613406E-02 -0.11721592E-02 -0.10469731E-02 -0.92133844E-03 -0.81206983E-03 -0.72443239E-03 -0.65730264E-03 -0.60667514E-03 -0.56790046E-03 -0.53698047E-03 -0.51119016E-03 -0.48923463E-03 -0.47112178E-03 -0.45786001E-03 -0.45108411E-03 -0.45266883E-03 -0.46438235E-03 -0.48759530E-03 -0.52309417E-03 -0.57099184E-03 -0.63074813E-03 -0.70129410E-03 -0.78119162E-03
0.31355526E+00 0.31950967E+00 0.31800655E+00 0.30910425E+00 0.29324613E+00 0.27148819E+00 0.24547045E+00 0.21704354E+00 0.18786475E+00 0.15921226E+00 0.13199328E+00 0.10682980E+00 0.84154196E-01 0.64274989E-01 0.47388957E-01 0.33553092E-01 0.22658314E-01 0.14437191E-01 0.85078273E-02 0.44350135E-02 0.17873937E-02 0.17809978E-03 -0.71382933E-03 -0.11379230E-02 -0.12772269E-02 -0.12586645E-02 -0.11650963E-02 -0.10468131E-02 -0.93134559E-03 -0.83126845E-03 -0.75005207E-03 -0.68625970E-03 -0.63639509E-03 -0.59670633E-03 -0.56420202E-03 -0.53710666E-03 -0.51491654E-03 -0.49820241E-03 -0.48826033E-03 -0.48669082E-03 -0.49496634E-03 -0.51404350E-03 -0.54404551E-03 -0.58408384E-03 -0.63223030E-03 -0.68567489E-03 -0.74107243E-03 -0.79502953E-03
0.24725497E+00 0.25201556E+00 0.25080850E+00 0.24372931E+00 0.23133309E+00 0.21455865E+00 0.19458036E+00 0.17262622E+00 0.14982840E+00 0.12714319E+00 0.10533624E+00 0.85007601E-01 0.66623732E-01 0.50528017E-01 0.36925438E-01 0.25861623E-01 0.17221303E-01 0.10755850E-01 0.61316800E-02 0.29833475E-02 0.95793071E-03 -0.25564485E-03 -0.91241804E-03 -0.12089865E-02 -0.12885914E-02 -0.12499170E-02 -0.11568985E-02 -0.10479140E-02 -0.94358243E-03 -0.85295184E-03 -0.77814489E-03 -0.71768829E-03 -0.66876524E-03 -0.62861846E-03 -0.59531973E-03 -0.56805735E-03 -0.54709039E-03 -0.53347395E-03 -0.52864235E-03 -0.53391911E-03 -0.55001290E-03 -0.57656514E-03 -0.61178994E-03 -0.65230332E-03 -0.69317990E-03 -0.72830306E-03 -0.75103169E-03 -0.75514404E-03
0.19143362E+00 0.19499748E+00 0.19409419E+00 0.18879169E+00 0.17948017E+00 0.16680886E+00 0.15158857E+00 0.13468713E+00 0.11694392E+00 0.99117421E-01 0.81864393E-01 0.65735648E-01 0.51170428E-01 0.38481030E-01 0.27834620E-01 0.19246910E-01 0.12597141E-01 0.76626375E-02 0.41628508E-02 0.18014933E-02 0.29906568E-03 -0.58695763E-03 -0.10532544E-02 -0.12502051E-02 -0.12866309E-02 -0.12369918E-02 -0.11491290E-02 -0.10514128E-02 -0.95879086E-03 -0.87756033E-03 -0.80896810E-03 -0.75177880E-03 -0.70400554E-03 -0.66396357E-03 -0.63080449E-03 -0.60465366E-03 -0.58645385E-03 -0.57759773E-03 -0.57941796E-03 -0.59259602E-03 -0.61655137E-03 -0.64889092E-03 -0.68498314E-03 -0.71779201E-03 -0.73804979E-03 -0.73487912E-03 -0.69691756E-03 -0.61392697E-03
0.14578702E+00 0.14845324E+00 0.14777795E+00 0.14380720E+00 0.13680669E+00 0.12722427E+00 0.11563229E+00 0.10266518E+00 0.88965245E-01 0.75143158E-01 0.61750711E-01 0.49258906E-01 0.38036257E-01 0.28329197E-01 0.20251781E-01 0.13791148E-01 0.88294378E-02 0.51767125E-02 0.26066385E-02 0.88772637E-03 -0.19394791E-03 -0.82142699E-03 -0.11416624E-02 -0.12661355E-02 -0.12749646E-02 -0.12225813E-02 -0.11436586E-02 -0.10585190E-02 -0.97768756E-03 -0.90548552E-03 -0.84273452E-03 -0.78868833E-03 -0.74230956E-03 -0.70302062E-03 -0.67103046E-03 -0.64732436E-03 -0.63338803E-03 -0.63072429E-03 -0.64021574E-03 -0.66138899E-03 -0.69164851E-03 -0.72558103E-03 -0.75442937E-03 -0.76592387E-03 -0.74461204E-03 -0.67286331E-03 -0.53265412E-03 -0.30812766E-03
0.10864551E+00 0.11064242E+00 0.11013688E+00 0.10716111E+00 0.10190213E+00 0.94679906E-01 0.85912954E-01 0.76078995E-01 0.65676850E-01 0.55192443E-01 0.45068720E-01 0.35678758E-01 0.27303397E-01 0.20117134E-01 0.14186160E-01 0.94796901E-02 0.58918944E-02 0.32690845E-02 0.14364194E-02 0.21988577E-03 -0.53846805E-03 -0.97209849E-03 -0.11871403E-02 -0.12634962E-02 -0.12581957E-02 -0.12097169E-02 -0.11423791E-02 -0.10703261E-02 -0.10008435E-02 -0.93698589E-03 -0.87955488E-03 -0.82849198E-03 -0.78378327E-03 -0.74594880E-03 -0.71618289E-03 -0.69619776E-03 -0.68781224E-03 -0.69232152E-03 -0.70968711E-03 -0.73759916E-03 -0.77049021E-03 -0.79862987E-03 -0.80744879E-03 -0.77735394E-03 -0.68426744E-03 -0.50116759E-03 -0.20082434E-03 0.24024042E-03
0.78723831E-01 0.80204843E-01 0.79829956E-01 0.77622630E-01 0.73719675E-01 0.68357547E-01 0.61849888E-01 0.54559847E-01 0.46870356E-01 0.39154657E-01 0.31748810E-01 0.24928259E-01 0.18891156E-01 0.13751010E-01 0.95397926E-02 0.62203447E-02 0.37048795E-02 0.18754972E-02 0.60304709E-03 -0.23806220E-03 -0.76003101E-03 -0.10565575E-02 -0.12014816E-02 -0.12499771E-02 -0.12411682E-02 -0.12013047E-02 -0.11469168E-02 -0.10876433E-02 -0.10285762E-02 -0.97212147E-03 -0.91938230E-03 -0.87112664E-03 -0.82838318E-03 -0.79270903E-03 -0.76615971E-03 -0.75098264E-03 -0.74904785E-03 -0.76103072E-03 -0.78537162E-03 -0.81706355E-03 -0.84636152E-03 -0.85758208E-03 -0.82820934E-03 -0.72867310E-03 -0.52316789E-03 -0.17195148E-03 0.36453282E-03 0.11195949E-02
0.55145316E-01 0.56217625E-01 0.55946153E-01 0.54348288E-01 0.51525591E-01 0.47654092E-01 0.42967875E-01 0.37737899E-01 0.32248314E-01 0.26772557E-01 0.21551639E-01 0.16777015E-01 0.12580161E-01 0.90300135E-02 0.61379943E-02 0.38689027E-02 0.21550207E-02 0.91063665E-03 0.44751916E-04 -0.52933592E-03 -0.88794724E-03 -0.10940946E-02 -0.11969878E-02 -0.12331358E-02 -0.12283005E-02 -0.11997414E-02 -0.11584085E-02 -0.11108623E-02 -0.10608790E-02 -0.10107017E-02 -0.96196896E-03 -0.91634239E-03 -0.87585388E-03 -0.84298446E-03 -0.82047478E-03 -0.81085863E-03 -0.81570654E-03 -0.83457214E-03 -0.86365200E-03 -0.89420918E-03 -0.91087383E-03 -0.89003913E-03 -0.79866222E-03 -0.59398071E-03 -0.22472074E-03 0.36550393E-03 0.12319773E-02 0.24195505E-02
0.37196765E-01 0.37945768E-01 0.37756093E-01 0.36640418E-01 0.34672740E-01 0.31981005E-01 0.28734545E-01 0.25127766E-01 0.21361997E-01 0.17627606E-01 0.14088512E-01 0.10870965E-01 0.80577985E-02 0.56884410E-02 0.37639394E-02 0.22554384E-02 0.11141980E-02 0.28135150E-03 -0.30391291E-03 -0.69842885E-03 -0.95148488E-03 -0.11032958E-02 -0.11849838E-02 -0.12195091E-02 -0.12230653E-02 -0.12066198E-02 -0.11773454E-02 -0.11398849E-02 -0.10973771E-02 -0.10522572E-02 -0.10068347E-02 -0.96365930E-03 -0.92566874E-03 -0.89610498E-03 -0.87817044E-03 -0.87438696E-03 -0.88561738E-03 -0.90971888E-03 -0.93982286E-03 -0.96229042E-03 -0.95448052E-03 -0.88261310E-03 -0.70016249E-03 -0.34749882E-03 0.24632531E-03 0.11584977E-02 0.24629288E-02 0.42156239E-02
0.24116014E-01 0.24616979E-01 0.24490077E-01 0.23744176E-01 0.22430941E-01 0.20639296E-01 0.18486044E-01 0.16103847E-01 0.13628141E-01 0.11184693E-01 0.88793815E-02 0.67913900E-02 0.49704089E-02 0.34377055E-02 0.21902969E-02 0.12070360E-02 0.45532201E-03 -0.10267351E-03 -0.50500993E-03 -0.78653636E-03 -0.97697467E-03 -0.11002579E-02 -0.11747540E-02 -0.12139982E-02 -0.12276709E-02 -0.12225687E-02 -0.12035115E-02 -0.11740994E-02 -0.11373241E-02 -0.10960330E-02 -0.10532480E-02 -0.10123319E-02 -0.97697771E-03 -0.95098208E-03 -0.93774824E-03 -0.93945243E-03 -0.95580567E-03 -0.98235305E-03 -0.10082871E-02 -0.10138209E-02 -0.96728683E-03 -0.82232332E-03 -0.51575525E-03 0.32811841E-04 0.91827421E-03 0.22422665E-02 0.40982386E-02 0.65480922E-02
0.15037318E-01 0.15356821E-01 0.15275864E-01 0.14800319E-01 0.13964317E-01 0.12826309E-01 0.11462458E-01 0.99583168E-02 0.84000050E-02 0.68661105E-02 0.54213816E-02 0.41128983E-02 0.29689442E-02 0.20003195E-02 0.12034563E-02 0.56450845E-03 0.63588648E-04 -0.32149862E-03 -0.61242448E-03 -0.82852879E-03 -0.98595195E-03 -0.10974908E-02 -0.11729236E-02 -0.12195700E-02 -0.12429206E-02 -0.12472256E-02 -0.12359970E-02 -0.12124127E-02 -0.11796285E-02 -0.11410010E-02 -0.11002193E-02 -0.10613234E-02 -0.10285663E-02 -0.10060606E-02 -0.99712630E-03 -0.10032468E-02 -0.10225336E-02 -0.10476115E-02 -0.10628793E-02 -0.10411846E-02 -0.94011181E-03 -0.69834846E-03 -0.23296648E-03 0.56091253E-03 0.18058306E-02 0.36298305E-02 0.61426626E-02 0.93983710E-02
0.90578143E-02 0.92516036E-02 0.92024917E-02 0.89141250E-02 0.84076566E-02 0.77191287E-02 0.68951261E-02 0.59874014E-02 0.50473193E-02 0.41209439E-02 0.32454230E-02 0.24470373E-02 0.17409514E-02 0.11324016E-02 0.61885058E-03 0.19255818E-03 -0.15693069E-03 -0.44074470E-03 -0.66927371E-03 -0.85140164E-03 -0.99427864E-03 -0.11034667E-02 -0.11832833E-02 -0.12372098E-02 -0.12682666E-02 -0.12793159E-02 -0.12732855E-02 -0.12533246E-02 -0.12229069E-02 -0.11858881E-02 -0.11465063E-02 -0.11092922E-02 -0.10788316E-02 -0.10592955E-02 -0.10536334E-02 -0.10623038E-02 -0.10814103E-02 -0.11001220E-02 -0.10973033E-02 -0.10373842E-02 -0.86570906E-03 -0.50395516E-03 0.15322275E-03 0.12381861E-02 0.29033973E-02 0.53021808E-02 0.85509316E-02 0.12670675E-01
0.53341041E-02 0.54457210E-02 0.54174340E-02 0.52513418E-02 0.49595906E-02 0.45627613E-02 0.40872202E-02 0.35619043E-02 0.30150919E-02 0.24716687E-02 0.19512627E-02 0.14674189E-02 0.10277690E-02 0.63497338E-03 0.28810742E-03 -0.15849797E-04 -0.28071247E-03 -0.51014823E-03 -0.70716134E-03 -0.87395832E-03 -0.10120793E-02 -0.11226989E-02 -0.12069324E-02 -0.12661159E-02 -0.13019942E-02 -0.13168217E-02 -0.13133933E-02 -0.12950323E-02 -0.12655547E-02 -0.12292173E-02 -0.11906307E-02 -0.11545948E-02 -0.11257815E-02 -0.11081625E-02 -0.11040499E-02 -0.11125951E-02 -0.11275778E-02 -0.11343253E-02 -0.11056548E-02 -0.99685816E-03 -0.74000800E-03 -0.23834354E-03 0.63768301E-03 0.20495939E-02 0.41797939E-02 0.72015758E-02 0.11220833E-01 0.16189600E-01
0.31511200E-02 0.32123438E-02 0.31968340E-02 0.31056803E-02 0.29451714E-02 0.27258860E-02 0.24612221E-02 0.21656550E-02 0.18530554E-02 0.15353581E-02 0.12217730E-02 0.91859390E-03 0.62953157E-03 0.35639789E-03 0.99926170E-04 -0.13947683E-03 -0.36119377E-03 -0.56414237E-03 -0.74679432E-03 -0.90738943E-03 -0.10442721E-02 -0.11562167E-02 -0.12426948E-02 -0.13040418E-02 -0.13415053E-02 -0.13572059E-02 -0.13540387E-02 -0.13355525E-02 -0.13058280E-02 -0.12693583E-02 -0.12309102E-02 -0.11953097E-02 -0.11670668E-02 -0.11497142E-02 -0.11447077E-02 -0.11496990E-02 -0.11559768E-02 -0.11448745E-02 -0.10829996E-02 -0.91628779E-03 -0.56321252E-03 0.91893301E-04 0.12032606E-02 0.29614225E-02 0.55760267E-02 0.92308158E-02 0.13998240E-01 0.19721131E-01
0.19496147E-02 0.19822055E-02 0.19739596E-02 0.19253538E-02 0.18391249E-02 0.17198217E-02 0.15730946E-02 0.14048914E-02 0.12207393E-02 0.10252593E-02 0.82199260E-03 0.61353376E-03 0.40188974E-03 0.18893939E-03 -0.23144016E-04 -0.23161790E-03 -0.43310418E-03 -0.62373579E-03 -0.79946219E-03 -0.95645315E-03 -0.10914888E-02 -0.12022804E-02 -0.12876772E-02 -0.13477321E-02 -0.13836519E-02 -0.13976614E-02 -0.13928224E-02 -0.13728474E-02 -0.13419295E-02 -0.13045889E-02 -0.12655079E-02 -0.12292916E-02 -0.12000542E-02 -0.11806913E-02 -0.11716600E-02 -0.11690492E-02 -0.11616961E-02 -0.11271031E-02 -0.10259672E-02 -0.79531115E-03 -0.34059596E-03 0.47198623E-03 0.18202128E-02 0.39214214E-02 0.70073136E-02 0.11260046E-01 0.16695067E-01 0.23013579E-01
0.13218025E-02 0.13397264E-02 0.13352041E-02 0.13083711E-02 0.12599933E-02 0.11912968E-02 0.11037152E-02 0.99863837E-03 0.87724918E-03 0.74050565E-03 0.58928336E-03 0.42464244E-03 0.24814532E-03 0.62134746E-04 -0.13011028E-03 -0.32439407E-03 -0.51580062E-03 -0.69906003E-03 -0.86898396E-03 -0.10209252E-02 -0.11511688E-02 -0.12572115E-02 -0.13378930E-02 -0.13933871E-02 -0.14250774E-02 -0.14353577E-02 -0.14274030E-02 -0.14049485E-02 -0.13720993E-02 -0.13331678E-02 -0.12925055E-02 -0.12542611E-02 -0.12219525E-02 -0.11977022E-02 -0.11809319E-02 -0.11662731E-02 -0.11404074E-02 -0.10775483E-02 -0.93332987E-03 -0.63707111E-03 -0.82861695E-04 0.87910018E-03 0.24472809E-02 0.48617251E-02 0.83695759E-02 0.13140132E-01 0.19115141E-01 0.25842022E-01
0.98962842E-03 0.10011998E-02 0.99829208E-03 0.98087518E-03 0.94876292E-03 0.90159662E-03 0.83884100E-03 0.75982774E-03 0.66387580E-03 0.55049744E-03 0.41967018E-03 0.27212805E-03 0.10960885E-03 -0.65007480E-04 -0.24770570E-03 -0.43353145E-03 -0.61691890E-03 -0.79213554E-03 -0.95376140E-03 -0.10971356E-02 -0.12187026E-02 -0.13162308E-02 -0.13888754E-02 -0.14371070E-02 -0.14625341E-02 -0.14676654E-02 -0.14556554E-02 -0.14300721E-02 -0.13947074E-02 -0.13534243E-02 -0.13100072E-02 -0.12679403E-02 -0.12299969E-02 -0.11974747E-02 -0.11688558E-02 -0.11376181E-02 -0.10888759E-02 -0.99451250E-03 -0.80652793E-03 -0.44854747E-03 0.19401365E-03 0.12834415E-02 0.30344723E-02 0.57044302E-02 0.95494771E-02 0.14719384E-01 0.21079169E-01 0.28036697E-01
0.77705209E-03 0.78672477E-03 0.78430068E-03 0.76969023E-03 0.74237061E-03 0.70144151E-03 0.64573550E-03 0.57399063E-03 0.48508507E-03 0.37831754E-03 0.25370000E-03 0.11221397E-03 -0.44013211E-04 -0.21167728E-03 -0.38640332E-03 -0.56301212E-03 -0.73590432E-03 -0.89951172E-03 -0.10487526E-02 -0.11794237E-02 -0.12884894E-02 -0.13742259E-02 -0.14362266E-02 -0.14752795E-02 -0.14931549E-02 -0.14923462E-02 -0.14758078E-02 -0.14467279E-02 -0.14083540E-02 -0.13638686E-02 -0.13162779E-02 -0.12682378E-02 -0.12216973E-02 -0.11771827E-02 -0.11324856E-02 -0.10804539E-02 -0.10055262E-02 -0.87862671E-03 -0.65010020E-03 -0.24060649E-03 0.46949219E-03 0.16503445E-02 0.35273952E-02 0.63692794E-02 0.10436518E-01 0.15860099E-01 0.22442139E-01 0.29488107E-01
0.58310426E-03 0.59284572E-03 0.59040438E-03 0.57569032E-03 0.54818442E-03 0.50701651E-03 0.45110816E-03 0.37937333E-03 0.29097436E-03 0.18558070E-03 0.63633038E-04 -0.73460192E-04 -0.22322156E-03 -0.38213037E-03 -0.54578551E-03 -0.70919256E-03 -0.86714030E-03 -0.10146158E-02 -0.11472023E-02 -0.12614007E-02 -0.13548481E-02 -0.14263971E-02 -0.14760683E-02 -0.15048905E-02 -0.15146661E-02 -0.15077030E-02 -0.14865573E-02 -0.14538213E-02 -0.14119795E-02 -0.13633271E-02 -0.13099198E-02 -0.12534810E-02 -0.11951416E-02 -0.11348316E-02 -0.10700687E-02 -0.99381673E-03 -0.89101635E-03 -0.73336149E-03 -0.47195438E-03 -0.27740529E-04 0.71974668E-03 0.19432470E-02 0.38728488E-02 0.67828166E-02 0.10936066E-01 0.16453543E-01 0.23103570E-01 0.30140210E-01
