Basic/Day4/qtaim/mof/mof_pl2d.SURFLAPP
DSAA
 161 161
-0.75589045E+01  0.75589045E+01  0.94486307E-01
-0.75589045E+01  0.75589045E+01  0.94486307E-01
 0.00000000E+00  0.00000000E+00
[rows 42 to 62 of 161, columns 0 to 47 of 161]
0.10997104E-03 0.11758434E-03 0.12510473E-03 0.13245857E-03 0.13957485E-03 0.14638760E-03 0.15283838E-03 0.15887845E-03 0.16447090E-03 0.16959223E-03 0.17423354E-03 0.17840121E-03 0.18211694E-03 0.18541727E-03 0.18835242E-03 0.19098461E-03 0.19338584E-03 0.19563530E-03 0.19781651E-03 0.20001413E-03 0.20231089E-03 0.20478464E-03 0.20750559E-03 0.21053391E-03 0.21391781E-03 0.21769230E-03 0.22187842E-03 0.22648297E-03 0.23149902E-03 0.23690673E-03 0.24267461E-03 0.24876107E-03 0.25511616E-03 0.26168333E-03 0.26840107E-03 0.27520442E-03 0.28202631E-03 0.28879849E-03 0.29545223E-03 0.30191884E-03 0.30812986E-03 0.31401723E-03 0.31951344E-03 0.32455177E-03 0.32906680E-03 0.33299518E-03 0.33627678E-03 0.33885633E-03
0.12338675E-03 0.13199834E-03 0.14052897E-03 0.14889966E-03 0.15703452E-03 0.16486363E-03 0.17232565E-03 0.17937034E-03 0.18596071E-03 0.19207476E-03 0.19770676E-03 0.20286776E-03 0.20758563E-03 0.21190433E-03 0.21588245E-03 0.21959128E-03 0.22311215E-03 0.22653349E-03 0.22994743E-03 0.23344632E-03 0.23711924E-03 0.24104873E-03 0.24530759E-03 0.24995661E-03 0.25504242E-03 0.26059627E-03 0.26663338E-03 0.27315304E-03 0.28013930E-03 0.28756219E-03 0.29537942E-03 0.30353828E-03 0.31197771E-03 0.32063029E-03 0.32942411E-03 0.33828434E-03 0.34713437E-03 0.35589664E-03 0.36449307E-03 0.37284505E-03 0.38087337E-03 0.38849793E-03 0.39563760E-03 0.40221027E-03 0.40813337E-03 0.41332483E-03 0.41770471E-03 0.42119746E-03
0.13790824E-03 0.14761183E-03 0.15725438E-03 0.16675229E-03 0.17602580E-03 0.18500208E-03 0.19361808E-03 0.20182322E-03 0.20958178E-03 0.21687460E-03 0.22370036E-03 0.23007601E-03 0.23603673E-03 0.24163481E-03 0.24693798E-03 0.25202703E-03 0.25699282E-03 0.26193279E-03 0.26694720E-03 0.27213526E-03 0.27759108E-03 0.28340027E-03 0.28963657E-03 0.29635922E-03 0.30361107E-03 0.31141733E-03 0.31978524E-03 0.32870448E-03 0.33814823E-03 0.34807497E-03 0.35843053E-03 0.36915044E-03 0.38016240E-03 0.39138838E-03 0.40274673E-03 0.41415350E-03 0.42552348E-03 0.43677049E-03 0.44780728E-03 0.45854496E-03 0.46889224E-03 0.47875454E-03 0.48803346E-03 0.49662655E-03 0.50442789E-03 0.51132943E-03 0.51722332E-03 0.52200516E-03
0.15357989E-03 0.16447305E-03 0.17533506E-03 0.18607894E-03 0.19662239E-03 0.20689109E-03 0.21682183E-03 0.22636531E-03 0.23548858E-03 0.24417693E-03 0.25243490E-03 0.26028676E-03 0.26777610E-03 0.27496443E-03 0.28192917E-03 0.28876087E-03 0.29555968E-03 0.30243155E-03 0.30948380E-03 0.31682099E-03 0.32454063E-03 0.33272928E-03 0.34145916E-03 0.35078556E-03 0.36074487E-03 0.37135380E-03 0.38260928E-03 0.39448939E-03 0.40695490E-03 0.41995167E-03 0.43341320E-03 0.44726344E-03 0.46141952E-03 0.47579417E-03 0.49029750E-03 0.50483826E-03 0.51932418E-03 0.53366165E-03 0.54775464E-03 0.56150326E-03 0.57480191E-03 0.58753774E-03 0.59958939E-03 0.61082661E-03 0.62111099E-03 0.63029794E-03 0.63824022E-03 0.64479261E-03
0.17045681E-03 0.18264076E-03 0.19483586E-03 0.20695337E-03 0.21891023E-03 0.23063248E-03 0.24205867E-03 0.25314271E-03 0.26385643E-03 0.27419126E-03 0.28415934E-03 0.29379364E-03 0.30314723E-03 0.31229162E-03 0.32131424E-03 0.33031536E-03 0.33940374E-03 0.34869267E-03 0.35829509E-03 0.36831895E-03 0.37886266E-03 0.39001108E-03 0.40183213E-03 0.41437420E-03 0.42766446E-03 0.44170853E-03 0.45649087E-03 0.47197627E-03 0.48811216E-03 0.50483151E-03 0.52205598E-03 0.53969929E-03 0.55767002E-03 0.57587413E-03 0.59421639E-03 0.61260101E-03 0.63093107E-03 0.64910702E-03 0.66702425E-03 0.68457019E-03 0.70162123E-03 0.71803996E-03 0.73367328E-03 0.74835187E-03 0.76189136E-03 0.77409549E-03 0.78476144E-03 0.79368689E-03
0.18861174E-03 0.20219121E-03 0.21583925E-03 0.22946751E-03 0.24299437E-03 0.25634861E-03 0.26947283E-03 0.28232649E-03 0.29488839E-03 0.30715815E-03 0.31915727E-03 0.33092887E-03 0.34253649E-03 0.35406218E-03 0.36560353E-03 0.37726966E-03 0.38917710E-03 0.40144474E-03 0.41418896E-03 0.42751849E-03 0.44152977E-03 0.45630282E-03 0.47189804E-03 0.48835378E-03 0.50568532E-03 0.52388485E-03 0.54292264E-03 0.56274932E-03 0.58329894E-03 0.60449257E-03 0.62624206E-03 0.64845370E-03 0.67103127E-03 0.69387804E-03 0.71689771E-03 0.73999385E-03 0.76306788E-03 0.78601576E-03 0.80872359E-03 0.83106273E-03 0.85288490E-03 0.87401805E-03 0.89426375E-03 0.91339673E-03 0.93116704E-03 0.94730531E-03 0.96153071E-03 0.97356205E-03
0.20814398E-03 0.22322693E-03 0.23845404E-03 0.25374005E-03 0.26900750E-03 0.28419071E-03 0.29923915E-03 0.31412044E-03 0.32882278E-03 0.34335629E-03 0.35775360E-03 0.37206929E-03 0.38637837E-03 0.40077362E-03 0.41536224E-03 0.43026142E-03 0.44559359E-03 0.46148115E-03 0.47804112E-03 0.49537983E-03 0.51358847E-03 0.53273891E-03 0.55288057E-03 0.57403899E-03 0.59621516E-03 0.61938615E-03 0.64350738E-03 0.66851571E-03 0.69433336E-03 0.72087227E-03 0.74803842E-03 0.77573566E-03 0.80386846E-03 0.83234358E-03 0.86106930E-03 0.88995335E-03 0.91889865E-03 0.94779725E-03 0.97652328E-03 0.10049253E-02 0.10328190E-02 0.10599818E-02 0.10861490E-02 0.11110145E-02 0.11342348E-02 0.11554373E-02 0.11742329E-02 0.11902328E-02
0.22918989E-03 0.24588710E-03 0.26282571E-03 0.27992665E-03 0.29712000E-03 0.31434875E-03 0.33157239E-03 0.34876985E-03 0.36594138E-03 0.38310991E-03 0.40032105E-03 0.41764218E-03 0.43516009E-03 0.45297831E-03 0.47121291E-03 0.48998745E-03 0.50942820E-03 0.52965820E-03 0.55079195E-03 0.57293011E-03 0.59615503E-03 0.62052696E-03 0.64608185E-03 0.67283002E-03 0.70075667E-03 0.72982356E-03 0.75997228E-03 0.79112822E-03 0.82320557E-03 0.85611235E-03 0.88975510E-03 0.92404265E-03 0.95888826E-03 0.99420977E-03 0.10299271E-02 0.10659575E-02 0.11022076E-02 0.11385641E-02 0.11748827E-02 0.12109767E-02 0.12466076E-02 0.12814769E-02 0.13152230E-02 0.13474228E-02 0.13775996E-02 0.14052365E-02 0.14297964E-02 0.14507456E-02
0.25193592E-03 0.27036032E-03 0.28914865E-03 0.30823176E-03 0.32755101E-03 0.34706188E-03 0.36673752E-03 0.38657124E-03 0.40657838E-03 0.42679694E-03 0.44728733E-03 0.46813042E-03 0.48942554E-03 0.51128622E-03 0.53383602E-03 0.55720308E-03 0.58151478E-03 0.60689188E-03 0.63344303E-03 0.66125986E-03 0.69041280E-03 0.72094807E-03 0.75288608E-03 0.78622120E-03 0.82092341E-03 0.85694106E-03 0.89420529E-03 0.93263528E-03 0.97214411E-03 0.10126440E-02 0.10540516E-02 0.10962909E-02 0.11392944E-02 0.11830005E-02 0.12273487E-02 0.12722699E-02 0.13176748E-02 0.13634391E-02 0.14093869E-02 0.14552760E-02 0.15007837E-02 0.15454983E-02 0.15889162E-02 0.16304467E-02 0.16694255E-02 0.17051371E-02 0.17368438E-02 0.17638211E-02
0.27663338E-03 0.29689891E-03 0.31768003E-03 0.33892193E-03 0.36058151E-03 0.38263091E-03 0.40506079E-03 0.42788246E-03 0.45112913E-03 0.47485623E-03 0.49914042E-03 0.52407728E-03 0.54977821E-03 0.57636602E-03 0.60397018E-03 0.63272112E-03 0.66274463E-03 0.69415624E-03 0.72705595E-03 0.76152378E-03 0.79761639E-03 0.83536496E-03 0.87477471E-03 0.91582576E-03 0.95847621E-03 0.10026663E-02 0.10483238E-02 0.10953708E-02 0.11437295E-02 0.11933289E-02 0.12441084E-02 0.12960207E-02 0.13490297E-02 0.14031051E-02 0.14582133E-02 0.15143011E-02 0.15712790E-02 0.16289984E-02 0.16872298E-02 0.17456415E-02 0.18037828E-02 0.18610738E-02 0.19168055E-02 0.19701501E-02 0.20201837E-02 0.20659210E-02 0.21063585E-02 0.21405254E-02
0.30361523E-03 0.32583506E-03 0.34875538E-03 0.37234062E-03 0.39656806E-03 0.42143095E-03 0.44694150E-03 0.47313274E-03 0.50005879E-03 0.52779480E-03 0.55643510E-03 0.58609036E-03 0.61688379E-03 0.64894643E-03 0.68241190E-03 0.71741085E-03 0.75406527E-03 0.79248339E-03 0.83275502E-03 0.87494774E-03 0.91910492E-03 0.96524465E-03 0.10133606E-02 0.10634244E-02 0.11153903E-02 0.11692001E-02 0.12247903E-02 0.12820994E-02 0.13410746E-02 0.14016775E-02 0.14638875E-02 0.15277014E-02 0.15931287E-02 0.16601813E-02 0.17288568E-02 0.17991165E-02 0.18708579E-02 0.19438850E-02 0.20178774E-02 0.20923634E-02 0.21666998E-02 0.22400624E-02 0.23114504E-02 0.23797071E-02 0.24435566E-02 0.25016552E-02 0.25526547E-02 0.25952724E-02
0.33331531E-03 0.35759905E-03 0.38280575E-03 0.40892422E-03 0.43595725E-03 0.46392429E-03 0.49286359E-03 0.52283330E-03 0.55391157E-03 0.58619532E-03 0.61979776E-03 0.65484505E-03 0.69147190E-03 0.72981662E-03 0.77001580E-03 0.81219902E-03 0.85648342E-03 0.90296976E-03 0.95173851E-03 0.10028476E-02 0.10563316E-02 0.11122019E-02 0.11704499E-02 0.12310502E-02 0.12939667E-02 0.13591591E-02 0.14265908E-02 0.14962366E-02 0.15680893E-02 0.16421640E-02 0.17185000E-02 0.17971569E-02 0.18782043E-02 0.19617044E-02 0.20476870E-02 0.21361167E-02 0.22268551E-02 0.23196193E-02 0.24139426E-02 0.25091400E-02 0.26042866E-02 0.26982108E-02 0.27895084E-02 0.28765779E-02 0.29576771E-02 0.30309987E-02 0.30947575E-02 0.31472855E-02
0.36628899E-03 0.39273894E-03 0.42037566E-03 0.44921855E-03 0.47930149E-03 0.51067513E-03 0.54340803E-03 0.57758753E-03 0.61331860E-03 0.65072192E-03 0.68993090E-03 0.73108764E-03 0.77433845E-03 0.81982857E-03 0.86769754E-03 0.91807430E-03 0.97107313E-03 0.10267905E-02 0.10853029E-02 0.11466664E-02 0.12109172E-02 0.12780739E-02 0.13481417E-02 0.14211178E-02 0.14969976E-02 0.15757832E-02 0.16574900E-02 0.17421558E-02 0.18298452E-02 0.19206531E-02 0.20147017E-02 0.21121323E-02 0.22130872E-02 0.23176832E-02 0.24259747E-02 0.25379075E-02 0.26532675E-02 0.27716258E-02 0.28922895E-02 0.30142598E-02 0.31362123E-02 0.32564970E-02 0.33731671E-02 0.34840371E-02 0.35867662E-02 0.36789636E-02 0.37583062E-02 0.38226598E-02
0.40323516E-03 0.43194083E-03 0.46214273E-03 0.49389705E-03 0.52727472E-03 0.56236264E-03 0.59926466E-03 0.63810088E-03 0.67900598E-03 0.72212665E-03 0.76761802E-03 0.81563912E-03 0.86634873E-03 0.91990075E-03 0.97644001E-03 0.10360988E-02 0.10989946E-02 0.11652284E-02 0.12348850E-02 0.13080341E-02 0.13847331E-02 0.14650309E-02 0.15489736E-02 0.16366102E-02 0.17280000E-02 0.18232205E-02 0.19223744E-02 0.20255960E-02 0.21330546E-02 0.22449536E-02 0.23615235E-02 0.24830048E-02 0.26096215E-02 0.27415416E-02 0.28788240E-02 0.30213579E-02 0.31687928E-02 0.33204701E-02 0.34753616E-02 0.36320263E-02 0.37885922E-02 0.39427718E-02 0.40919143E-02 0.42330931E-02 0.43632248E-02 0.44792093E-02 0.45780798E-02 0.46571506E-02
0.44502020E-03 0.47605120E-03 0.50893730E-03 0.54377823E-03 0.58068790E-03 0.61979522E-03 0.66124374E-03 0.70519028E-03 0.75180253E-03 0.80125553E-03 0.85372830E-03 0.90939946E-03 0.96844344E-03 0.10310271E-02 0.10973071E-02 0.11674287E-02 0.12415253E-02 0.13197199E-02 0.14021274E-02 0.14888580E-02 0.15800218E-02 0.16757342E-02 0.17761218E-02 0.18813281E-02 0.19915207E-02 0.21068975E-02 0.22276919E-02 0.23541762E-02 0.24866618E-02 0.26254930E-02 0.27710325E-02 0.29236343E-02 0.30836055E-02 0.32511494E-02 0.34262953E-02 0.36088167E-02 0.37981421E-02 0.39932709E-02 0.41927031E-02 0.43943951E-02 0.45957544E-02 0.47936771E-02 0.49846336E-02 0.51647951E-02 0.53301937E-02 0.54768994E-02 0.56011991E-02 0.56997634E-02
0.49270157E-03 0.52609842E-03 0.56176230E-03 0.59984330E-03 0.64050486E-03 0.68392333E-03 0.73028701E-03 0.77979342E-03 0.83264681E-03 0.88905441E-03 0.94922292E-03 0.10133553E-02 0.10816483E-02 0.11542911E-02 0.12314653E-02 0.13133466E-02 0.14001077E-02 0.14919224E-02 0.15889712E-02 0.16914465E-02 0.17995590E-02 0.19135424E-02 0.20336599E-02 0.21602077E-02 0.22935201E-02 0.24339718E-02 0.25819801E-02 0.27380040E-02 0.29025371E-02 0.30760967E-02 0.32591983E-02 0.34523174E-02 0.36558338E-02 0.38699563E-02 0.40946297E-02 0.43294296E-02 0.45734527E-02 0.48252169E-02 0.50825860E-02 0.53427329E-02 0.56021558E-02 0.58567509E-02 0.61019417E-02 0.63328531E-02 0.65445132E-02 0.67320622E-02 0.68909477E-02 0.70170923E-02
0.54755138E-03 0.58331419E-03 0.62181226E-03 0.66325324E-03 0.70785659E-03 0.75585207E-03 0.80747770E-03 0.86297679E-03 0.92259492E-03 0.98657663E-03 0.10551629E-02 0.11285899E-02 0.12070889E-02 0.12908882E-02 0.13802168E-02 0.14753101E-02 0.15764169E-02 0.16838072E-02 0.17977803E-02 0.19186716E-02 0.20468594E-02 0.21827687E-02 0.23268740E-02 0.24797000E-02 0.26418204E-02 0.28138559E-02 0.29964685E-02 0.31903558E-02 0.33962365E-02 0.36148287E-02 0.38468145E-02 0.40927868E-02 0.43531737E-02 0.46281410E-02 0.49174728E-02 0.52204412E-02 0.55356753E-02 0.58610496E-02 0.61936100E-02 0.65295572E-02 0.68642971E-02 0.71925638E-02 0.75086024E-02 0.78063937E-02 0.80798917E-02 0.83232456E-02 0.85309834E-02 0.86981463E-02
0.61107906E-03 0.64915362E-03 0.69049082E-03 0.73536360E-03 0.78405399E-03 0.83685153E-03 0.89404995E-03 0.95594423E-03 0.10228278E-02 0.10949907E-02 0.11727192E-02 0.12562977E-02 0.13460121E-02 0.14421571E-02 0.15450446E-02 0.16550150E-02 0.17724484E-02 0.18977771E-02 0.20314945E-02 0.21741640E-02 0.23264229E-02 0.24889827E-02 0.26626259E-02 0.28481989E-02 0.30466038E-02 0.32587841E-02 0.34857152E-02 0.37283861E-02 0.39877774E-02 0.42648288E-02 0.45603913E-02 0.48751560E-02 0.52095577E-02 0.55636503E-02 0.59369606E-02 0.63283307E-02 0.67357688E-02 0.71563329E-02 0.75860705E-02 0.80200372E-02 0.84524012E-02 0.88766294E-02 0.92857324E-02 0.96725340E-02 0.10029922E-01 0.10351047E-01 0.10629445E-01 0.10859084E-01
0.68505106E-03 0.72531277E-03 0.76942642E-03 0.81773769E-03 0.87059904E-03 0.92836648E-03 0.99139648E-03 0.10600435E-02 0.11346585E-02 0.12155898E-02 0.13031863E-02 0.13978037E-02 0.14998144E-02 0.16096210E-02 0.17276715E-02 0.18544765E-02 0.19906271E-02 0.21368080E-02 0.22938113E-02 0.24625407E-02 0.26440114E-02 0.28393423E-02 0.30497429E-02 0.32764925E-02 0.35209204E-02 0.37843808E-02 0.40682283E-02 0.43737916E-02 0.47023407E-02 0.50550441E-02 0.54329066E-02 0.58366810E-02 0.62667474E-02 0.67229619E-02 0.72044806E-02 0.77095771E-02 0.82354818E-02 0.87782710E-02 0.93328402E-02 0.98929778E-02 0.10451545E-01 0.11000738E-01 0.11532397E-01 0.12038297E-01 0.12510372E-01 0.12940824E-01 0.13322111E-01 0.13646835E-01
0.77150729E-03 0.81374258E-03 0.86048330E-03 0.91215651E-03 0.96919274E-03 0.10320226E-02 0.11010743E-02 0.11767726E-02 0.12595403E-02 0.13498029E-02 0.14479977E-02 0.15545875E-02 0.16700777E-02 0.17950389E-02 0.19301303E-02 0.20761246E-02 0.22339300E-02 0.24046084E-02 0.25893847E-02 0.27896475E-02 0.30069391E-02 0.32429328E-02 0.34994039E-02 0.37781925E-02 0.40811628E-02 0.44101638E-02 0.47669903E-02 0.51533451E-02 0.55707981E-02 0.60207327E-02 0.65042728E-02 0.70221764E-02 0.75746925E-02 0.81613803E-02 0.87809059E-02 0.94308401E-02 0.10107494E-01 0.10805832E-01 0.11519504E-01 0.12240998E-01 0.12961914E-01 0.13673322E-01 0.14366111E-01 0.15031262E-01 0.15659974E-01 0.16243592E-01 0.16773356E-01 0.17240037E-01
0.87277237E-03 0.91665805E-03 0.96576944E-03 0.10206238E-02 0.10817389E-02 0.11496300E-02 0.12248085E-02 0.13077849E-02 0.13990737E-02 0.14992059E-02 0.16087453E-02 0.17283119E-02 0.18586106E-02 0.20004630E-02 0.21548428E-02 0.23229065E-02 0.25060220E-02 0.27057857E-02 0.29240271E-02 0.31627992E-02 0.34243488E-02 0.37110770E-02 0.40254825E-02 0.43700997E-02 0.47474355E-02 0.51599083E-02 0.56097957E-02 0.60991863E-02 0.66299335E-02 0.72035975E-02 0.78213638E-02 0.84839236E-02 0.91913090E-02 0.99426854E-02 0.10736123E-01 0.11568379E-01 0.12434747E-01 0.13329015E-01 0.14243580E-01 0.15169713E-01 0.16097957E-01 0.17018556E-01 0.17921827E-01 0.18798344E-01 0.19638858E-01 0.20433917E-01 0.21173255E-01 0.21845085E-01
