Basic/Day4/qtaim/mof/mof_pl2d.SURFKKIN
DSAA
 161 161
-0.75589045E+01  0.75589045E+01  0.94486307E-01
-0.75589045E+01  0.75589045E+01  0.94486307E-01
 0.00000000E+00  0.00000000E+00
[rows 63 to 83 of 161, columns 48 to 95 of 161]
-0.15216665E-02 -0.15543320E-02 -0.15848725E-02 -0.16135122E-02 -0.16399463E-02 -0.16631169E-02 -0.16810327E-02 -0.16907175E-02 -0.16883756E-02 -0.16698175E-02 -0.16311206E-02 -0.15694108E-02 -0.14835986E-02 -0.13748965E-02 -0.12469787E-02 -0.11057375E-02 -0.95868435E-03 -0.81411817E-03 -0.68023199E-03 -0.56431900E-03 -0.47219798E-03 -0.40793080E-03 -0.37376859E-03 -0.37037405E-03 -0.39713402E-03 -0.45251202E-03 -0.53433733E-03 -0.63996158E-03 -0.76625160E-03 -0.90943722E-03 -0.10648870E-02 -0.12269371E-02 -0.13889329E-02 -0.15436471E-02 -0.16841914E-02 -0.18054255E-02 -0.19056880E-02 -0.19884514E-02 -0.20632949E-02 -0.21454960E-02 -0.22536563E-02 -0.24051854E-02 -0.26101348E-02 -0.28647257E-02 -0.31465090E-02 -0.34134526E-02 -0.36086197E-02 -0.36708062E-02
-0.18050867E-02 -0.18416895E-02 -0.18762031E-02 -0.19102822E-02 -0.19452663E-02 -0.19815813E-02 -0.20180933E-02 -0.20516313E-02 -0.20769084E-02 -0.20869951E-02 -0.20743342E-02 -0.20321193E-02 -0.19557308E-02 -0.18438894E-02 -0.16992591E-02 -0.15283579E-02 -0.13408153E-02 -0.11481579E-02 -0.96239631E-03 -0.79469238E-03 -0.65433662E-03 -0.54810312E-03 -0.48012264E-03 -0.45197339E-03 -0.46311834E-03 -0.51136706E-03 -0.59331007E-03 -0.70461537E-03 -0.84014381E-03 -0.99390610E-03 -0.11589594E-02 -0.13274091E-02 -0.14907249E-02 -0.16405693E-02 -0.17702458E-02 -0.18766825E-02 -0.19625785E-02 -0.20380138E-02 -0.21205533E-02 -0.22328340E-02 -0.23969537E-02 -0.26257668E-02 -0.29124498E-02 -0.32209208E-02 -0.34808681E-02 -0.35910833E-02 -0.34335295E-02 -0.28977062E-02
-0.20264279E-02 -0.20453118E-02 -0.20607318E-02 -0.20780971E-02 -0.21032313E-02 -0.21409350E-02 -0.21933022E-02 -0.22582924E-02 -0.23290897E-02 -0.23945921E-02 -0.24410307E-02 -0.24543852E-02 -0.24230380E-02 -0.23400678E-02 -0.22046953E-02 -0.20226055E-02 -0.18051436E-02 -0.15676108E-02 -0.13270837E-02 -0.11002265E-02 -0.90150660E-03 -0.74198579E-03 -0.62885860E-03 -0.56553278E-03 -0.55203208E-03 -0.58568053E-03 -0.66172011E-03 -0.77380999E-03 -0.91433334E-03 -0.10745437E-02 -0.12446790E-02 -0.14142601E-02 -0.15728313E-02 -0.17113645E-02 -0.18243807E-02 -0.19125302E-02 -0.19849330E-02 -0.20601097E-02 -0.21640249E-02 -0.23238469E-02 -0.25567432E-02 -0.28545435E-02 -0.31670456E-02 -0.33890858E-02 -0.33577897E-02 -0.28661251E-02 -0.16957906E-02 0.33327015E-03
-0.20805857E-02 -0.20349837E-02 -0.19818433E-02 -0.19349142E-02 -0.19099350E-02 -0.19214031E-02 -0.19787768E-02 -0.20832431E-02 -0.22261492E-02 -0.23896833E-02 -0.25496771E-02 -0.26797989E-02 -0.27561355E-02 -0.27612181E-02 -0.26867895E-02 -0.25349071E-02 -0.23172843E-02 -0.20531036E-02 -0.17658239E-02 -0.14797204E-02 -0.12168209E-02 -0.99478768E-03 -0.82582173E-03 -0.71651564E-03 -0.66840144E-03 -0.67874066E-03 -0.74148626E-03 -0.84805843E-03 -0.98793922E-03 -0.11491158E-02 -0.13185417E-02 -0.14828885E-02 -0.16298916E-02 -0.17505035E-02 -0.18417811E-02 -0.19099434E-02 -0.19723817E-02 -0.20567672E-02 -0.21950711E-02 -0.24106637E-02 -0.26980892E-02 -0.29975729E-02 -0.31699167E-02 -0.29808272E-02 -0.21057564E-02 -0.16472739E-03 0.32100715E-02 0.82824327E-02
-0.18109532E-02 -0.16155436E-02 -0.14050351E-02 -0.12099999E-02 -0.10655531E-02 -0.10044088E-02 -0.10491191E-02 -0.12059512E-02 -0.14623957E-02 -0.17889724E-02 -0.21445447E-02 -0.24834711E-02 -0.27628485E-02 -0.29485887E-02 -0.30196668E-02 -0.29702613E-02 -0.28096473E-02 -0.25598618E-02 -0.22515470E-02 -0.19188470E-02 -0.15944434E-02 -0.13058011E-02 -0.10729720E-02 -0.90796981E-03 -0.81527127E-03 -0.79297735E-03 -0.83406877E-03 -0.92766982E-03 -0.10600500E-02 -0.12155073E-02 -0.13773405E-02 -0.15292420E-02 -0.16574486E-02 -0.17537982E-02 -0.18193794E-02 -0.18677156E-02 -0.19254852E-02 -0.20279468E-02 -0.22059463E-02 -0.24622614E-02 -0.27374549E-02 -0.28698414E-02 -0.25598417E-02 -0.13546012E-02 0.13288801E-02 0.61286047E-02 0.13611220E-01 0.24116435E-01
-0.10085152E-02 -0.52625576E-03 -0.20010930E-04 0.44815034E-03 0.80894829E-03 0.10001214E-02 0.98078073E-03 0.74102383E-03 0.30390856E-03 -0.28000336E-03 -0.94293796E-03 -0.16116621E-02 -0.22179077E-02 -0.27060104E-02 -0.30377007E-02 -0.31947006E-02 -0.31794698E-02 -0.30137207E-02 -0.27342324E-02 -0.23863277E-02 -0.20165119E-02 -0.16660438E-02 -0.13667335E-02 -0.11392368E-02 -0.99333108E-03 -0.92935021E-03 -0.94008316E-03 -0.10125554E-02 -0.11296989E-02 -0.12718493E-02 -0.14184275E-02 -0.15501886E-02 -0.16523751E-02 -0.17187784E-02 -0.17559908E-02 -0.17860359E-02 -0.18442637E-02 -0.19683339E-02 -0.21739635E-02 -0.24148652E-02 -0.25283487E-02 -0.21755723E-02 -0.79459857E-03 0.24069110E-02 0.83909278E-02 0.18144386E-01 0.32464328E-01 0.51723001E-01
0.57330729E-03 0.15375255E-02 0.25264739E-02 0.34237646E-02 0.41066550E-02 0.44730063E-02 0.44641302E-02 0.40756039E-02 0.33543811E-02 0.23860258E-02 0.12773339E-02 0.13855233E-03 -0.93135599E-03 -0.18537252E-02 -0.25732896E-02 -0.30582171E-02 -0.33002240E-02 -0.33150484E-02 -0.31408319E-02 -0.28322595E-02 -0.24511822E-02 -0.20565308E-02 -0.16965831E-02 -0.14049688E-02 -0.12001029E-02 -0.10868205E-02 -0.10589538E-02 -0.11020556E-02 -0.11958499E-02 -0.13166484E-02 -0.14399655E-02 -0.15438497E-02 -0.16132164E-02 -0.16449207E-02 -0.16522357E-02 -0.16658432E-02 -0.17266803E-02 -0.18646786E-02 -0.20576632E-02 -0.21675359E-02 -0.18580991E-02 -0.51059875E-03 0.28318068E-02 0.94474325E-02 0.20807176E-01 0.38324190E-01 0.63030223E-01 0.95279138E-01
0.31824599E-02 0.48726798E-02 0.65596840E-02 0.80443028E-02 0.91347909E-02 0.96909155E-02 0.96498173E-02 0.90268649E-02 0.79010491E-02 0.63982000E-02 0.46746065E-02 0.28951051E-02 0.12060718E-02 -0.28473376E-03 -0.15110078E-02 -0.24374540E-02 -0.30499250E-02 -0.33546430E-02 -0.33827263E-02 -0.31907814E-02 -0.28530574E-02 -0.24478713E-02 -0.20444483E-02 -0.16945164E-02 -0.14295222E-02 -0.12619556E-02 -0.11886917E-02 -0.11948328E-02 -0.12574136E-02 -0.13489176E-02 -0.14411490E-02 -0.15098667E-02 -0.15404242E-02 -0.15337351E-02 -0.15103470E-02 -0.15082534E-02 -0.15677499E-02 -0.16951250E-02 -0.17976698E-02 -0.15875895E-02 -0.46385378E-03 0.25999423E-02 0.91106376E-02 0.20988483E-01 0.40331547E-01 0.69034647E-01 0.10838603E+00 0.15881271E+00
0.70147314E-02 0.96946551E-02 0.12288583E-01 0.14497747E-01 0.16076271E-01 0.16883188E-01 0.16879010E-01 0.16083764E-01 0.14550229E-01 0.12385151E-01 0.97865448E-02 0.70327923E-02 0.44057448E-02 0.21034763E-02 0.21035290E-03 -0.12668971E-02 -0.23451243E-02 -0.30393307E-02 -0.33714452E-02 -0.33884390E-02 -0.31671509E-02 -0.28019553E-02 -0.23853368E-02 -0.19921059E-02 -0.16718947E-02 -0.14489157E-02 -0.13258108E-02 -0.12888686E-02 -0.13133103E-02 -0.13683052E-02 -0.14223813E-02 -0.14495819E-02 -0.14364763E-02 -0.13887550E-02 -0.13340092E-02 -0.13144093E-02 -0.13600071E-02 -0.14316904E-02 -0.13243782E-02 -0.52940754E-03 0.19268291E-02 0.76214333E-02 0.18771760E-01 0.38082686E-01 0.68373764E-01 0.11209713E+00 0.17100604E+00 0.24620024E+00
0.12165731E-01 0.16078573E-01 0.19765634E-01 0.22873028E-01 0.25207656E-01 0.26741659E-01 0.27476113E-01 0.27276090E-01 0.25865618E-01 0.23052271E-01 0.19006792E-01 0.14318338E-01 0.97390425E-02 0.58288210E-02 0.27821108E-02 0.51314540E-03 -0.11463200E-02 -0.23130064E-02 -0.30378460E-02 -0.33572064E-02 -0.33365585E-02 -0.30761462E-02 -0.26895408E-02 -0.22779848E-02 -0.19144966E-02 -0.16397394E-02 -0.14655511E-02 -0.13816061E-02 -0.13625885E-02 -0.13752180E-02 -0.13853921E-02 -0.13661230E-02 -0.13058940E-02 -0.12154881E-02 -0.11283770E-02 -0.10860252E-02 -0.10956989E-02 -0.10466083E-02 -0.57310466E-03 0.11331044E-02 0.55320691E-02 0.14892975E-01 0.32286498E-01 0.61313125E-01 0.10560591E+00 0.16840342E+00 0.25265781E+00 0.36184267E+00
0.18632259E-01 0.23977153E-01 0.28984602E-01 0.33450817E-01 0.37546351E-01 0.41610272E-01 0.45623569E-01 0.48742478E-01 0.49435439E-01 0.46374649E-01 0.39479310E-01 0.30194034E-01 0.20705951E-01 0.12761348E-01 0.70074692E-02 0.31629458E-02 0.60759921E-03 -0.11502240E-02 -0.23438383E-02 -0.30476481E-02 -0.33123025E-02 -0.32295949E-02 -0.29264067E-02 -0.25305978E-02 -0.21428232E-02 -0.18250706E-02 -0.16022812E-02 -0.14701673E-02 -0.14046033E-02 -0.13709275E-02 -0.13332873E-02 -0.12643883E-02 -0.11551701E-02 -0.10213691E-02 -0.90033314E-03 -0.82664890E-03 -0.77063157E-03 -0.52178233E-03 0.49524433E-03 0.34651860E-02 0.10439167E-01 0.24496672E-01 0.49664809E-01 0.90517995E-01 0.15166242E+00 0.23772486E+00 0.35455276E+00 0.51142357E+00
0.26412683E-01 0.33365800E-01 0.40146983E-01 0.47212533E-01 0.55768675E-01 0.67004120E-01 0.80633442E-01 0.93748086E-01 0.10139800E+00 0.99239215E-01 0.86441099E-01 0.66474517E-01 0.45130585E-01 0.27293820E-01 0.14945944E-01 0.74599069E-02 0.31338695E-02 0.48797338E-03 -0.12768310E-02 -0.24361451E-02 -0.30622835E-02 -0.32303482E-02 -0.30691303E-02 -0.27295850E-02 -0.23423984E-02 -0.19952415E-02 -0.17301478E-02 -0.15517886E-02 -0.14391859E-02 -0.13576440E-02 -0.12705169E-02 -0.11509270E-02 -0.99260945E-03 -0.81570724E-03 -0.65890860E-03 -0.54339557E-03 -0.38875636E-03 0.14077019E-03 0.18727955E-02 0.64310533E-02 0.16535263E-01 0.36149263E-01 0.70306507E-01 0.12462053E+00 0.20499106E+00 0.31860930E+00 0.47716561E+00 0.70110615E+00
0.35728783E-01 0.44495201E-01 0.53963828E-01 0.66193163E-01 0.84596532E-01 0.11198087E+00 0.14706592E+00 0.18187617E+00 0.20413517E+00 0.20442286E+00 0.18111889E+00 0.14069349E+00 0.95264644E-01 0.56581080E-01 0.30114789E-01 0.14847490E-01 0.69029007E-02 0.27053274E-02 0.16918049E-03 -0.15234705E-02 -0.25764828E-02 -0.30614174E-02 -0.30995987E-02 -0.28590971E-02 -0.25008871E-02 -0.21415705E-02 -0.18438523E-02 -0.16242210E-02 -0.14668837E-02 -0.13385464E-02 -0.12027500E-02 -0.10337068E-02 -0.82806478E-03 -0.60955809E-03 -0.41564079E-03 -0.24841663E-03 0.33982271E-04 0.91078855E-03 0.34894368E-02 0.98680777E-02 0.23468894E-01 0.49154588E-01 0.92958622E-01 0.16160763E+00 0.26281641E+00 0.40808354E+00 0.61891684E+00 0.93341668E+00
0.47333384E-01 0.58138464E-01 0.71703791E-01 0.93037243E-01 0.12935419E+00 0.18566153E+00 0.25632619E+00 0.32053308E+00 0.35628544E+00 0.35636799E+00 0.32262111E+00 0.25986306E+00 0.18080066E+00 0.10771388E+00 0.56282436E-01 0.26971191E-01 0.12507722E-01 0.56566846E-02 0.20032496E-02 -0.32941827E-03 -0.18678692E-02 -0.27244262E-02 -0.30121675E-02 -0.29107322E-02 -0.26101084E-02 -0.22576517E-02 -0.19394289E-02 -0.16861574E-02 -0.14890884E-02 -0.13176854E-02 -0.11366416E-02 -0.92175533E-03 -0.67253164E-03 -0.41540689E-03 -0.18454885E-03 0.40513710E-04 0.46822787E-03 0.17274489E-02 0.52104001E-02 0.13487409E-01 0.30661909E-01 0.62443472E-01 0.11580422E+00 0.19865813E+00 0.32115545E+00 0.50101947E+00 0.77357802E+00 0.12000310E+01
0.62808524E-01 0.75694615E-01 0.94773793E-01 0.12940533E+00 0.19195280E+00 0.28753517E+00 0.39381466E+00 0.47057803E+00 0.51815679E+00 0.52894618E+00 0.47296690E+00 0.38952382E+00 0.28981593E+00 0.18000603E+00 0.94337468E-01 0.44396844E-01 0.20204232E-01 0.94173738E-02 0.42136212E-02 0.11073519E-02 -0.97122771E-03 -0.22405486E-02 -0.28155813E-02 -0.28854234E-02 -0.26675024E-02 -0.23403690E-02 -0.20148736E-02 -0.17375495E-02 -0.15080991E-02 -0.12998689E-02 -0.10794928E-02 -0.82466567E-03 -0.53756507E-03 -0.24655008E-03 0.18516091E-04 0.30101624E-03 0.87348561E-03 0.25052170E-02 0.68507704E-02 0.16907104E-01 0.37378907E-01 0.74705138E-01 0.13667748E+00 0.23241155E+00 0.37494145E+00 0.58953850E+00 0.92775015E+00 0.14754819E+01
0.84728031E-01 0.99107989E-01 0.12402674E+00 0.17395488E+00 0.26620124E+00 0.39838467E+00 0.51952144E+00 0.66040657E+00 0.10275970E+01 0.12841136E+01 0.94023111E+00 0.54943986E+00 0.38817574E+00 0.25777134E+00 0.13876012E+00 0.65122154E-01 0.29340470E-01 0.13792605E-01 0.67161811E-02 0.27204717E-02 0.57545761E-04 -0.16493173E-02 -0.25327219E-02 -0.27937968E-02 -0.26766840E-02 -0.23903919E-02 -0.20704785E-02 -0.17797415E-02 -0.15270476E-02 -0.12903540E-02 -0.10387487E-02 -0.75196596E-03 -0.43450319E-03 -0.11612010E-03 0.17735971E-03 0.50889063E-03 0.12043207E-02 0.31479473E-02 0.82061170E-02 0.19714510E-01 0.42844813E-01 0.84589910E-01 0.15337646E+00 0.25938409E+00 0.41846668E+00 0.66332045E+00 0.10609450E+01 0.17182088E+01
0.11656359E+00 0.13069935E+00 0.15943161E+00 0.22178474E+00 0.33800381E+00 0.49170213E+00 0.62976136E+00 0.11212950E+01 0.27405712E+01 0.38959902E+01 0.25114554E+01 0.93149122E+00 0.46933120E+00 0.31899276E+00 0.17793663E+00 0.84334228E-01 0.38206505E-01 0.18239250E-01 0.93206680E-02 0.44061967E-02 0.11418374E-02 -0.10057776E-02 -0.21982483E-02 -0.26548571E-02 -0.26468926E-02 -0.24120183E-02 -0.21087841E-02 -0.18153731E-02 -0.15496709E-02 -0.12944608E-02 -0.10214767E-02 -0.71238481E-03 -0.37352503E-03 -0.35801056E-04 0.27752581E-03 0.64227625E-03 0.14194004E-02 0.35684884E-02 0.90931504E-02 0.21545030E-01 0.46386223E-01 0.90943291E-01 0.16402582E+00 0.27652479E+00 0.44632640E+00 0.71152251E+00 0.11500557E+01 0.18818243E+01
0.16227685E+00 0.17301784E+00 0.20063174E+00 0.26675155E+00 0.39270961E+00 0.55351649E+00 0.71142417E+00 0.15229289E+01 0.41998937E+01 0.61037527E+01 0.38398628E+01 0.12561633E+01 0.52207727E+00 0.35115631E+00 0.20002099E+00 0.96408129E-01 0.44692823E-01 0.22038627E-01 0.11760412E-01 0.60261908E-02 0.21873767E-02 -0.37572526E-03 -0.18543312E-02 -0.24931396E-02 -0.25914044E-02 -0.24123625E-02 -0.21341394E-02 -0.18480489E-02 -0.15799407E-02 -0.13170870E-02 -0.10337048E-02 -0.71301784E-03 -0.36262150E-03 -0.14390994E-04 0.30867137E-03 0.68626456E-03 0.14911535E-02 0.37089579E-02 0.93903257E-02 0.22158216E-01 0.47563532E-01 0.93020439E-01 0.16741974E+00 0.28182362E+00 0.45473229E+00 0.72599882E+00 0.11771142E+01 0.19314788E+01
0.22577530E+00 0.22872872E+00 0.24811454E+00 0.30544317E+00 0.42225454E+00 0.57853271E+00 0.71568444E+00 0.12320999E+01 0.29402476E+01 0.41387432E+01 0.26663778E+01 0.99904300E+00 0.51010426E+00 0.34960567E+00 0.19884445E+00 0.98064265E-01 0.47442500E-01 0.24640143E-01 0.13775856E-01 0.74264710E-02 0.30906956E-02 0.17157876E-03 -0.15447892E-02 -0.23347633E-02 -0.25251987E-02 -0.24000629E-02 -0.21519599E-02 -0.18818214E-02 -0.16215900E-02 -0.13621771E-02 -0.10797845E-02 -0.75857464E-03 -0.40660378E-03 -0.56448404E-04 0.26669902E-03 0.63675862E-03 0.14134375E-02 0.35560995E-02 0.90675210E-02 0.21491575E-01 0.46261496E-01 0.90630439E-01 0.16325948E+00 0.27478171E+00 0.44266781E+00 0.70432317E+00 0.11364425E+01 0.18564722E+01
0.31093749E+00 0.30064579E+00 0.30405094E+00 0.33986652E+00 0.42812420E+00 0.56269994E+00 0.68085226E+00 0.82122757E+00 0.12197838E+01 0.14886399E+01 0.10895100E+01 0.64653991E+00 0.46220302E+00 0.31284826E+00 0.17628807E+00 0.90249829E-01 0.46589565E-01 0.25900802E-01 0.15186212E-01 0.84624893E-02 0.37528629E-02 0.57317300E-03 -0.13082697E-02 -0.22030721E-02 -0.24623684E-02 -0.23837890E-02 -0.21678312E-02 -0.19205814E-02 -0.16776013E-02 -0.14322033E-02 -0.11618059E-02 -0.85066703E-03 -0.50625763E-03 -0.16125475E-03 0.15513912E-03 0.50256845E-03 0.12050145E-02 0.31473713E-02 0.81966181E-02 0.19677994E-01 0.42715764E-01 0.84174445E-01 0.15221343E+00 0.25654264E+00 0.41226270E+00 0.65085267E+00 0.10371601E+01 0.16739036E+01
0.42346381E+00 0.39245388E+00 0.37228216E+00 0.37695369E+00 0.42227137E+00 0.51180982E+00 0.61329996E+00 0.67686147E+00 0.70795705E+00 0.70016126E+00 0.61857222E+00 0.50962991E+00 0.38442843E+00 0.24867132E+00 0.14182856E+00 0.77287266E-01 0.43457937E-01 0.26021991E-01 0.15897162E-01 0.90192562E-02 0.40960175E-02 0.78327189E-03 -0.11716609E-02 -0.21147622E-02 -0.24138490E-02 -0.23708815E-02 -0.21866540E-02 -0.19674646E-02 -0.17497329E-02 -0.15277281E-02 -0.12791444E-02 -0.98731916E-03 -0.65782908E-03 -0.32229474E-03 -0.14492840E-04 0.30519174E-03 0.90789183E-03 0.25660770E-02 0.69401798E-02 0.17022571E-01 0.37469571E-01 0.74569016E-01 0.13577899E+00 0.22961349E+00 0.36814353E+00 0.57513389E+00 0.89959385E+00 0.14227135E+01
