Basic/Day4/qtaim/mof/mof_pl2d.SURFGRHO
DSAA
 161 161
-0.75589045E+01  0.75589045E+01  0.94486307E-01
-0.75589045E+01  0.75589045E+01  0.94486307E-01
 0.00000000E+00  0.00000000E+00
[rows 88 to 109 of 161, columns 96 to 143 of 161]
0.84590129E+00 0.92772312E+00 0.99370678E+00 0.10383299E+01 0.10601785E+01 0.10633568E+01 0.10557498E+01 0.10451544E+01 0.10358674E+01 0.10270541E+01 0.10131957E+01 0.98696014E+00 0.94329473E+00 0.88186663E+00 0.80641439E+00 0.72236672E+00 0.63485325E+00 0.54798663E+00 0.46499020E+00 0.38842369E+00 0.32016573E+00 0.26126053E+00 0.21185790E+00 0.17134530E+00 0.13861619E+00 0.11236215E+00 0.91303308E-01 0.74325688E-01 0.60533892E-01 0.49245880E-01 0.39957463E-01 0.32297669E-01 0.25987730E-01 0.20809423E-01 0.16583717E-01 0.13158055E-01 0.10399755E-01 0.81931372E-02 0.64386812E-02 0.50532994E-02 0.39715528E-02 0.31480504E-02 0.25605851E-02 0.22091858E-02 0.20990202E-02 0.22095493E-02 0.24900976E-02 0.28881194E-02
0.70777548E+00 0.77417205E+00 0.83013257E+00 0.87239493E+00 0.89946896E+00 0.91242715E+00 0.91451810E+00 0.90954375E+00 0.89990645E+00 0.88550985E+00 0.86414963E+00 0.83309455E+00 0.79079579E+00 0.73768118E+00 0.67582665E+00 0.60811422E+00 0.53756548E+00 0.46706031E+00 0.39923842E+00 0.33635357E+00 0.28005553E+00 0.23122511E+00 0.18996922E+00 0.15577815E+00 0.12776746E+00 0.10491526E+00 0.86238154E-01 0.70890078E-01 0.58195736E-01 0.47641291E-01 0.38843997E-01 0.31516747E-01 0.25436823E-01 0.20422689E-01 0.16319112E-01 0.12988959E-01 0.10309501E-01 0.81712808E-02 0.64782103E-02 0.51482326E-02 0.41144503E-02 0.33268958E-02 0.27547316E-02 0.23865873E-02 0.22228945E-02 0.22571868E-02 0.24625592E-02 0.28003379E-02
0.58540586E+00 0.63764324E+00 0.68218573E+00 0.71712620E+00 0.74149145E+00 0.75551912E+00 0.76050705E+00 0.75816147E+00 0.74975331E+00 0.73558644E+00 0.71508883E+00 0.68740944E+00 0.65209401E+00 0.60946000E+00 0.56059849E+00 0.50718035E+00 0.45124667E+00 0.39501808E+00 0.34067197E+00 0.29007839E+00 0.24456611E+00 0.20480786E+00 0.17085852E+00 0.14231001E+00 0.11849108E+00 0.98647396E-01 0.82067047E-01 0.68146096E-01 0.56406457E-01 0.46484254E-01 0.38104854E-01 0.31055985E-01 0.25165249E-01 0.20284360E-01 0.16279860E-01 0.13028749E-01 0.10417193E-01 0.83407875E-02 0.67053615E-02 0.54279664E-02 0.44380783E-02 0.36792549E-02 0.31112588E-02 0.27118263E-02 0.24755070E-02 0.24056280E-02 0.25001130E-02 0.27425332E-02
0.47951367E+00 0.51974962E+00 0.55402087E+00 0.58111072E+00 0.60044085E+00 0.61212262E+00 0.61683159E+00 0.61549084E+00 0.60887736E+00 0.59734584E+00 0.58080863E+00 0.55895491E+00 0.53156572E+00 0.49877312E+00 0.46119379E+00 0.41994050E+00 0.37653133E+00 0.33270767E+00 0.29018710E+00 0.25041201E+00 0.21437013E+00 0.18253574E+00 0.15492918E+00 0.13125044E+00 0.11103053E+00 0.93757954E-01 0.78960973E-01 0.66246468E-01 0.55306509E-01 0.45906192E-01 0.37864089E-01 0.31032961E-01 0.25284725E-01 0.20500847E-01 0.16567568E-01 0.13374536E-01 0.10815335E-01 0.87887667E-02 0.72003092E-02 0.59637132E-02 0.50029817E-02 0.42548619E-02 0.36715848E-02 0.32232537E-02 0.28989574E-02 0.27047258E-02 0.26553388E-02 0.27601816E-02
0.38977752E+00 0.41998166E+00 0.44562606E+00 0.46585776E+00 0.48031378E+00 0.48911097E+00 0.49272989E+00 0.49180746E+00 0.48689873E+00 0.47829950E+00 0.46600427E+00 0.44981240E+00 0.42952865E+00 0.40517443E+00 0.37713676E+00 0.34621202E+00 0.31353356E+00 0.28040437E+00 0.24808539E+00 0.21760544E+00 0.18964695E+00 0.16452768E+00 0.14226211E+00 0.12266369E+00 0.10544888E+00 0.90317669E-01 0.77001755E-01 0.65283952E-01 0.54997545E-01 0.46014939E-01 0.38233075E-01 0.31560389E-01 0.25907622E-01 0.21182887E-01 0.17290187E-01 0.14130146E-01 0.11601804E-01 0.96047918E-02 0.80417784E-02 0.68214639E-02 0.58622033E-02 0.50957671E-02 0.44703614E-02 0.39523737E-02 0.35269880E-02 0.31978451E-02 0.29844642E-02 0.29139355E-02
0.31553233E+00 0.33725843E+00 0.35564898E+00 0.37009360E+00 0.38034907E+00 0.38653331E+00 0.38903369E+00 0.38834797E+00 0.38490418E+00 0.37892391E+00 0.37038414E+00 0.35909398E+00 0.34485224E+00 0.32761952E+00 0.30763854E+00 0.28546192E+00 0.26188314E+00 0.23780033E+00 0.21406187E+00 0.19134331E+00 0.17008633E+00 0.15050301E+00 0.13262639E+00 0.11637917E+00 0.10163702E+00 0.88273322E-01 0.76183006E-01 0.65289006E-01 0.55537519E-01 0.46888005E-01 0.39302525E-01 0.32737267E-01 0.27137422E-01 0.22435325E-01 0.18551050E-01 0.15394438E-01 0.12867880E-01 0.10869683E-01 0.92982696E-02 0.80573429E-02 0.70613620E-02 0.62400326E-02 0.55407667E-02 0.49291067E-02 0.43880475E-02 0.39173671E-02 0.35332757E-02 0.32665886E-02
0.25580975E+00 0.27032410E+00 0.28248883E+00 0.29189592E+00 0.29840634E+00 0.30216656E+00 0.30354129E+00 0.30297294E+00 0.30081441E+00 0.29720433E+00 0.29204251E+00 0.28507604E+00 0.27605172E+00 0.26486352E+00 0.25163685E+00 0.23672771E+00 0.22065108E+00 0.20397472E+00 0.18721831E+00 0.17078659E+00 0.15494703E+00 0.13984482E+00 0.12553894E+00 0.11204201E+00 0.99352659E-01 0.87475305E-01 0.76427736E-01 0.66239405E-01 0.56944269E-01 0.48571740E-01 0.41138487E-01 0.34642641E-01 0.29060909E-01 0.24348287E-01 0.20439644E-01 0.17252576E-01 0.14691306E-01 0.12651864E-01 0.11028738E-01 0.97223413E-02 0.86457662E-02 0.77291752E-02 0.69212325E-02 0.61882580E-02 0.55124474E-02 0.48904348E-02 0.43329935E-02 0.38657328E-02
0.20913211E+00 0.21753056E+00 0.22419647E+00 0.22888219E+00 0.23158780E+00 0.23261233E+00 0.23248605E+00 0.23178041E+00 0.23086836E+00 0.22976092E+00 0.22811797E+00 0.22542356E+00 0.22121823E+00 0.21526842E+00 0.20761542E+00 0.19851826E+00 0.18834435E+00 0.17746365E+00 0.16618072E+00 0.15471221E+00 0.14319811E+00 0.13172879E+00 0.12037290E+00 0.10919837E+00 0.98284081E-01 0.87723087E-01 0.77619349E-01 0.68080295E-01 0.59207509E-01 0.51087574E-01 0.43784594E-01 0.37335213E-01 0.31746280E-01 0.26994818E-01 0.23029890E-01 0.19776139E-01 0.17139239E-01 0.15013479E-01 0.13291035E-01 0.11871320E-01 0.10668260E-01 0.96141162E-02 0.86599088E-02 0.77736439E-02 0.69378090E-02 0.61472979E-02 0.54085178E-02 0.47400706E-02
0.17352261E+00 0.17671391E+00 0.17819079E+00 0.17774532E+00 0.17556879E+00 0.17239946E+00 0.16942957E+00 0.16789138E+00 0.16845963E+00 0.17086326E+00 0.17403061E+00 0.17664179E+00 0.17767102E+00 0.17664639E+00 0.17361847E+00 0.16896065E+00 0.16313602E+00 0.15652708E+00 0.14936708E+00 0.14175755E+00 0.13372726E+00 0.12529096E+00 0.11648693E+00 0.10739190E+00 0.98120228E-01 0.88815156E-01 0.79636609E-01 0.70748266E-01 0.62305206E-01 0.54443111E-01 0.47269755E-01 0.40859124E-01 0.35248205E-01 0.30436297E-01 0.26386758E-01 0.23031438E-01 0.20278126E-01 0.18020837E-01 0.16151490E-01 0.14570562E-01 0.13194428E-01 0.11958511E-01 0.10816921E-01 0.97400703E-02 0.87117286E-02 0.77265052E-02 0.67883782E-02 0.59106523E-02
0.14714080E+00 0.14589510E+00 0.14202423E+00 0.13498860E+00 0.12497604E+00 0.11342909E+00 0.10335802E+00 0.98704447E-01 0.10187024E+00 0.11142736E+00 0.12349270E+00 0.13452922E+00 0.14250198E+00 0.14679757E+00 0.14778633E+00 0.14633499E+00 0.14337382E+00 0.13959859E+00 0.13535817E+00 0.13070962E+00 0.12555732E+00 0.11978582E+00 0.11333894E+00 0.10624485E+00 0.98608315E-01 0.90589760E-01 0.82382448E-01 0.74191946E-01 0.66218742E-01 0.58643981E-01 0.51618255E-01 0.45253421E-01 0.39617507E-01 0.34732792E-01 0.30577422E-01 0.27091072E-01 0.24184778E-01 0.21753962E-01 0.19692200E-01 0.17902750E-01 0.16305739E-01 0.14840717E-01 0.13465703E-01 0.12154391E-01 0.10892903E-01 0.96769811E-02 0.85100848E-02 0.74026666E-02
0.13004475E+00 0.12625094E+00 0.11863474E+00 0.10598654E+00 0.87670687E-01 0.63875047E-01 0.35639482E-01 0.47715119E-02 0.26895951E-01 0.56714918E-01 0.82732871E-01 0.10337135E+00 0.11787230E+00 0.12641159E+00 0.12998455E+00 0.13008766E+00 0.12828607E+00 0.12580038E+00 0.12326690E+00 0.12076062E+00 0.11801897E+00 0.11470217E+00 0.11056392E+00 0.10551058E+00 0.99589221E-01 0.92948918E-01 0.85800705E-01 0.78384458E-01 0.70943250E-01 0.63703514E-01 0.56859696E-01 0.50562796E-01 0.44912797E-01 0.39955384E-01 0.35683699E-01 0.32045673E-01 0.28956574E-01 0.26314724E-01 0.24017060E-01 0.21971233E-01 0.20102545E-01 0.18355941E-01 0.16694565E-01 0.15096622E-01 0.13551894E-01 0.12058718E-01 0.10621780E-01 0.92509079E-02
0.12812698E+00 0.13052328E+00 0.13391066E+00 0.13972940E+00 0.14904979E+00 0.16064755E+00 0.17064174E+00 0.17464696E+00 0.17062133E+00 0.16026805E+00 0.14806819E+00 0.13838076E+00 0.13266270E+00 0.12941845E+00 0.12650981E+00 0.12293457E+00 0.11897393E+00 0.11547251E+00 0.11305136E+00 0.11169985E+00 0.11086829E+00 0.10983417E+00 0.10801584E+00 0.10509700E+00 0.10100980E+00 0.95864760E-01 0.89880102E-01 0.83327430E-01 0.76493080E-01 0.69650365E-01 0.63038953E-01 0.56849609E-01 0.51214026E-01 0.46200466E-01 0.41816176E-01 0.38016989E-01 0.34722890E-01 0.31836369E-01 0.29259468E-01 0.26906169E-01 0.24708916E-01 0.22619977E-01 0.20609474E-01 0.18661883E-01 0.16772318E-01 0.14943327E-01 0.13182488E-01 0.11500890E-01
0.15776384E+00 0.18912686E+00 0.23693053E+00 0.30202363E+00 0.37885423E+00 0.45470078E+00 0.51247300E+00 0.53676274E+00 0.52049103E+00 0.46823235E+00 0.39404123E+00 0.31524328E+00 0.24595964E+00 0.19339358E+00 0.15769720E+00 0.13476835E+00 0.12007508E+00 0.11083695E+00 0.10580023E+00 0.10405316E+00 0.10435868E+00 0.10531551E+00 0.10577865E+00 0.10506430E+00 0.10291493E+00 0.99371126E-01 0.94648667E-01 0.89049890E-01 0.82905696E-01 0.76537227E-01 0.70229070E-01 0.64210062E-01 0.58640852E-01 0.53609102E-01 0.49133445E-01 0.45176071E-01 0.41661632E-01 0.38498094E-01 0.35594857E-01 0.32875035E-01 0.30281208E-01 0.27775939E-01 0.25339112E-01 0.22963968E-01 0.20653121E-01 0.18415203E-01 0.16262351E-01 0.14208536E-01
0.24255410E+00 0.33884220E+00 0.48092832E+00 0.66976556E+00 0.89029036E+00 0.11077576E+01 0.12740692E+01 0.13449337E+01 0.12997863E+01 0.11518747E+01 0.94153050E+00 0.71741396E+00 0.51797570E+00 0.36267397E+00 0.25380827E+00 0.18358627E+00 0.14104190E+00 0.11660984E+00 0.10393317E+00 0.99135179E-01 0.99246296E-01 0.10160526E+00 0.10414175E+00 0.10559726E+00 0.10542257E+00 0.10354549E+00 0.10016429E+00 0.95607656E-01 0.90249227E-01 0.84455442E-01 0.78551615E-01 0.72798852E-01 0.67380036E-01 0.62395693E-01 0.57870688E-01 0.53770698E-01 0.50024709E-01 0.46548032E-01 0.43260875E-01 0.40099812E-01 0.37022219E-01 0.34005495E-01 0.31043404E-01 0.28141467E-01 0.25312648E-01 0.22573883E-01 0.19943575E-01 0.17439963E-01
0.41262668E+00 0.63874192E+00 0.97973809E+00 0.14437853E+01 0.19970862E+01 0.25514035E+01 0.29797581E+01 0.31631837E+01 0.30462261E+01 0.26652506E+01 0.21292567E+01 0.15672949E+01 0.10777052E+01 0.70569379E+00 0.45102052E+00 0.28977684E+00 0.19354307E+00 0.13913574E+00 0.11081770E+00 0.98811731E-01 0.96634551E-01 0.99382225E-01 0.10352371E+00 0.10694989E+00 0.10868671E+00 0.10848831E+00 0.10650854E+00 0.10308956E+00 0.98639115E-01 0.93560231E-01 0.88208667E-01 0.82866050E-01 0.77725366E-01 0.72889155E-01 0.68380570E-01 0.64164722E-01 0.60174840E-01 0.56336790E-01 0.52587078E-01 0.48882508E-01 0.45202406E-01 0.41545864E-01 0.37926580E-01 0.34367327E-01 0.30895207E-01 0.27538136E-01 0.24322534E-01 0.21271987E-01
0.71806074E+00 0.12012508E+01 0.19563221E+01 0.30133608E+01 0.43007809E+01 0.56112490E+01 0.66352062E+01 0.70751064E+01 0.67905673E+01 0.58753474E+01 0.46044097E+01 0.32944358E+01 0.21779359E+01 0.13535497E+01 0.80926951E+00 0.47847286E+00 0.28842068E+00 0.18370389E+00 0.12927315E+00 0.10469969E+00 0.97536464E-01 0.99301924E-01 0.10433447E+00 0.10936779E+00 0.11285733E+00 0.11430857E+00 0.11379071E+00 0.11163566E+00 0.10826761E+00 0.10410919E+00 0.99528182E-01 0.94807187E-01 0.90130379E-01 0.85586439E-01 0.81186012E-01 0.76888841E-01 0.72633294E-01 0.68361246E-01 0.64034093E-01 0.59639161E-01 0.55188485E-01 0.50713028E-01 0.46255278E-01 0.41862330E-01 0.37580557E-01 0.33452155E-01 0.29513323E-01 0.25793621E-01
0.12347134E+01 0.21995020E+01 0.37556670E+01 0.59893084E+01 0.87733755E+01 0.11673613E+02 0.13984721E+02 0.14986066E+02 0.14327449E+02 0.12246289E+02 0.94171805E+01 0.65730035E+01 0.42086137E+01 0.25076099E+01 0.14197146E+01 0.78499114E+00 0.43707996E+00 0.25340649E+00 0.16009765E+00 0.11711757E+00 0.10224924E+00 0.10166037E+00 0.10680589E+00 0.11300930E+00 0.11805133E+00 0.12112377E+00 0.12216652E+00 0.12146933E+00 0.11944614E+00 0.11651241E+00 0.11301949E+00 0.10922188E+00 0.10526822E+00 0.10121220E+00 0.97038643E-01 0.92697001E-01 0.88133396E-01 0.83314308E-01 0.78238760E-01 0.72939668E-01 0.67477464E-01 0.61929817E-01 0.56380830E-01 0.50912014E-01 0.45596093E-01 0.40493754E-01 0.35652751E-01 0.31108578E-01
0.20476818E+01 0.38326329E+01 0.67910041E+01 0.11163153E+02 0.16809645E+02 0.22893847E+02 0.27839456E+02 0.29989146E+02 0.28556144E+02 0.24075785E+02 0.18099338E+02 0.12289310E+02 0.76388957E+01 0.43987441E+01 0.23843119E+01 0.12474178E+01 0.65018121E+00 0.34927300E+00 0.20195246E+00 0.13471594E+00 0.10998598E+00 0.10615412E+00 0.11087128E+00 0.11789974E+00 0.12434834E+00 0.12907888E+00 0.13187124E+00 0.13294005E+00 0.13265455E+00 0.13138551E+00 0.12942762E+00 0.12696765E+00 0.12408411E+00 0.12076988E+00 0.11696879E+00 0.11261536E+00 0.10766817E+00 0.10213053E+00 0.96056809E-01 0.89546554E-01 0.82730715E-01 0.75754753E-01 0.68762705E-01 0.61884868E-01 0.55230249E-01 0.48883620E-01 0.42906177E-01 0.37338419E-01
0.32049837E+01 0.62310460E+01 0.11396579E+02 0.19341256E+02 0.29972176E+02 0.41401737E+02 0.50259312E+02 0.53905555E+02 0.51459601E+02 0.43504226E+02 0.32341540E+02 0.21369382E+02 0.12861187E+02 0.71797060E+01 0.37604089E+01 0.18831551E+01 0.92947681E+00 0.46841179E+00 0.25149244E+00 0.15485800E+00 0.11905571E+00 0.11192030E+00 0.11617293E+00 0.12394629E+00 0.13181746E+00 0.13838189E+00 0.14326064E+00 0.14656640E+00 0.14858289E+00 0.14958698E+00 0.14976438E+00 0.14918482E+00 0.14781580E+00 0.14556023E+00 0.14230426E+00 0.13796283E+00 0.13251315E+00 0.12601086E+00 0.11858864E+00 0.11044060E+00 0.10179823E+00 0.92903882E-01 0.83987167E-01 0.75247444E-01 0.66844007E-01 0.58893470E-01 0.51472750E-01 0.44625434E-01
0.46508062E+01 0.93171934E+01 0.17565179E+02 0.30709120E+02 0.47965168E+02 0.64362131E+02 0.74995224E+02 0.78987201E+02 0.76314137E+02 0.66944247E+02 0.51457763E+02 0.33969132E+02 0.19887594E+02 0.10767312E+02 0.54821131E+01 0.26557674E+01 0.12558891E+01 0.60055365E+00 0.30291144E+00 0.17404623E+00 0.12734457E+00 0.11782729E+00 0.12220439E+00 0.13101423E+00 0.14056960E+00 0.14934633E+00 0.15684569E+00 0.16306016E+00 0.16814088E+00 0.17221075E+00 0.17528483E+00 0.17726076E+00 0.17795116E+00 0.17713765E+00 0.17462991E+00 0.17031679E+00 0.16419974E+00 0.15640407E+00 0.14716830E+00 0.13681621E+00 0.12571877E+00 0.11425407E+00 0.10277213E+00 0.91569493E-01 0.80875449E-01 0.70849514E-01 0.61587615E-01 0.53133615E-01
0.61756498E+01 0.12675321E+02 0.24544536E+02 0.43522989E+02 0.65870724E+02 0.83390860E+02 0.10439272E+03 0.13482284E+03 0.11244245E+03 0.86599023E+02 0.69599802E+02 0.47866219E+02 0.27836683E+02 0.14685046E+02 0.73016060E+01 0.34521962E+01 0.15818136E+01 0.72604646E+00 0.34776514E+00 0.18827811E+00 0.13279698E+00 0.12284841E+00 0.12852306E+00 0.13903845E+00 0.15081874E+00 0.16242353E+00 0.17329941E+00 0.18330454E+00 0.19240461E+00 0.20050269E+00 0.20737962E+00 0.21270663E+00 0.21609789E+00 0.21718026E+00 0.21566369E+00 0.21139927E+00 0.20441458E+00 0.19492109E+00 0.18329351E+00 0.17002661E+00 0.15567885E+00 0.14081350E+00 0.12594679E+00 0.11151032E+00 0.97830749E-01 0.85126442E-01 0.73517699E-01 0.63045469E-01
0.74342644E+01 0.15534103E+02 0.30635960E+02 0.54108840E+02 0.78238465E+02 0.11039362E+03 0.48831940E+03 0.16690966E+04 0.72625166E+03 0.13574863E+03 0.81804871E+02 0.58864163E+02 0.34709159E+02 0.18029503E+02 0.88087417E+01 0.40965001E+01 0.18374069E+01 0.81859858E+00 0.37619637E+00 0.19367175E+00 0.13388145E+00 0.12640794E+00 0.13495724E+00 0.14813196E+00 0.16292827E+00 0.17820234E+00 0.19341153E+00 0.20826212E+00 0.22248036E+00 0.23568834E+00 0.24737744E+00 0.25694508E+00 0.26376497E+00 0.26727156E+00 0.26704386E+00 0.26287469E+00 0.25481246E+00 0.24316729E+00 0.22848023E+00 0.21146228E+00 0.19291478E+00 0.17364562E+00 0.15439446E+00 0.13577708E+00 0.11825445E+00 0.10212661E+00 0.87547288E-01 0.74552032E-01
