Basic/Day4/qtaim/mof/mof_pl2d.SURFELFB
DSAA
 161 161
-0.75589045E+01  0.75589045E+01  0.94486307E-01
-0.75589045E+01  0.75589045E+01  0.94486307E-01
 0.00000000E+00  0.00000000E+00
[rows 22 to 43 of 161, columns 96 to 143 of 161]
0.52501643E-05 0.32009786E-05 0.19934983E-05 0.12745518E-05 0.84097185E-06 0.57565921E-06 0.41084653E-06 0.30708355E-06 0.24124286E-06 0.19967937E-06 0.17432485E-06 0.16045715E-06 0.15542655E-06 0.15793465E-06 0.16763489E-06 0.18492085E-06 0.21082518E-06 0.24697442E-06 0.29555826E-06 0.35927164E-06 0.44118236E-06 0.54447002E-06 0.67198042E-06 0.82554956E-06 0.10050942E-05 0.12075126E-05 0.14255751E-05 0.16470429E-05 0.18544131E-05 0.20257006E-05 0.21366130E-05 0.21644187E-05 0.20932368E-05 0.19199543E-05 0.16588086E-05 0.13415551E-05 0.10110564E-05 0.70913082E-06 0.46427432E-06 0.28594296E-06 0.16767688E-06 0.95054704E-07 0.53007110E-07 0.29618707E-07 0.16899954E-07 0.10034278E-07 0.63137773E-08 0.42813488E-08
0.24445105E-05 0.16139014E-05 0.11005380E-05 0.77911625E-06 0.57537471E-06 0.44510176E-06 0.36185369E-06 0.30978388E-06 0.27946488E-06 0.26546027E-06 0.26492926E-06 0.27684414E-06 0.30157831E-06 0.34072187E-06 0.39702923E-06 0.47443407E-06 0.57806269E-06 0.71416822E-06 0.88989021E-06 0.11127232E-05 0.13895780E-05 0.17253495E-05 0.21210026E-05 0.25713369E-05 0.30628209E-05 0.35720817E-05 0.40657069E-05 0.45019808E-05 0.48347788E-05 0.50195020E-05 0.50202369E-05 0.48175153E-05 0.44151070E-05 0.38443352E-05 0.31630300E-05 0.24471526E-05 0.17744632E-05 0.12053891E-05 0.76965789E-06 0.46541157E-06 0.26957475E-06 0.15171723E-06 0.84335687E-07 0.47124669E-07 0.26956010E-07 0.16076430E-07 0.10176120E-07 0.69494313E-08
0.13846723E-05 0.10149228E-05 0.77629965E-06 0.62203377E-06 0.52364106E-06 0.46387692E-06 0.43255135E-06 0.42407482E-06 0.43605553E-06 0.46855402E-06 0.52375385E-06 0.60590113E-06 0.72141464E-06 0.87905935E-06 0.10900888E-05 0.13681975E-05 0.17290808E-05 0.21893635E-05 0.27646483E-05 0.34665217E-05 0.42985784E-05 0.52518932E-05 0.63008210E-05 0.74004141E-05 0.84867312E-05 0.94809989E-05 0.10297484E-04 0.10853983E-04 0.11082976E-04 0.10941561E-04 0.10418707E-04 0.95397290E-05 0.83673995E-05 0.69987151E-05 0.55554677E-05 0.41665989E-05 0.29439425E-05 0.19589613E-05 0.12316008E-05 0.73680485E-06 0.42396490E-06 0.23786545E-06 0.13218748E-06 0.74013051E-07 0.42501929E-07 0.25485950E-07 0.16240051E-07 0.11175141E-07
0.10103418E-05 0.83922935E-06 0.73199656E-06 0.67126939E-06 0.64713510E-06 0.65487709E-06 0.69374488E-06 0.76640889E-06 0.87888437E-06 0.10407926E-05 0.12658363E-05 0.15723565E-05 0.19837823E-05 0.25286527E-05 0.32398343E-05 0.41523995E-05 0.52996596E-05 0.67070550E-05 0.83840699E-05 0.10315193E-04 0.12451856E-04 0.14708016E-04 0.16961974E-04 0.19065736E-04 0.20861148E-04 0.22199742E-04 0.22961768E-04 0.23070435E-04 0.22499270E-04 0.21273027E-04 0.19464044E-04 0.17187407E-04 0.14594406E-04 0.11864351E-04 0.91897607E-05 0.67523630E-05 0.46925499E-05 0.30830409E-05 0.19207305E-05 0.11423978E-05 0.65540347E-06 0.36752905E-06 0.20456292E-06 0.11491686E-06 0.66309208E-07 0.40004904E-07 0.25675015E-07 0.17809067E-07
0.98996053E-06 0.94008765E-06 0.93709383E-06 0.97878511E-06 0.10680478E-05 0.12127640E-05 0.14262942E-05 0.17284024E-05 0.21465043E-05 0.27170196E-05 0.34864689E-05 0.45117684E-05 0.58588202E-05 0.75984591E-05 0.97986478E-05 0.12512358E-04 0.15761601E-04 0.19519768E-04 0.23696355E-04 0.28129469E-04 0.32590903E-04 0.36805974E-04 0.40485557E-04 0.43363550E-04 0.45230630E-04 0.45956912E-04 0.45499656E-04 0.43897563E-04 0.41256725E-04 0.37734119E-04 0.33524125E-04 0.28849544E-04 0.23956628E-04 0.19107944E-04 0.14566208E-04 0.10564465E-04 0.72672374E-05 0.47387845E-05 0.29374556E-05 0.17423131E-05 0.99889048E-06 0.56077586E-06 0.31297499E-06 0.17655048E-06 0.10242786E-06 0.62203068E-07 0.40223896E-07 0.28132714E-07
0.13155160E-05 0.14179248E-05 0.15932102E-05 0.18586523E-05 0.22407085E-05 0.27772305E-05 0.35201835E-05 0.45385703E-05 0.59208817E-05 0.77759771E-05 0.10230839E-04 0.13422986E-04 0.17485773E-04 0.22525125E-04 0.28589093E-04 0.35634216E-04 0.43497092E-04 0.51881375E-04 0.60369302E-04 0.68460719E-04 0.75634257E-04 0.81416370E-04 0.85441561E-04 0.87489947E-04 0.87496366E-04 0.85534758E-04 0.81786171E-04 0.76502363E-04 0.69973497E-04 0.62506823E-04 0.54416169E-04 0.46023028E-04 0.37660428E-04 0.29671574E-04 0.22392052E-04 0.16110284E-04 0.11014759E-04 0.71520479E-05 0.44223379E-05 0.26208958E-05 0.15036843E-05 0.84598772E-06 0.47380240E-06 0.26853908E-06 0.15671461E-06 0.95833126E-07 0.62458983E-07 0.44058594E-07
0.23062808E-05 0.27624895E-05 0.34115287E-05 0.43218623E-05 0.55873747E-05 0.73331865E-05 0.97207554E-05 0.12950178E-04 0.17256656E-04 0.22897427E-04 0.30124817E-04 0.39143849E-04 0.50055844E-04 0.62796568E-04 0.77084123E-04 0.92395802E-04 0.10799027E-03 0.12297985E-03 0.13644161E-03 0.14754117E-03 0.15563865E-03 0.16035326E-03 0.16157556E-03 0.15943816E-03 0.15425528E-03 0.14645498E-03 0.13651625E-03 0.12492299E-03 0.11213587E-03 0.98584072E-04 0.84674402E-04 0.70807889E-04 0.57397307E-04 0.44871286E-04 0.33650792E-04 0.24092743E-04 0.16414431E-04 0.10634551E-04 0.65697040E-05 0.38949822E-05 0.22382773E-05 0.12628415E-05 0.71009648E-06 0.40453422E-06 0.23755157E-06 0.14631938E-06 0.96139011E-07 0.68414040E-07
0.50406560E-05 0.65208233E-05 0.85908566E-05 0.11468187E-04 0.15435480E-04 0.20845997E-04 0.28118838E-04 0.37717045E-04 0.50101765E-04 0.65657381E-04 0.84592078E-04 0.10682767E-03 0.13190621E-03 0.15894738E-03 0.18668532E-03 0.21359326E-03 0.23807534E-03 0.25868125E-03 0.27428956E-03 0.28422092E-03 0.28826048E-03 0.28661097E-03 0.27979060E-03 0.26851635E-03 0.25359381E-03 0.23583039E-03 0.21597875E-03 0.19470479E-03 0.17258851E-03 0.15013859E-03 0.12782396E-03 0.10611150E-03 0.85496702E-04 0.66510761E-04 0.49685459E-04 0.35469530E-04 0.24118465E-04 0.15610865E-04 0.96446107E-05 0.57244212E-05 0.32968126E-05 0.18661731E-05 0.10539362E-05 0.60369172E-06 0.35681088E-06 0.22142697E-06 0.14670603E-06 0.10533830E-06
0.12809150E-04 0.17372776E-04 0.23717634E-04 0.32442136E-04 0.44263194E-04 0.59982455E-04 0.80411267E-04 0.10624670E-03 0.13790392E-03 0.17532744E-03 0.21782881E-03 0.26400638E-03 0.31179658E-03 0.35867201E-03 0.40195513E-03 0.43917226E-03 0.46836679E-03 0.48829616E-03 0.49848923E-03 0.49917786E-03 0.49114409E-03 0.47552906E-03 0.45365233E-03 0.42685990E-03 0.39641651E-03 0.36344285E-03 0.32888754E-03 0.29353241E-03 0.25801969E-03 0.22289705E-03 0.18867418E-03 0.15587901E-03 0.12510568E-03 0.97019085E-04 0.72301097E-04 0.51526269E-04 0.35002585E-04 0.22651723E-04 0.14004133E-04 0.83253289E-05 0.48071194E-05 0.27308888E-05 0.15494596E-05 0.89259189E-06 0.53112769E-06 0.33215340E-06 0.22195688E-06 0.16083782E-06
0.35290539E-04 0.48831156E-04 0.67315885E-04 0.92074730E-04 0.12447826E-03 0.16574315E-03 0.21666351E-03 0.27730607E-03 0.34673593E-03 0.42286875E-03 0.50252254E-03 0.58170572E-03 0.65609254E-03 0.72158212E-03 0.77480730E-03 0.81348191E-03 0.83653681E-03 0.84405284E-03 0.83705138E-03 0.81721138E-03 0.78658220E-03 0.74733300E-03 0.70156120E-03 0.65116859E-03 0.59778918E-03 0.54276969E-03 0.48718165E-03 0.43186058E-03 0.37746490E-03 0.32454943E-03 0.27364907E-03 0.22536030E-03 0.18040076E-03 0.13961481E-03 0.10388672E-03 0.73964534E-04 0.50226972E-04 0.32514365E-04 0.20123355E-04 0.11986299E-04 0.69407890E-05 0.39581669E-05 0.22567375E-05 0.13077327E-05 0.78357480E-06 0.49392204E-06 0.33295732E-06 0.24354006E-06
0.98927314E-04 0.13640200E-03 0.18576473E-03 0.24904547E-03 0.32768899E-03 0.42208553E-03 0.53113854E-03 0.65199390E-03 0.78006666E-03 0.90940474E-03 0.10333537E-02 0.11453770E-02 0.12398435E-02 0.13126174E-02 0.13613542E-02 0.13854999E-02 0.13860529E-02 0.13651895E-02 0.13258414E-02 0.12713051E-02 0.12049184E-02 0.11298247E-02 0.10488254E-02 0.96429756E-03 0.87817547E-03 0.79197079E-03 0.70682346E-03 0.62357498E-03 0.54285965E-03 0.46521036E-03 0.39117450E-03 0.32142494E-03 0.25683883E-03 0.19849675E-03 0.14755938E-03 0.10500571E-03 0.71308104E-04 0.46190710E-04 0.28626467E-04 0.17088075E-04 0.99253899E-05 0.56830726E-05 0.32565947E-05 0.18986754E-05 0.11458120E-05 0.72814151E-06 0.49525671E-06 0.36572323E-06
0.26716585E-03 0.36018536E-03 0.47656029E-03 0.61734778E-03 0.78154246E-03 0.96562962E-03 0.11635168E-02 0.13669316E-02 0.15662512E-02 0.17516006E-02 0.19139857E-02 0.20462271E-02 0.21435432E-02 0.22037324E-02 0.22270064E-02 0.22155743E-02 0.21731034E-02 0.21041572E-02 0.20136922E-02 0.19066441E-02 0.17876326E-02 0.16607629E-02 0.15295218E-02 0.13967524E-02 0.12646677E-02 0.11349165E-02 0.10086694E-02 0.88672987E-03 0.76966293E-03 0.65794181E-03 0.55210586E-03 0.45291156E-03 0.36143481E-03 0.27906657E-03 0.20732977E-03 0.14751098E-03 0.10020141E-03 0.64963003E-04 0.40323096E-04 0.24126792E-04 0.14059111E-04 0.80838199E-05 0.46565553E-05 0.27319866E-05 0.16608233E-05 0.10642243E-05 0.73048875E-06 0.54469289E-06
0.66585254E-03 0.86654285E-03 0.11028040E-02 0.13708822E-02 0.16634559E-02 0.19699700E-02 0.22775336E-02 0.25722321E-02 0.28405946E-02 0.30709388E-02 0.32543687E-02 0.33853179E-02 0.34616297E-02 0.34842616E-02 0.34567306E-02 0.33844318E-02 0.32739392E-02 0.31323643E-02 0.29668266E-02 0.27840438E-02 0.25900534E-02 0.23900493E-02 0.21883126E-02 0.19882128E-02 0.17922774E-02 0.16022857E-02 0.14194041E-02 0.12443410E-02 0.10775270E-02 0.91931512E-03 0.77019755E-03 0.63101045E-03 0.50307044E-03 0.38816285E-03 0.28828142E-03 0.20511223E-03 0.13939627E-03 0.90468165E-04 0.56250622E-04 0.33740798E-04 0.19727928E-04 0.11392785E-04 0.65980336E-05 0.38960858E-05 0.23863457E-05 0.15421638E-05 0.10684532E-05 0.80460597E-06
0.14903770E-02 0.18624070E-02 0.22746745E-02 0.27150559E-02 0.31678292E-02 0.36150156E-02 0.40380447E-02 0.44194510E-02 0.47443450E-02 0.50014721E-02 0.51837757E-02 0.52884854E-02 0.53167980E-02 0.52732685E-02 0.51650320E-02 0.50009704E-02 0.47909061E-02 0.45448931E-02 0.42726304E-02 0.39830296E-02 0.36839245E-02 0.33819072E-02 0.30822821E-02 0.27890992E-02 0.25052667E-02 0.22326964E-02 0.19724976E-02 0.17251950E-02 0.14909793E-02 0.12699834E-02 0.10625797E-02 0.86965706E-03 0.69281101E-03 0.53431537E-03 0.39676420E-03 0.28235558E-03 0.19201565E-03 0.12476665E-03 0.77720282E-04 0.46741678E-04 0.27425597E-04 0.15909335E-04 0.92648542E-05 0.55071133E-05 0.33990986E-05 0.22157761E-05 0.15497877E-05 0.11788585E-05
0.29707742E-02 0.35717008E-02 0.42044834E-02 0.48482371E-02 0.54798349E-02 0.60757218E-02 0.66137223E-02 0.70746312E-02 0.74434286E-02 0.77100330E-02 0.78695754E-02 0.79222346E-02 0.78727086E-02 0.77294333E-02 0.75036313E-02 0.72083228E-02 0.68573600E-02 0.64645788E-02 0.60430964E-02 0.56047850E-02 0.51599234E-02 0.47170190E-02 0.42827618E-02 0.38621085E-02 0.34584381E-02 0.30737866E-02 0.27091123E-02 0.23646113E-02 0.20400644E-02 0.17352222E-02 0.14502096E-02 0.11859097E-02 0.94421569E-03 0.72799398E-03 0.54058953E-03 0.38484847E-03 0.26192425E-03 0.17041800E-03 0.10636837E-03 0.64147396E-04 0.37775599E-04 0.22014731E-04 0.12893277E-04 0.77158985E-05 0.47999199E-05 0.31567239E-05 0.22293545E-05 0.17131631E-05
0.53176139E-02 0.61930777E-02 0.70817056E-02 0.79553639E-02 0.87850112E-02 0.95425645E-02 0.10202677E-01 0.10744266E-01 0.11151678E-01 0.11415399E-01 0.11532280E-01 0.11505305E-01 0.11342939E-01 0.11058170E-01 0.10667325E-01 0.10188827E-01 0.96419584E-02 0.90457552E-02 0.84180837E-02 0.77749510E-02 0.71300503E-02 0.64945393E-02 0.58770048E-02 0.52835979E-02 0.47182791E-02 0.41831556E-02 0.36788802E-02 0.32050869E-02 0.27608851E-02 0.23453863E-02 0.19582663E-02 0.16002826E-02 0.12736205E-02 0.98184230E-03 0.72921796E-03 0.51940506E-03 0.35383639E-03 0.23055804E-03 0.14420967E-03 0.87218889E-04 0.51555620E-04 0.30188382E-04 0.17783303E-04 0.10716116E-04 0.67198846E-05 0.44594089E-05 0.31804461E-05 0.24694830E-05
0.87055592E-02 0.99042324E-02 0.11093512E-01 0.12238225E-01 0.13302817E-01 0.14253392E-01 0.15059715E-01 0.15697006E-01 0.16147363E-01 0.16400670E-01 0.16454955E-01 0.16316128E-01 0.15997193E-01 0.15517014E-01 0.14898789E-01 0.14168359E-01 0.13352563E-01 0.12477712E-01 0.11568332E-01 0.10646213E-01 0.97297975E-02 0.88338883E-02 0.79696371E-02 0.71447510E-02 0.63638754E-02 0.56290907E-02 0.49404820E-02 0.42967680E-02 0.36959916E-02 0.31362457E-02 0.26164396E-02 0.21370057E-02 0.17003672E-02 0.13108769E-02 0.97392657E-03 0.69418115E-03 0.47341985E-03 0.30897538E-03 0.19369174E-03 0.11749787E-03 0.69723559E-04 0.41025678E-04 0.24311240E-04 0.14753536E-04 0.93274788E-05 0.62468722E-05 0.44999901E-05 0.35309720E-05
0.13308239E-01 0.14903512E-01 0.16466515E-01 0.17952707E-01 0.19317078E-01 0.20516710E-01 0.21513371E-01 0.22275892E-01 0.22782113E-01 0.23020143E-01 0.22988906E-01 0.22697861E-01 0.22165969E-01 0.21420073E-01 0.20492807E-01 0.19420298E-01 0.18239876E-01 0.16987956E-01 0.15698310E-01 0.14400720E-01 0.13120151E-01 0.11876362E-01 0.10683920E-01 0.95525394E-02 0.84876448E-02 0.74910981E-02 0.65620294E-02 0.56977341E-02 0.48946099E-02 0.41491741E-02 0.34591056E-02 0.28241902E-02 0.22469626E-02 0.17326385E-02 0.12879462E-02 0.91879143E-03 0.62739032E-03 0.41018399E-03 0.25774827E-03 0.15684364E-03 0.93443467E-04 0.55257033E-04 0.32943557E-04 0.20136394E-04 0.12836813E-04 0.86777213E-05 0.63148129E-05 0.50080857E-05
0.19346508E-01 0.21450791E-01 0.23498832E-01 0.25432402E-01 0.27192527E-01 0.28722936E-01 0.29973587E-01 0.30903875E-01 0.31485286E-01 0.31703150E-01 0.31557386E-01 0.31062147E-01 0.30244456E-01 0.29142001E-01 0.27800274E-01 0.26269437E-01 0.24601148E-01 0.22845642E-01 0.21049281E-01 0.19252733E-01 0.17489803E-01 0.15786899E-01 0.14163116E-01 0.12630723E-01 0.11196016E-01 0.98603540E-02 0.86213597E-02 0.74741605E-02 0.64127216E-02 0.54312043E-02 0.45253777E-02 0.36938915E-02 0.29391584E-02 0.22672828E-02 0.16865557E-02 0.12044004E-02 0.82359109E-03 0.53948481E-03 0.33984575E-03 0.20746993E-03 0.12411240E-03 0.73766933E-04 0.44251212E-04 0.27246631E-04 0.17516851E-04 0.11954149E-04 0.87891014E-05 0.70460640E-05
0.27119532E-01 0.29889634E-01 0.32575020E-01 0.35098184E-01 0.37380722E-01 0.39348037E-01 0.40934047E-01 0.42085520E-01 0.42765546E-01 0.42955856E-01 0.42657809E-01 0.41891878E-01 0.40695838E-01 0.39121786E-01 0.37232336E-01 0.35096348E-01 0.32784608E-01 0.30365828E-01 0.27903265E-01 0.25452175E-01 0.23058186E-01 0.20756598E-01 0.18572465E-01 0.16521345E-01 0.14610507E-01 0.12840422E-01 0.11206442E-01 0.97005526E-02 0.83131819E-02 0.70350619E-02 0.58590999E-02 0.47821058E-02 0.38059675E-02 0.29376215E-02 0.21871396E-02 0.15637794E-02 0.10710470E-02 0.70301884E-03 0.44402685E-03 0.27197604E-03 0.16338419E-03 0.97612506E-04 0.58924237E-04 0.36551728E-04 0.23701395E-04 0.16330974E-04 0.12133102E-04 0.98339022E-05
0.37016763E-01 0.40654399E-01 0.44169721E-01 0.47459445E-01 0.50419655E-01 0.52952049E-01 0.54970134E-01 0.56404841E-01 0.57208922E-01 0.57359909E-01 0.56861267E-01 0.55741753E-01 0.54052998E-01 0.51865643E-01 0.49264351E-01 0.46342179E-01 0.43194746E-01 0.39915081E-01 0.36588605E-01 0.33289881E-01 0.30080262E-01 0.27006852E-01 0.24102630E-01 0.21387461E-01 0.18869783E-01 0.16548722E-01 0.14416395E-01 0.12460357E-01 0.10666046E-01 0.90193189E-02 0.75089172E-02 0.61287855E-02 0.48796617E-02 0.37691215E-02 0.28092009E-02 0.20113450E-02 0.13800079E-02 0.90780201E-03 0.57494033E-03 0.35337295E-03 0.21319069E-03 0.12804056E-03 0.77785480E-04 0.48616468E-04 0.31799829E-04 0.22125642E-04 0.16613083E-04 0.13614945E-04
0.49518452E-01 0.54268066E-01 0.58843064E-01 0.63107306E-01 0.66925010E-01 0.70168794E-01 0.72727576E-01 0.74513481E-01 0.75467269E-01 0.75561841E-01 0.74803594E-01 0.73231554E-01 0.70914379E-01 0.67945521E-01 0.64436952E-01 0.60511971E-01 0.56297720E-01 0.51918028E-01 0.47487163E-01 0.43104953E-01 0.38853477E-01 0.34795723E-01 0.30975250E-01 0.27417782E-01 0.24133398E-01 0.21119412E-01 0.18363583E-01 0.15847418E-01 0.13549525E-01 0.11448962E-01 0.95285698E-02 0.77779814E-02 0.61958290E-02 0.47899310E-02 0.35743818E-02 0.25631699E-02 0.17619633E-02 0.11617450E-02 0.73786143E-03 0.45510119E-03 0.27575657E-03 0.16650092E-03 0.10180348E-03 0.64114653E-04 0.42307845E-04 0.29728914E-04 0.22562450E-04 0.18699169E-04
