Basic/Day4/qtaim/mof/mof_pl2d.SURFLAPP
DSAA
 161 161
-0.75589045E+01  0.75589045E+01  0.94486307E-01
-0.75589045E+01  0.75589045E+01  0.94486307E-01
 0.00000000E+00  0.00000000E+00
[rows 63 to 83 of 161, columns 0 to 47 of 161]
0.99146115E-03 0.10365421E-02 0.10876382E-02 0.11453672E-02 0.12103447E-02 0.12831829E-02 0.13644929E-02 0.14548910E-02 0.15550132E-02 0.16655347E-02 0.17871991E-02 0.19208540E-02 0.20674929E-02 0.22283014E-02 0.24047017E-02 0.25983940E-02 0.28113856E-02 0.30460053E-02 0.33048972E-02 0.35909900E-02 0.39074451E-02 0.42575821E-02 0.46447900E-02 0.50724306E-02 0.55437467E-02 0.60617779E-02 0.66292962E-02 0.72487532E-02 0.79222365E-02 0.86514166E-02 0.94374664E-02 0.10280935E-01 0.11181562E-01 0.12138048E-01 0.13147799E-01 0.14206705E-01 0.15309010E-01 0.16447347E-01 0.17612956E-01 0.18796102E-01 0.19986589E-01 0.21174267E-01 0.22349352E-01 0.23502418E-01 0.24623972E-01 0.25703626E-01 0.26729008E-01 0.27684644E-01
0.11304774E-02 0.11761424E-02 0.12286843E-02 0.12888330E-02 0.13573151E-02 0.14348559E-02 0.15221869E-02 0.16200601E-02 0.17292717E-02 0.18506957E-02 0.19853274E-02 0.21343353E-02 0.22991205E-02 0.24813767E-02 0.26831488E-02 0.29068792E-02 0.31554371E-02 0.34321234E-02 0.37406429E-02 0.40850467E-02 0.44696402E-02 0.48988646E-02 0.53771632E-02 0.59088413E-02 0.64979407E-02 0.71481348E-02 0.78626560E-02 0.86442524E-02 0.94951614E-02 0.10417079E-01 0.11411092E-01 0.12477556E-01 0.13615893E-01 0.14824333E-01 0.16099631E-01 0.17436838E-01 0.18829204E-01 0.20268301E-01 0.21744382E-01 0.23246956E-01 0.24765433E-01 0.26289651E-01 0.27810060E-01 0.29317377E-01 0.30801658E-01 0.32250878E-01 0.33649301E-01 0.34976027E-01
0.12930060E-02 0.13384630E-02 0.13917345E-02 0.14536766E-02 0.15251434E-02 0.16069944E-02 0.17001097E-02 0.18054156E-02 0.19239224E-02 0.20567743E-02 0.22053127E-02 0.23711489E-02 0.25562419E-02 0.27629774E-02 0.29942367E-02 0.32534474E-02 0.35446073E-02 0.38722678E-02 0.42414785E-02 0.46576827E-02 0.51265719E-02 0.56539094E-02 0.62453358E-02 0.69061805E-02 0.76412983E-02 0.84549509E-02 0.93507427E-02 0.10331608E-01 0.11399829E-01 0.12557051E-01 0.13804250E-01 0.15141624E-01 0.16568367E-01 0.18082365E-01 0.19679869E-01 0.21355228E-01 0.23100822E-01 0.24907269E-01 0.26763935E-01 0.28659668E-01 0.30583542E-01 0.32525333E-01 0.34475430E-01 0.36423982E-01 0.38359303E-01 0.40265779E-01 0.42121815E-01 0.43898384E-01
0.14825010E-02 0.15267502E-02 0.15798329E-02 0.16427476E-02 0.17164970E-02 0.18021021E-02 0.19006290E-02 0.20132294E-02 0.21411967E-02 0.22860385E-02 0.24495632E-02 0.26339768E-02 0.28419851E-02 0.30768890E-02 0.33426643E-02 0.36440128E-02 0.39863670E-02 0.43758486E-02 0.48191606E-02 0.53234226E-02 0.58959525E-02 0.65440124E-02 0.72745430E-02 0.80939188E-02 0.90077537E-02 0.10020785E-01 0.11136850E-01 0.12358934E-01 0.13689285E-01 0.15129506E-01 0.16680588E-01 0.18342800E-01 0.20115433E-01 0.21996395E-01 0.23981771E-01 0.26065466E-01 0.28239101E-01 0.30492272E-01 0.32813186E-01 0.35189519E-01 0.37609196E-01 0.40060694E-01 0.42532502E-01 0.45011569E-01 0.47480912E-01 0.49916970E-01 0.52287593E-01 0.54551603E-01
0.17026711E-02 0.17444778E-02 0.17962241E-02 0.18590723E-02 0.19342001E-02 0.20228250E-02 0.21262474E-02 0.22459094E-02 0.23834764E-02 0.25409358E-02 0.27207123E-02 0.29257948E-02 0.31598623E-02 0.34273974E-02 0.37337742E-02 0.40852967E-02 0.44891825E-02 0.49534679E-02 0.54868355E-02 0.60983632E-02 0.67972114E-02 0.75922729E-02 0.84918251E-02 0.95032305E-02 0.10632731E-01 0.11885367E-01 0.13265046E-01 0.14774726E-01 0.16416674E-01 0.18192695E-01 0.20104240E-01 0.22152288E-01 0.24336972E-01 0.26656975E-01 0.29108823E-01 0.31686296E-01 0.34380157E-01 0.37178359E-01 0.40066722E-01 0.43029837E-01 0.46051769E-01 0.49116005E-01 0.52204251E-01 0.55293974E-01 0.58355255E-01 0.61348066E-01 0.64221619E-01 0.66917213E-01
0.19574709E-02 0.19953340E-02 0.20443388E-02 0.21058379E-02 0.21812167E-02 0.22719343E-02 0.23795853E-02 0.25059850E-02 0.26532799E-02 0.28240795E-02 0.30216068E-02 0.32498566E-02 0.35137481E-02 0.38192559E-02 0.41734945E-02 0.45847423E-02 0.50623770E-02 0.56167140E-02 0.62587397E-02 0.69997496E-02 0.78509150E-02 0.88228209E-02 0.99250329E-02 0.11165759E-01 0.12551671E-01 0.14087930E-01 0.15778435E-01 0.17626233E-01 0.19634017E-01 0.21804546E-01 0.24140825E-01 0.26645902E-01 0.29322213E-01 0.32170540E-01 0.35188773E-01 0.38370794E-01 0.41705788E-01 0.45178204E-01 0.48768311E-01 0.52453020E-01 0.56206326E-01 0.59998682E-01 0.63794856E-01 0.67550472E-01 0.71208422E-01 0.74697431E-01 0.77935675E-01 0.80841767E-01
0.22511043E-02 0.22832202E-02 0.23277877E-02 0.23863818E-02 0.24606375E-02 0.25523105E-02 0.26633647E-02 0.27960885E-02 0.29532419E-02 0.31382266E-02 0.33552775E-02 0.36096550E-02 0.39078257E-02 0.42576028E-02 0.46682254E-02 0.51503434E-02 0.57158905E-02 0.63778248E-02 0.71497397E-02 0.80453596E-02 0.90779646E-02 0.10259802E-01 0.11601588E-01 0.13112163E-01 0.14798434E-01 0.16665615E-01 0.18717793E-01 0.20958717E-01 0.23392649E-01 0.26025021E-01 0.28862625E-01 0.31913134E-01 0.35183839E-01 0.38679730E-01 0.42401240E-01 0.46342114E-01 0.50487890E-01 0.54815290E-01 0.59292448E-01 0.63879432E-01 0.68528238E-01 0.73181302E-01 0.77768174E-01 0.82201120E-01 0.86372161E-01 0.90155934E-01 0.93423656E-01 0.96071756E-01
0.25880540E-02 0.26122709E-02 0.26503724E-02 0.27041957E-02 0.27756767E-02 0.28669352E-02 0.29803946E-02 0.31189359E-02 0.32860875E-02 0.34862423E-02 0.37248916E-02 0.40088566E-02 0.43464920E-02 0.47478338E-02 0.52246538E-02 0.57903911E-02 0.64599320E-02 0.72492207E-02 0.81747157E-02 0.92527116E-02 0.10498601E-01 0.11926178E-01 0.13547096E-01 0.15370634E-01 0.17403882E-01 0.19652395E-01 0.22121295E-01 0.24816637E-01 0.27746743E-01 0.30923088E-01 0.34360327E-01 0.38075120E-01 0.42083670E-01 0.46398180E-01 0.51022769E-01 0.55949602E-01 0.61155928E-01 0.66602502E-01 0.72233207E-01 0.77975122E-01 0.83737816E-01 0.89410746E-01 0.94858609E-01 0.99916569E-01 0.10439039E+00 0.10806973E+00 0.11076412E+00 0.11236641E+00
0.29731511E-02 0.29869070E-02 0.30161246E-02 0.30629521E-02 0.31296876E-02 0.32188959E-02 0.33335660E-02 0.34773099E-02 0.36546037E-02 0.38710555E-02 0.41336875E-02 0.44512069E-02 0.48342279E-02 0.52954168E-02 0.58495031E-02 0.65131334E-02 0.73045247E-02 0.82429119E-02 0.93478075E-02 0.10638128E-01 0.12131295E-01 0.13842457E-01 0.15784018E-01 0.17965669E-01 0.20395058E-01 0.23079158E-01 0.26026214E-01 0.29247933E-01 0.32761414E-01 0.36590137E-01 0.40763381E-01 0.45313614E-01 0.50271794E-01 0.55661016E-01 0.61489444E-01 0.67743661E-01 0.74383576E-01 0.81339427E-01 0.88510636E-01 0.95765306E-01 0.10293873E+00 0.10982948E+00 0.11619362E+00 0.12174114E+00 0.12614418E+00 0.12907230E+00 0.13027085E+00 0.12968657E+00
0.34117031E-02 0.34119402E-02 0.34293887E-02 0.34665658E-02 0.35262057E-02 0.36114116E-02 0.37258599E-02 0.38740517E-02 0.40616102E-02 0.42956065E-02 0.45848944E-02 0.49404125E-02 0.53754285E-02 0.59056572E-02 0.65492144E-02 0.73263557E-02 0.82589689E-02 0.93698170E-02 0.10681572E-01 0.12215736E-01 0.13991604E-01 0.16025511E-01 0.18330607E-01 0.20917430E-01 0.23795454E-01 0.26975596E-01 0.30473410E-01 0.34312391E-01 0.38526483E-01 0.43160785E-01 0.48269492E-01 0.53910554E-01 0.60137104E-01 0.66986609E-01 0.74469227E-01 0.82557247E-01 0.91177136E-01 0.10020498E+00 0.10946463E+00 0.11872688E+00 0.12770713E+00 0.13606033E+00 0.14337482E+00 0.14917330E+00 0.15293841E+00 0.15418934E+00 0.15263445E+00 0.14839542E+00
0.39097017E-02 0.38927441E-02 0.38949595E-02 0.39193035E-02 0.39690299E-02 0.40478883E-02 0.41603790E-02 0.43120658E-02 0.45099375E-02 0.47627940E-02 0.50816344E-02 0.54799966E-02 0.59741995E-02 0.65834258E-02 0.73295862E-02 0.82369110E-02 0.93312390E-02 0.10639020E-01 0.12186106E-01 0.13996474E-01 0.16091153E-01 0.18487670E-01 0.21200382E-01 0.24242051E-01 0.27626810E-01 0.31374406E-01 0.35515134E-01 0.40094441E-01 0.45175754E-01 0.50840004E-01 0.57180546E-01 0.64292982E-01 0.72260398E-01 0.81135730E-01 0.90923784E-01 0.10156576E+00 0.11292831E+00 0.12479776E+00 0.13687834E+00 0.14879153E+00 0.16007331E+00 0.17016814E+00 0.17842421E+00 0.18410501E+00 0.18644728E+00 0.18480830E+00 0.17893520E+00 0.16932364E+00
0.44741286E-02 0.44355102E-02 0.44182935E-02 0.44259513E-02 0.44623533E-02 0.45320146E-02 0.46404086E-02 0.47943475E-02 0.50024146E-02 0.52754189E-02 0.56268298E-02 0.60731491E-02 0.66341413E-02 0.73328572E-02 0.81953765E-02 0.92502125E-02 0.10527362E-01 0.12057036E-01 0.13868207E-01 0.15987224E-01 0.18436854E-01 0.21236256E-01 0.24402366E-01 0.27953122E-01 0.31912634E-01 0.36317869E-01 0.41225814E-01 0.46719330E-01 0.52909485E-01 0.59932159E-01 0.67937404E-01 0.77071303E-01 0.87451835E-01 0.99141903E-01 0.11212357E+00 0.12627754E+00 0.14137024E+00 0.15704883E+00 0.17284109E+00 0.18815600E+00 0.20228067E+00 0.21437367E+00 0.22346420E+00 0.22848352E+00 0.22837733E+00 0.22236240E+00 0.21035882E+00 0.19349634E+00
0.51133780E-02 0.50476031E-02 0.50058028E-02 0.49920560E-02 0.50109553E-02 0.50679064E-02 0.51695140E-02 0.53240346E-02 0.55418827E-02 0.58361524E-02 0.62231076E-02 0.67225693E-02 0.73581198E-02 0.81570413E-02 0.91499012E-02 0.10369735E-01 0.11850816E-01 0.13627118E-01 0.15730660E-01 0.18190158E-01 0.21030492E-01 0.24273705E-01 0.27942164E-01 0.32064359E-01 0.36683221E-01 0.41866071E-01 0.47714260E-01 0.54369677E-01 0.62014800E-01 0.70863404E-01 0.81140344E-01 0.93051098E-01 0.10674452E+00 0.12227414E+00 0.13956454E+00 0.15838793E+00 0.17835332E+00 0.19890644E+00 0.21933466E+00 0.23876963E+00 0.25618258E+00 0.27037539E+00 0.27998607E+00 0.28355227E+00 0.27970628E+00 0.26758503E+00 0.24746213E+00 0.22136252E+00
0.58378062E-02 0.57380257E-02 0.56652439E-02 0.56242450E-02 0.56204534E-02 0.56603022E-02 0.57516877E-02 0.59045039E-02 0.61312286E-02 0.64475139E-02 0.68727230E-02 0.74303243E-02 0.81480522E-02 0.90577289E-02 0.10194659E-01 0.11596552E-01 0.13302008E-01 0.15348710E-01 0.17771715E-01 0.20602379E-01 0.23868739E-01 0.27598260E-01 0.31823783E-01 0.36593048E-01 0.41981284E-01 0.48105068E-01 0.55134205E-01 0.63297217E-01 0.72875843E-01 0.84184934E-01 0.97536768E-01 0.11319273E+00 0.13130886E+00 0.15188468E+00 0.17472487E+00 0.19942014E+00 0.22534785E+00 0.25168556E+00 0.27742556E+00 0.30137833E+00 0.32215969E+00 0.33817224E+00 0.34761617E+00 0.34859820E+00 0.33944182E+00 0.31929374E+00 0.28896801E+00 0.25155712E+00
0.66604113E-02 0.65179929E-02 0.64062004E-02 0.63306222E-02 0.62976324E-02 0.63148230E-02 0.63915391E-02 0.65394988E-02 0.67734606E-02 0.71118846E-02 0.75775073E-02 0.81977326E-02 0.90047235E-02 0.10035078E-01 0.11329007E-01 0.12928966E-01 0.14877854E-01 0.17217044E-01 0.19984793E-01 0.23215875E-01 0.26943553E-01 0.31205091E-01 0.36051757E-01 0.41563443E-01 0.47866599E-01 0.55152223E-01 0.63688679E-01 0.73822876E-01 0.85963503E-01 0.10054263E+00 0.11795644E+00 0.13849203E+00 0.16225267E+00 0.18909716E+00 0.21860722E+00 0.25008956E+00 0.28260688E+00 0.31502020E+00 0.34601728E+00 0.37410730E+00 0.39757992E+00 0.41445613E+00 0.42249536E+00 0.41936325E+00 0.40309311E+00 0.37292686E+00 0.33035403E+00 0.27954644E+00
0.75976242E-02 0.74016066E-02 0.72406459E-02 0.71212419E-02 0.70508272E-02 0.70382788E-02 0.70945338E-02 0.72333022E-02 0.74718147E-02 0.78315532E-02 0.83388560E-02 0.90252893E-02 0.99276487E-02 0.11087465E-01 0.12549926E-01 0.14362230E-01 0.16571530E-01 0.19222950E-01 0.22358448E-01 0.26017746E-01 0.30242824E-01 0.35087478E-01 0.40632901E-01 0.47008825E-01 0.54417545E-01 0.63155346E-01 0.73623281E-01 0.86318060E-01 0.10179511E+00 0.12060088E+00 0.14317885E+00 0.16976376E+00 0.20028642E+00 0.23431502E+00 0.27105281E+00 0.30939559E+00 0.34802783E+00 0.38551457E+00 0.42033953E+00 0.45085937E+00 0.47518579E+00 0.49106135E+00 0.49584375E+00 0.48675017E+00 0.46151600E+00 0.41950812E+00 0.36292481E+00 0.29687532E+00
0.86701833E-02 0.84065901E-02 0.81835700E-02 0.80086283E-02 0.78903560E-02 0.78390198E-02 0.78672709E-02 0.79909464E-02 0.82299018E-02 0.86088030E-02 0.91577560E-02 0.99126414E-02 0.10915005E-01 0.12211369E-01 0.13851888E-01 0.15888429E-01 0.18372378E-01 0.21352860E-01 0.24876531E-01 0.28990593E-01 0.33750992E-01 0.39237555E-01 0.45576780E-01 0.52970752E-01 0.61727281E-01 0.72282529E-01 0.85204163E-01 0.10116231E+00 0.12085915E+00 0.14491612E+00 0.17373092E+00 0.20733199E+00 0.24527027E+00 0.28659100E+00 0.32991239E+00 0.37360096E+00 0.41598560E+00 0.45551596E+00 0.49077554E+00 0.52031518E+00 0.54236317E+00 0.55455417E+00 0.55387235E+00 0.53701233E+00 0.50130777E+00 0.44617129E+00 0.37443385E+00 0.29196265E+00
0.99040372E-02 0.95550607E-02 0.92536244E-02 0.90083174E-02 0.88289652E-02 0.87273031E-02 0.87177795E-02 0.88184465E-02 0.90518823E-02 0.94460336E-02 0.10034862E-01 0.10858624E-01 0.11963636E-01 0.13401368E-01 0.15226844E-01 0.17496499E-01 0.20265996E-01 0.23588995E-01 0.27518488E-01 0.32112889E-01 0.37449329E-01 0.43646054E-01 0.50894010E-01 0.59494240E-01 0.69892956E-01 0.82700815E-01 0.98679282E-01 0.11867733E+00 0.14350813E+00 0.17376991E+00 0.20963681E+00 0.25067071E+00 0.29572460E+00 0.34300595E+00 0.39032931E+00 0.43550781E+00 0.47674365E+00 0.51283206E+00 0.54304227E+00 0.56667610E+00 0.58246690E+00 0.58808927E+00 0.58007273E+00 0.55435878E+00 0.50760868E+00 0.43905485E+00 0.35200790E+00 0.25304581E+00
0.11331187E-01 0.10874241E-01 0.10473725E-01 0.10139365E-01 0.98822611E-02 0.97156510E-02 0.96558104E-02 0.97230384E-02 0.99426579E-02 0.10345913E-01 0.10970613E-01 0.11861356E-01 0.13069134E-01 0.14650225E-01 0.16664346E-01 0.19172392E-01 0.22234473E-01 0.25909673E-01 0.30259691E-01 0.35359155E-01 0.41315562E-01 0.48300604E-01 0.56591804E-01 0.66618261E-01 0.78997605E-01 0.94544373E-01 0.11422603E+00 0.13904478E+00 0.16983515E+00 0.20699124E+00 0.25017416E+00 0.29809204E+00 0.34847385E+00 0.39833941E+00 0.44457335E+00 0.48465005E+00 0.51721175E+00 0.54219096E+00 0.56034509E+00 0.57234641E+00 0.57777751E+00 0.57442573E+00 0.55821099E+00 0.52399103E+00 0.46732072E+00 0.38682050E+00 0.28598628E+00 0.17219336E+00
0.12990370E-01 0.12397040E-01 0.11871544E-01 0.11424762E-01 0.11069057E-01 0.10819146E-01 0.10693092E-01 0.10713393E-01 0.10908056E-01 0.11311538E-01 0.11965388E-01 0.12918385E-01 0.14226000E-01 0.15949074E-01 0.18151785E-01 0.20899384E-01 0.24256757E-01 0.28289694E-01 0.33071697E-01 0.38699798E-01 0.45322667E-01 0.53182386E-01 0.62666774E-01 0.74362049E-01 0.89086377E-01 0.10787621E+00 0.13189307E+00 0.16222317E+00 0.19956213E+00 0.24381760E+00 0.29372359E+00 0.34662985E+00 0.39866305E+00 0.44538795E+00 0.48288263E+00 0.50885062E+00 0.52323006E+00 0.52793027E+00 0.52578176E+00 0.51917449E+00 0.50887305E+00 0.49325184E+00 0.46809625E+00 0.42730597E+00 0.36487060E+00 0.27786576E+00 0.16899399E+00 0.46039863E-01
0.14927464E-01 0.14162389E-01 0.13479793E-01 0.12891674E-01 0.12411586E-01 0.12055617E-01 0.11843496E-01 0.11799777E-01 0.11954983E-01 0.12346595E-01 0.13019664E-01 0.14026880E-01 0.15427873E-01 0.17287708E-01 0.19674729E-01 0.22658481E-01 0.26309108E-01 0.30700743E-01 0.35922404E-01 0.42100564E-01 0.49436876E-01 0.58261459E-01 0.69095737E-01 0.82709011E-01 0.10014078E+00 0.12265014E+00 0.15154900E+00 0.18788544E+00 0.23197650E+00 0.28285692E+00 0.33781302E+00 0.39227537E+00 0.44035981E+00 0.47614893E+00 0.49536921E+00 0.49668313E+00 0.48183480E+00 0.45458829E+00 0.41927464E+00 0.37988166E+00 0.33969105E+00 0.30055675E+00 0.26138276E+00 0.21698465E+00 0.15929504E+00 0.81360136E-01 -0.18114428E-01 -0.13342993E+00
