Basic/Day4/qtaim/mof/mof_pl2d.SURFLAPP
DSAA
 161 161
-0.75589045E+01  0.75589045E+01  0.94486307E-01
-0.75589045E+01  0.75589045E+01  0.94486307E-01
 0.00000000E+00  0.00000000E+00
[rows 63 to 83 of 161, columns 96 to 143 of 161]
0.23702784E+00 0.26010468E+00 0.28140718E+00 0.30006885E+00 0.31535170E+00 0.32668354E+00 0.33366924E+00 0.33608388E+00 0.33385973E+00 0.32707738E+00 0.31596668E+00 0.30091550E+00 0.28247765E+00 0.26136745E+00 0.23843020E+00 0.21458463E+00 0.19074361E+00 0.16772816E+00 0.14619390E+00 0.12658530E+00 0.10912573E+00 0.93840985E-01 0.80606521E-01 0.69204986E-01 0.59381227E-01 0.50885492E-01 0.43500685E-01 0.37053882E-01 0.31415585E-01 0.26491557E-01 0.22211841E-01 0.18520399E-01 0.15367265E-01 0.12703782E-01 0.10480569E-01 0.86474248E-02 0.71543483E-02 0.59529568E-02 0.49978560E-02 0.42476966E-02 0.36658316E-02 0.32205855E-02 0.28851977E-02 0.26375233E-02 0.24595746E-02 0.23369671E-02 0.22583425E-02 0.22147985E-02
0.30335406E+00 0.33261124E+00 0.35908675E+00 0.38180769E+00 0.40004631E+00 0.41332457E+00 0.42137649E+00 0.42409055E+00 0.42145680E+00 0.41353883E+00 0.40048097E+00 0.38254864E+00 0.36018635E+00 0.33406766E+00 0.30510906E+00 0.27442869E+00 0.24324902E+00 0.21276369E+00 0.18400205E+00 0.15772568E+00 0.13437903E+00 0.11409842E+00 0.96767602E-01 0.82099196E-01 0.69720116E-01 0.59244024E-01 0.50321405E-01 0.42665464E-01 0.36057611E-01 0.30339253E-01 0.25396960E-01 0.21146729E-01 0.17520865E-01 0.14458970E-01 0.11902974E-01 0.97952994E-02 0.80790350E-02 0.66990867E-02 0.56035678E-02 0.47450011E-02 0.40811273E-02 0.35752839E-02 0.31964049E-02 0.29187259E-02 0.27212895E-02 0.25873346E-02 0.25036369E-02 0.24598593E-02
0.37934749E+00 0.41358672E+00 0.44352435E+00 0.46830684E+00 0.48749496E+00 0.50098724E+00 0.50889015E+00 0.51137720E+00 0.50857481E+00 0.50050327E+00 0.48708868E+00 0.46824736E+00 0.44402421E+00 0.41474609E+00 0.38113715E+00 0.34434569E+00 0.30585757E+00 0.26731182E+00 0.23027034E+00 0.19600879E+00 0.16538201E+00 0.13878685E+00 0.11621225E+00 0.97345789E-01 0.81700208E-01 0.68729146E-01 0.57913644E-01 0.48812998E-01 0.41083360E-01 0.34472877E-01 0.28803750E-01 0.23950211E-01 0.19818503E-01 0.16331895E-01 0.13421326E-01 0.11020784E-01 0.90659699E-02 0.74948052E-02 0.62486782E-02 0.52737270E-02 0.45217951E-02 0.39509387E-02 0.35255015E-02 0.32158412E-02 0.29978089E-02 0.28520822E-02 0.27634272E-02 0.27199629E-02
0.45846562E+00 0.49414452E+00 0.52347567E+00 0.54613736E+00 0.56240763E+00 0.57294759E+00 0.57854416E+00 0.57986788E+00 0.57728611E+00 0.57076138E+00 0.55985796E+00 0.54386691E+00 0.52203889E+00 0.49388317E+00 0.45945770E+00 0.41955462E+00 0.37570161E+00 0.32995885E+00 0.28457036E+00 0.24158343E+00 0.20255103E+00 0.16838528E+00 0.13936710E+00 0.11527013E+00 0.95538515E-01 0.79464723E-01 0.66331756E-01 0.55505039E-01 0.46475176E-01 0.38862715E-01 0.32399484E-01 0.26900146E-01 0.22233781E-01 0.18301051E-01 0.15018708E-01 0.12310872E-01 0.10105289E-01 0.83326858E-02 0.69276049E-02 0.58296637E-02 0.49846332E-02 0.43450840E-02 0.38705569E-02 0.35273291E-02 0.32878819E-02 0.31301816E-02 0.30368691E-02 0.29944312E-02
0.52953875E+00 0.56027288E+00 0.58230442E+00 0.59639608E+00 0.60403296E+00 0.60704571E+00 0.60723169E+00 0.60600635E+00 0.60411783E+00 0.60147575E+00 0.59714205E+00 0.58950070E+00 0.57658858E+00 0.55654721E+00 0.52812756E+00 0.49113058E+00 0.44663021E+00 0.39686332E+00 0.34479513E+00 0.29350955E+00 0.24563744E+00 0.20298943E+00 0.16645030E+00 0.13609046E+00 0.11139978E+00 0.91549528E-01 0.75616963E-01 0.62741361E-01 0.52207738E-01 0.43471504E-01 0.36144011E-01 0.29958834E-01 0.24734019E-01 0.20339529E-01 0.16673724E-01 0.13648945E-01 0.11184286E-01 0.92031039E-02 0.76330907E-02 0.64073378E-02 0.54654947E-02 0.47545486E-02 0.42291126E-02 0.38512516E-02 0.35899543E-02 0.34203725E-02 0.33229389E-02 0.32824486E-02
0.57762718E+00 0.59433460E+00 0.59996369E+00 0.59681936E+00 0.58800281E+00 0.57699838E+00 0.56719892E+00 0.56131821E+00 0.56079647E+00 0.56542893E+00 0.57338708E+00 0.58160932E+00 0.58638430E+00 0.58397451E+00 0.57124688E+00 0.54631665E+00 0.50908248E+00 0.46140550E+00 0.40675443E+00 0.34939633E+00 0.29344462E+00 0.24210827E+00 0.19733337E+00 0.15982872E+00 0.12934166E+00 0.10502561E+00 0.85780609E-01 0.70505224E-01 0.58245376E-01 0.48254311E-01 0.39990702E-01 0.33082809E-01 0.27281395E-01 0.22415946E-01 0.18361191E-01 0.15015276E-01 0.12287764E-01 0.10094486E-01 0.83563759E-02 0.70001374E-02 0.59593782E-02 0.51755246E-02 0.45982374E-02 0.41853197E-02 0.39022112E-02 0.37211981E-02 0.36204659E-02 0.35830903E-02
0.58614980E+00 0.57711501E+00 0.55392954E+00 0.52040866E+00 0.48175392E+00 0.44444874E+00 0.41547439E+00 0.40074706E+00 0.40336941E+00 0.42259844E+00 0.45410723E+00 0.49137014E+00 0.52735451E+00 0.55570294E+00 0.57124200E+00 0.57028255E+00 0.55112771E+00 0.51462760E+00 0.46424136E+00 0.40529396E+00 0.34367005E+00 0.28451657E+00 0.23142487E+00 0.18622693E+00 0.14925890E+00 0.11984361E+00 0.96784429E-01 0.78753573E-01 0.64538301E-01 0.53158059E-01 0.43887527E-01 0.36224436E-01 0.29834547E-01 0.24495816E-01 0.20053234E-01 0.16387852E-01 0.13398640E-01 0.10993739E-01 0.90875141E-02 0.76005377E-02 0.64605934E-02 0.56036912E-02 0.49746214E-02 0.45269656E-02 0.42226320E-02 0.40310503E-02 0.39281647E-02 0.38953423E-02
0.53816923E+00 0.48632934E+00 0.41257742E+00 0.32162675E+00 0.22261612E+00 0.12959242E+00 0.59131790E-01 0.25634090E-01 0.36451704E-01 0.89147351E-01 0.17228102E+00 0.26957069E+00 0.36528200E+00 0.44783380E+00 0.51021297E+00 0.54846644E+00 0.56056720E+00 0.54665333E+00 0.50980564E+00 0.45602790E+00 0.39299973E+00 0.32824207E+00 0.26762176E+00 0.21469563E+00 0.17084123E+00 0.13583305E+00 0.10852211E+00 0.87407121E-01 0.71018512E-01 0.58120916E-01 0.47778244E-01 0.39333800E-01 0.32350541E-01 0.26543301E-01 0.21720707E-01 0.17743481E-01 0.14498780E-01 0.11886874E-01 0.98158224E-02 0.82004313E-02 0.69630025E-02 0.60343910E-02 0.53547062E-02 0.48734393E-02 0.45490609E-02 0.43482149E-02 0.42446626E-02 0.42181094E-02
0.41341752E+00 0.28693806E+00 0.11605714E+00 -0.93181954E-01 -0.32064939E+00 -0.53270743E+00 -0.69089894E+00 -0.76364929E+00 -0.73511415E+00 -0.61000270E+00 -0.41392388E+00 -0.18611988E+00 0.34616681E-01 0.22230757E+00 0.36662978E+00 0.46729083E+00 0.52705113E+00 0.54873674E+00 0.53620728E+00 0.49605415E+00 0.43754137E+00 0.37075279E+00 0.30437210E+00 0.24432148E+00 0.19356140E+00 0.15268719E+00 0.12080728E+00 0.96343150E-01 0.77596740E-01 0.63072121E-01 0.51603850E-01 0.42360853E-01 0.34787112E-01 0.28523237E-01 0.23334891E-01 0.19059135E-01 0.15570024E-01 0.12759777E-01 0.10530451E-01 0.87915480E-02 0.74603263E-02 0.64628547E-02 0.57348475E-02 0.52219243E-02 0.48792856E-02 0.46709224E-02 0.45685194E-02 0.45502066E-02
0.18012009E+00 -0.84666891E-01 -0.44580431E+00 -0.88611995E+00 -0.13505699E+01 -0.17614205E+01 -0.20518058E+01 -0.21842759E+01 -0.21403739E+01 -0.19135084E+01 -0.15284521E+01 -0.10556617E+01 -0.58664676E+00 -0.19066483E+00 0.10636475E+00 0.31148373E+00 0.44275575E+00 0.51506702E+00 0.53814276E+00 0.52069364E+00 0.47357214E+00 0.40935883E+00 0.33986938E+00 0.27395069E+00 0.21670516E+00 0.16997020E+00 0.13337304E+00 0.10539384E+00 0.84161875E-01 0.67932852E-01 0.55304461E-01 0.45257767E-01 0.37105064E-01 0.30403319E-01 0.24869337E-01 0.20313435E-01 0.16595349E-01 0.13599088E-01 0.11221050E-01 0.93659461E-02 0.79465072E-02 0.68844646E-02 0.61115041E-02 0.55696684E-02 0.52111226E-02 0.49973926E-02 0.48982385E-02 0.48903356E-02
-0.21180227E+00 -0.72517632E+00 -0.14162035E+01 -0.22001838E+01 -0.29017768E+01 -0.33607374E+01 -0.35732777E+01 -0.36765849E+01 -0.37420069E+01 -0.36488447E+01 -0.32338402E+01 -0.25075204E+01 -0.16597947E+01 -0.89768292E+00 -0.32454949E+00 0.59950933E-01 0.30138174E+00 0.44356835E+00 0.51362043E+00 0.52738203E+00 0.49842756E+00 0.44175851E+00 0.37235532E+00 0.30234403E+00 0.23944508E+00 0.18715003E+00 0.14588575E+00 0.11435218E+00 0.90584176E-01 0.72618775E-01 0.58821855E-01 0.47981491E-01 0.39270706E-01 0.32156279E-01 0.26301721E-01 0.21488172E-01 0.17560070E-01 0.14393135E-01 0.11878475E-01 0.99165436E-02 0.84161004E-02 0.72950383E-02 0.64814400E-02 0.59141227E-02 0.55425036E-02 0.53258778E-02 0.52322711E-02 0.52370520E-02
-0.82107511E+00 -0.17214796E+01 -0.28210105E+01 -0.37266687E+01 -0.38383301E+01 -0.28730346E+01 -0.14555238E+01 -0.85589273E+00 -0.17320617E+01 -0.33501431E+01 -0.43944999E+01 -0.42425438E+01 -0.32226390E+01 -0.19939281E+01 -0.98830034E+00 -0.31267717E+00 0.97793068E-01 0.33591733E+00 0.46457432E+00 0.51651128E+00 0.51125265E+00 0.46657791E+00 0.40045849E+00 0.32837093E+00 0.26094517E+00 0.20365241E+00 0.15797222E+00 0.12298566E+00 0.96722561E-01 0.77044498E-01 0.62102690E-01 0.50496411E-01 0.41258168E-01 0.33761908E-01 0.27615569E-01 0.22569729E-01 0.18452995E-01 0.15132846E-01 0.12495489E-01 0.10437653E-01 0.88646737E-02 0.76911230E-02 0.68419339E-02 0.62530825E-02 0.58715628E-02 0.56547052E-02 0.55690166E-02 0.55887314E-02
-0.16739294E+01 -0.30244865E+01 -0.41906520E+01 -0.36887064E+01 0.46871110E+00 0.88564150E+01 0.18305036E+02 0.22519068E+02 0.17958793E+02 0.82344730E+01 -0.29051305E+00 -0.44244683E+01 -0.47787202E+01 -0.34211673E+01 -0.19077440E+01 -0.82069573E+00 -0.16799156E+00 0.19803582E+00 0.39682408E+00 0.49160692E+00 0.51334862E+00 0.48372102E+00 0.42346392E+00 0.35118889E+00 0.28047052E+00 0.21892445E+00 0.16925536E+00 0.13105590E+00 0.10243537E+00 0.81129647E-01 0.65102268E-01 0.52776965E-01 0.43051433E-01 0.35208740E-01 0.28801684E-01 0.23550294E-01 0.19267420E-01 0.15812557E-01 0.13067411E-01 0.10925479E-01 0.92891863E-02 0.80702753E-02 0.71909779E-02 0.65848245E-02 0.61967226E-02 0.59823200E-02 0.59068342E-02 0.59435469E-02
-0.26999367E+01 -0.42874906E+01 -0.41515290E+01 0.22092267E+01 0.21277757E+02 0.57481514E+02 0.10169593E+03 0.12332006E+03 0.10170139E+03 0.57152173E+02 0.20597767E+02 0.14141999E+01 -0.48554775E+01 -0.47867165E+01 -0.29935479E+01 -0.14390910E+01 -0.48145241E+00 0.41966112E-01 0.31975749E+00 0.45884484E+00 0.50797815E+00 0.49439102E+00 0.44141542E+00 0.37034945E+00 0.29747002E+00 0.23249155E+00 0.17939044E+00 0.13834037E+00 0.10759283E+00 0.84805840E-01 0.67788408E-01 0.54809946E-01 0.44645879E-01 0.36495246E-01 0.29859153E-01 0.24428733E-01 0.20001899E-01 0.16430658E-01 0.13592647E-01 0.11378550E-01 0.96883233E-02 0.84313140E-02 0.75274655E-02 0.69082378E-02 0.65167803E-02 0.63073369E-02 0.62440642E-02 0.62994716E-02
-0.37039716E+01 -0.49040529E+01 -0.79861315E+00 0.20068425E+02 0.81117487E+02 0.21543703E+03 0.39563258E+03 0.48664016E+03 0.39820726E+03 0.21775909E+03 0.81688845E+02 0.19689289E+02 -0.13913558E+01 -0.54041668E+01 -0.40152091E+01 -0.20816052E+01 -0.80443231E+00 -0.11208785E+00 0.24574029E+00 0.42603998E+00 0.49966259E+00 0.50074832E+00 0.45500189E+00 0.38579199E+00 0.31160733E+00 0.24399291E+00 0.18809365E+00 0.14465196E+00 0.11208897E+00 0.88023260E-01 0.70144826E-01 0.56596159E-01 0.46049152E-01 0.37630395E-01 0.30795827E-01 0.25211062E-01 0.20660694E-01 0.16990030E-01 0.14073074E-01 0.11798047E-01 0.10062767E-01 0.87745358E-02 0.78513556E-02 0.72229467E-02 0.68309974E-02 0.66286055E-02 0.65790777E-02 0.66543189E-02
-0.44490301E+01 -0.44789154E+01 0.64848787E+01 0.53742744E+02 0.21029811E+03 0.58129786E+03 0.11012324E+04 0.13237184E+04 0.11109413E+04 0.59187871E+03 0.21528468E+03 0.54784076E+02 0.63679151E+01 -0.48097626E+01 -0.47012303E+01 -0.26142963E+01 -0.10766020E+01 -0.23683670E+00 0.18861374E+00 0.40120774E+00 0.49313367E+00 0.50528966E+00 0.46525247E+00 0.39772462E+00 0.32273217E+00 0.25318846E+00 0.19515772E+00 0.14985265E+00 0.11585074E+00 0.90755701E-01 0.72173386E-01 0.58151129E-01 0.47281186E-01 0.38633501E-01 0.31628223E-01 0.25910456E-01 0.21253902E-01 0.17498229E-01 0.14514267E-01 0.12188022E-01 0.10415397E-01 0.91018880E-02 0.81638168E-02 0.75294288E-02 0.71391996E-02 0.69452975E-02 0.69103601E-02 0.70058307E-02
-0.48108608E+01 -0.34053404E+01 0.14923327E+02 0.94416162E+02 0.37964727E+03 0.10771936E+04 0.51181918E+03 -0.54212394E+04 0.38913190E+03 0.11004651E+04 0.39207065E+03 0.98033214E+02 0.15626322E+02 -0.34055300E+01 -0.49227844E+01 -0.29097049E+01 -0.12333727E+01 -0.30457248E+00 0.16070084E+00 0.39081522E+00 0.49217876E+00 0.51012217E+00 0.47313386E+00 0.40643307E+00 0.33080667E+00 0.25993987E+00 0.20045342E+00 0.15385975E+00 0.11884304E+00 0.93003124E-01 0.73894707E-01 0.59504607E-01 0.48373317E-01 0.39533351E-01 0.32380847E-01 0.26546838E-01 0.21797256E-01 0.17967448E-01 0.14925548E-01 0.12555512E-01 0.10751426E-01 0.94171069E-02 0.84673608E-02 0.78291416E-02 0.74418955E-02 0.72570257E-02 0.72366371E-02 0.73518195E-02
-0.48261139E+01 -0.26988507E+01 0.19013258E+02 0.11425009E+03 0.46184184E+03 0.12726576E+04 -0.50467856E+04 -0.41793293E+07 -0.61101539E+04 0.12924382E+04 0.48008228E+03 0.12015572E+03 0.20548769E+02 -0.23198487E+01 -0.47561860E+01 -0.29026757E+01 -0.12327480E+01 -0.29766227E+00 0.16890538E+00 0.39808065E+00 0.49866577E+00 0.51634138E+00 0.47917903E+00 0.41208648E+00 0.33581852E+00 0.26417885E+00 0.20392139E+00 0.15664531E+00 0.12106925E+00 0.94791377E-01 0.75346940E-01 0.60698855E-01 0.49366509E-01 0.40366689E-01 0.33085056E-01 0.27146095E-01 0.22311650E-01 0.18414281E-01 0.15319921E-01 0.12910567E-01 0.11078489E-01 0.97258397E-02 0.87659784E-02 0.81246661E-02 0.77404290E-02 0.75640053E-02 0.75570524E-02 0.76903704E-02
-0.45653977E+01 -0.29606791E+01 0.15642678E+02 0.95162043E+02 0.37805937E+03 0.10624824E+04 0.42739376E+03 -0.56333206E+04 0.31693510E+03 0.10942307E+04 0.39545074E+03 0.10127295E+03 0.17575935E+02 -0.23077788E+01 -0.43361023E+01 -0.26065699E+01 -0.10745334E+01 -0.21692325E+00 0.21182783E+00 0.42195407E+00 0.51203684E+00 0.52369597E+00 0.48326712E+00 0.41461027E+00 0.33771725E+00 0.26587898E+00 0.20556066E+00 0.15823116E+00 0.12256816E+00 0.96169325E-01 0.76582844E-01 0.61785849E-01 0.50308921E-01 0.41176245E-01 0.33777584E-01 0.27739073E-01 0.22822514E-01 0.18859377E-01 0.15713924E-01 0.13266247E-01 0.11406723E-01 0.10035779E-01 0.90653071E-02 0.84198933E-02 0.80371784E-02 0.78672704E-02 0.78714032E-02 0.80201023E-02
-0.40278728E+01 -0.37137104E+01 0.77714080E+01 0.55466994E+02 0.21085976E+03 0.57411623E+03 0.10756063E+04 0.12854658E+04 0.10937741E+04 0.59384438E+03 0.22219730E+03 0.60016018E+02 0.95710360E+01 -0.29747936E+01 -0.37106306E+01 -0.20958639E+01 -0.80053228E+00 -0.82204228E-01 0.27983160E+00 0.45733792E+00 0.52945068E+00 0.53063673E+00 0.48462341E+00 0.41367144E+00 0.33639950E+00 0.26504442E+00 0.20542032E+00 0.15868237E+00 0.12340843E+00 0.97204052E-01 0.77665647E-01 0.62823792E-01 0.51253084E-01 0.42008568E-01 0.34498972E-01 0.28360499E-01 0.23359140E-01 0.19327077E-01 0.16127490E-01 0.13638632E-01 0.11748888E-01 0.10356849E-01 0.93728588E-02 0.87202792E-02 0.83358309E-02 0.81689606E-02 0.81804435E-02 0.83404928E-02
-0.32174283E+01 -0.40212577E+01 0.73202617E+00 0.22431213E+02 0.84049295E+02 0.21750456E+03 0.39503863E+03 0.48594098E+03 0.40255218E+03 0.22615067E+03 0.89551359E+02 0.25242293E+02 0.21141843E+01 -0.33579536E+01 -0.28936816E+01 -0.14819866E+01 -0.47690404E+00 0.75514706E-01 0.35830724E+00 0.49654828E+00 0.54653076E+00 0.53472535E+00 0.48203439E+00 0.40877967E+00 0.33174828E+00 0.26171950E+00 0.20359692E+00 0.15810086E+00 0.12368189E+00 0.97975025E-01 0.78664303E-01 0.63873414E-01 0.52253106E-01 0.42911980E-01 0.35292124E-01 0.29048037E-01 0.23954113E-01 0.19845141E-01 0.16583895E-01 0.14046931E-01 0.12120581E-01 0.10701488E-01 0.96983450E-02 0.90331941E-02 0.86417463E-02 0.84726955E-02 0.84862647E-02 0.86522656E-02
