Basic/Day4/qtaim/mof/mof_pl2d.SURFELFB
DSAA
 161 161
-0.75589045E+01  0.75589045E+01  0.94486307E-01
-0.75589045E+01  0.75589045E+01  0.94486307E-01
 0.00000000E+00  0.00000000E+00
[rows 66 to 87 of 161, columns 48 to 95 of 161]
0.45912158E+00 0.49702074E+00 0.53305526E+00 0.56544930E+00 0.59270911E+00 0.61368662E+00 0.62752618E+00 0.63353387E+00 0.63102319E+00 0.61919096E+00 0.59707647E+00 0.56367260E+00 0.51827665E+00 0.46114008E+00 0.39430257E+00 0.32213801E+00 0.25088510E+00 0.18689678E+00 0.13451348E+00 0.95021918E-01 0.67191695E-01 0.48594987E-01 0.36739853E-01 0.29649668E-01 0.26017546E-01 0.25181634E-01 0.27099500E-01 0.32422828E-01 0.42719828E-01 0.60807315E-01 0.90906638E-01 0.13785875E+00 0.20447814E+00 0.28784171E+00 0.37844434E+00 0.46477628E+00 0.53911957E+00 0.59925869E+00 0.64659203E+00 0.68376993E+00 0.71333560E+00 0.73726148E+00 0.75692949E+00 0.77325918E+00 0.78685526E+00 0.79813071E+00 0.80739604E+00 0.81491687E+00
0.50856471E+00 0.54893747E+00 0.58709563E+00 0.62119602E+00 0.64978797E+00 0.67185582E+00 0.68672045E+00 0.69385595E+00 0.69268650E+00 0.68241406E+00 0.66192146E+00 0.62981601E+00 0.58472431E+00 0.52597674E+00 0.45469868E+00 0.37489034E+00 0.29348849E+00 0.21855685E+00 0.15632213E+00 0.10921226E+00 0.76154956E-01 0.54273128E-01 0.40480270E-01 0.32312967E-01 0.28148201E-01 0.27158746E-01 0.29260355E-01 0.35182571E-01 0.46720046E-01 0.67108645E-01 0.10115247E+00 0.15413055E+00 0.22844210E+00 0.31940756E+00 0.41530818E+00 0.50365209E+00 0.57735427E+00 0.63544006E+00 0.68028336E+00 0.71504530E+00 0.74244658E+00 0.76446360E+00 0.78241328E+00 0.79713820E+00 0.80918110E+00 0.81891664E+00 0.82663863E+00 0.83261199E+00
0.55766815E+00 0.60037981E+00 0.64045796E+00 0.67600001E+00 0.70564351E+00 0.72857435E+00 0.74436587E+00 0.75273409E+00 0.75328576E+00 0.74530285E+00 0.72758855E+00 0.69841935E+00 0.65571741E+00 0.59765532E+00 0.52390766E+00 0.43736785E+00 0.34518189E+00 0.25735643E+00 0.18285252E+00 0.12605423E+00 0.86378997E-01 0.60427537E-01 0.44308779E-01 0.34891676E-01 0.30124885E-01 0.28958381E-01 0.31241727E-01 0.37778796E-01 0.50603365E-01 0.73395970E-01 0.11155844E+00 0.17073627E+00 0.25267200E+00 0.35065471E+00 0.45081830E+00 0.54012196E+00 0.61247678E+00 0.66821087E+00 0.71055502E+00 0.74303869E+00 0.76845615E+00 0.78872787E+00 0.80508040E+00 0.81827689E+00 0.82880670E+00 0.83701494E+00 0.84318072E+00 0.84756189E+00
0.60534331E+00 0.64998690E+00 0.69144340E+00 0.72779229E+00 0.75783978E+00 0.78106227E+00 0.79736066E+00 0.80675066E+00 0.80907710E+00 0.80377932E+00 0.78970107E+00 0.76495228E+00 0.72690709E+00 0.67257523E+00 0.59975558E+00 0.50923554E+00 0.40719415E+00 0.30519590E+00 0.21580500E+00 0.14667912E+00 0.98483315E-01 0.67354229E-01 0.48350146E-01 0.37425877E-01 0.31943904E-01 0.30548690E-01 0.32986421E-01 0.40123195E-01 0.54237126E-01 0.79470063E-01 0.12182399E+00 0.18722447E+00 0.27652370E+00 0.38078633E+00 0.48418497E+00 0.57357313E+00 0.64411162E+00 0.69739245E+00 0.73734984E+00 0.76774723E+00 0.79137081E+00 0.81004875E+00 0.82491130E+00 0.83665161E+00 0.84571657E+00 0.85242423E+00 0.85702900E+00 0.85975992E+00
0.65038985E+00 0.69624510E+00 0.73822623E+00 0.77448314E+00 0.80409393E+00 0.82690095E+00 0.84316247E+00 0.85319149E+00 0.85706832E+00 0.85442465E+00 0.84425459E+00 0.82471829E+00 0.79296986E+00 0.74519998E+00 0.67737602E+00 0.58740891E+00 0.47879690E+00 0.36312423E+00 0.25676840E+00 0.17235324E+00 0.11322282E+00 0.75437987E-01 0.52785208E-01 0.39994806E-01 0.33631762E-01 0.31922539E-01 0.34456589E-01 0.42140027E-01 0.57490383E-01 0.85116021E-01 0.13160940E+00 0.20308585E+00 0.29930835E+00 0.40902594E+00 0.51472353E+00 0.60354361E+00 0.67202638E+00 0.72291378E+00 0.76068150E+00 0.78921389E+00 0.81123383E+00 0.82846307E+00 0.84194393E+00 0.85231339E+00 0.85998209E+00 0.86523253E+00 0.86826882E+00 0.86924675E+00
0.69166957E+00 0.73779537E+00 0.77932280E+00 0.81459166E+00 0.84303883E+00 0.86488926E+00 0.88071040E+00 0.89103508E+00 0.89611491E+00 0.89575843E+00 0.88917347E+00 0.87475047E+00 0.84977438E+00 0.81016939E+00 0.75067027E+00 0.66634792E+00 0.55660016E+00 0.43042842E+00 0.30665742E+00 0.20424471E+00 0.13140222E+00 0.85114913E-01 0.57830928E-01 0.42706094E-01 0.35240905E-01 0.33097926E-01 0.35638907E-01 0.43775478E-01 0.60247713E-01 0.90121697E-01 0.14055965E+00 0.21778552E+00 0.32033539E+00 0.43466036E+00 0.54187449E+00 0.62971097E+00 0.69610178E+00 0.74477972E+00 0.78061105E+00 0.80751590E+00 0.82812409E+00 0.84405415E+00 0.85627610E+00 0.86538252E+00 0.87174559E+00 0.87559089E+00 0.87702511E+00 0.87604764E+00
0.72831047E+00 0.77373242E+00 0.81395649E+00 0.84761718E+00 0.87453104E+00 0.89523314E+00 0.91047261E+00 0.92087504E+00 0.92677922E+00 0.92814540E+00 0.92442837E+00 0.91435239E+00 0.89556568E+00 0.86420519E+00 0.81459163E+00 0.73983262E+00 0.63501961E+00 0.50406465E+00 0.36504378E+00 0.24307044E+00 0.15373867E+00 0.96816599E-01 0.63711862E-01 0.45678870E-01 0.36839669E-01 0.34113397E-01 0.36544761E-01 0.45003548E-01 0.62421700E-01 0.94297590E-01 0.14833234E+00 0.23079924E+00 0.33895268E+00 0.45706740E+00 0.56520237E+00 0.65186569E+00 0.71629634E+00 0.76304023E+00 0.79722630E+00 0.82275368E+00 0.84215025E+00 0.85694514E+00 0.86805272E+00 0.87602748E+00 0.88119196E+00 0.88367809E+00 0.88341608E+00 0.88010375E+00
0.75985431E+00 0.80375598E+00 0.84214253E+00 0.87398319E+00 0.89939817E+00 0.91907094E+00 0.93375492E+00 0.94404526E+00 0.95032807E+00 0.95273604E+00 0.95100943E+00 0.94424544E+00 0.93053323E+00 0.90646123E+00 0.86655753E+00 0.80311988E+00 0.70800141E+00 0.57903179E+00 0.42969641E+00 0.28867703E+00 0.18067088E+00 0.11089542E+00 0.70626152E-01 0.49024147E-01 0.38499208E-01 0.35019271E-01 0.37205890E-01 0.45827280E-01 0.63961162E-01 0.97494514E-01 0.15462539E+00 0.24164807E+00 0.35457769E+00 0.47572642E+00 0.58437746E+00 0.66987571E+00 0.73261006E+00 0.77776219E+00 0.81062278E+00 0.83503767E+00 0.85343834E+00 0.86728267E+00 0.87744331E+00 0.88443723E+00 0.88851758E+00 0.88966723E+00 0.88751839E+00 0.88124020E+00
0.78628886E+00 0.82812399E+00 0.86449888E+00 0.89466692E+00 0.91888154E+00 0.93775151E+00 0.95186097E+00 0.96172457E+00 0.96783270E+00 0.97056938E+00 0.96999438E+00 0.96556040E+00 0.95576438E+00 0.93767394E+00 0.90630053E+00 0.85400019E+00 0.77095152E+00 0.64975647E+00 0.49673392E+00 0.33971620E+00 0.21213874E+00 0.12753264E+00 0.78707765E-01 0.52825395E-01 0.40280302E-01 0.35867218E-01 0.37666377E-01 0.46274249E-01 0.64853809E-01 0.99615678E-01 0.15919995E+00 0.24992701E+00 0.36671737E+00 0.49021347E+00 0.59914667E+00 0.68364809E+00 0.74505019E+00 0.78900350E+00 0.82088456E+00 0.84447185E+00 0.86211378E+00 0.87521497E+00 0.88461657E+00 0.89079417E+00 0.89390441E+00 0.89370659E+00 0.88937096E+00 0.87922265E+00
0.80796421E+00 0.84746426E+00 0.88192704E+00 0.91075915E+00 0.93411524E+00 0.95230067E+00 0.96563565E+00 0.97463252E+00 0.98002752E+00 0.98252443E+00 0.98246834E+00 0.97958768E+00 0.97270957E+00 0.95932510E+00 0.93497084E+00 0.89248570E+00 0.82166089E+00 0.71172555E+00 0.56150886E+00 0.39363395E+00 0.24740044E+00 0.14663996E+00 0.87986870E-01 0.57120864E-01 0.42222242E-01 0.36700593E-01 0.37973366E-01 0.46388842E-01 0.65122111E-01 0.10062111E+00 0.16189566E+00 0.25532507E+00 0.37497704E+00 0.50018625E+00 0.60929999E+00 0.69309198E+00 0.75359973E+00 0.79678848E+00 0.82806396E+00 0.85113426E+00 0.86828030E+00 0.88086893E+00 0.88971693E+00 0.89525260E+00 0.89750491E+00 0.89592475E+00 0.88903321E+00 0.87391227E+00
0.82543998E+00 0.86254704E+00 0.89532162E+00 0.92315177E+00 0.94586248E+00 0.96329951E+00 0.97555770E+00 0.98333189E+00 0.98773898E+00 0.98975712E+00 0.98986971E+00 0.98796904E+00 0.98315379E+00 0.97329011E+00 0.95440268E+00 0.91993653E+00 0.86004495E+00 0.76241153E+00 0.61981451E+00 0.44708726E+00 0.28498053E+00 0.16777886E+00 0.98352721E-01 0.61888684E-01 0.44334762E-01 0.37547168E-01 0.38168627E-01 0.46222731E-01 0.64815109E-01 0.10052512E+00 0.16263683E+00 0.25763648E+00 0.37906178E+00 0.50536537E+00 0.61463822E+00 0.69808510E+00 0.75818865E+00 0.80108372E+00 0.83215978E+00 0.85505549E+00 0.87199821E+00 0.88432900E+00 0.89284566E+00 0.89792441E+00 0.89943925E+00 0.89645756E+00 0.88667910E+00 0.86547462E+00
0.83931863E+00 0.87409987E+00 0.90539928E+00 0.93243220E+00 0.95454417E+00 0.97109325E+00 0.98209208E+00 0.98862468E+00 0.99221574E+00 0.99387270E+00 0.99399046E+00 0.99258450E+00 0.98904958E+00 0.98159476E+00 0.96666030E+00 0.93828770E+00 0.88732986E+00 0.80122263E+00 0.66876933E+00 0.49665034E+00 0.32281324E+00 0.19013058E+00 0.10952723E+00 0.67036125E-01 0.46593273E-01 0.38414871E-01 0.38282452E-01 0.45826061E-01 0.63997698E-01 0.99386690E-01 0.16143010E+00 0.25676481E+00 0.37877524E+00 0.50551855E+00 0.61494702E+00 0.69844592E+00 0.75866783E+00 0.80177387E+00 0.83309392E+00 0.85619618E+00 0.87326338E+00 0.88561884E+00 0.89404660E+00 0.89887105E+00 0.89979916E+00 0.89547733E+00 0.88267845E+00 0.85460439E+00
0.85010184E+00 0.88269257E+00 0.91265232E+00 0.93894157E+00 0.96041603E+00 0.97603913E+00 0.98590869E+00 0.99163925E+00 0.99495721E+00 0.99646589E+00 0.99643444E+00 0.99505858E+00 0.99207908E+00 0.98603104E+00 0.97364608E+00 0.94949418E+00 0.90525506E+00 0.82887142E+00 0.70703797E+00 0.53948454E+00 0.35855808E+00 0.21254231E+00 0.12105940E+00 0.72395215E-01 0.48937415E-01 0.39290380E-01 0.38330341E-01 0.45240838E-01 0.62740221E-01 0.97297750E-01 0.15835694E+00 0.25272244E+00 0.37402082E+00 0.50045450E+00 0.60998236E+00 0.69391416E+00 0.75478701E+00 0.79863793E+00 0.83068736E+00 0.85442384E+00 0.87198679E+00 0.88468511E+00 0.89329483E+00 0.89809774E+00 0.89864833E+00 0.89319768E+00 0.87761407E+00 0.84271912E+00
0.85808411E+00 0.88867612E+00 0.91736897E+00 0.94287742E+00 0.96369790E+00 0.97856943E+00 0.98776504E+00 0.99333045E+00 0.99670681E+00 0.99800965E+00 0.99777536E+00 0.99621903E+00 0.99328091E+00 0.98782918E+00 0.97677246E+00 0.95514563E+00 0.91550099E+00 0.84665371E+00 0.73451256E+00 0.57369712E+00 0.38997447E+00 0.23365091E+00 0.13234887E+00 0.77727376E-01 0.51273065E-01 0.40140135E-01 0.38312318E-01 0.44497188E-01 0.61110217E-01 0.94370642E-01 0.15356114E+00 0.24562805E+00 0.36481002E+00 0.49003279E+00 0.59947369E+00 0.68414458E+00 0.74618014E+00 0.79132876E+00 0.82463642E+00 0.84948939E+00 0.86797406E+00 0.88138169E+00 0.89048590E+00 0.89554586E+00 0.89601052E+00 0.88983767E+00 0.87219368E+00 0.83189981E+00
0.86328948E+00 0.89214883E+00 0.91965110E+00 0.94433743E+00 0.96455829E+00 0.97901589E+00 0.98805928E+00 0.99374685E+00 0.99714403E+00 0.99828911E+00 0.99789176E+00 0.99610258E+00 0.99299676E+00 0.98756049E+00 0.97680519E+00 0.95625958E+00 0.91936372E+00 0.85590483E+00 0.75178353E+00 0.59833294E+00 0.41522087E+00 0.25205626E+00 0.14270019E+00 0.82738919E-01 0.53478057E-01 0.40913291E-01 0.38214311E-01 0.43612421E-01 0.59167384E-01 0.90727744E-01 0.14723732E+00 0.23570545E+00 0.35128039E+00 0.47419568E+00 0.58315336E+00 0.66872343E+00 0.73236673E+00 0.77936171E+00 0.81449351E+00 0.84100494E+00 0.86090469E+00 0.87545290E+00 0.88542339E+00 0.89108085E+00 0.89184463E+00 0.88554984E+00 0.86704457E+00 0.82425638E+00
0.86544687E+00 0.89293993E+00 0.91940132E+00 0.94328542E+00 0.96300256E+00 0.97736970E+00 0.98661121E+00 0.99238924E+00 0.99581114E+00 0.99701223E+00 0.99642614E+00 0.99440688E+00 0.99110560E+00 0.98519617E+00 0.97386530E+00 0.95325406E+00 0.91764407E+00 0.85769120E+00 0.75965931E+00 0.61312929E+00 0.43300230E+00 0.26649977E+00 0.15140108E+00 0.87107285E-01 0.55411620E-01 0.41546298E-01 0.38011073E-01 0.42592434E-01 0.56961926E-01 0.86494604E-01 0.13962039E+00 0.22328142E+00 0.33372332E+00 0.45302608E+00 0.56082298E+00 0.64722206E+00 0.71278370E+00 0.76212520E+00 0.79966124E+00 0.82842809E+00 0.85031279E+00 0.86651556E+00 0.87780376E+00 0.88447643E+00 0.88601432E+00 0.88033875E+00 0.86245912E+00 0.82088278E+00
0.86395411E+00 0.89060210E+00 0.91630019E+00 0.93949482E+00 0.95879764E+00 0.97324945E+00 0.98290104E+00 0.98883886E+00 0.99217075E+00 0.99337543E+00 0.99279816E+00 0.99081767E+00 0.98711802E+00 0.98014348E+00 0.96752747E+00 0.94606091E+00 0.91068755E+00 0.85268806E+00 0.75884345E+00 0.61821406E+00 0.44257886E+00 0.27600915E+00 0.15781056E+00 0.90515326E-01 0.56927088E-01 0.41968848E-01 0.37670208E-01 0.41434896E-01 0.54535938E-01 0.81797016E-01 0.13097771E+00 0.20878572E+00 0.31261865E+00 0.42683053E+00 0.53246553E+00 0.61930581E+00 0.68687083E+00 0.73893580E+00 0.77941874E+00 0.81106581E+00 0.83557738E+00 0.85404348E+00 0.86720036E+00 0.87539814E+00 0.87826353E+00 0.87400665E+00 0.85823893E+00 0.82124194E+00
0.85769823E+00 0.88435631E+00 0.90979090E+00 0.93253293E+00 0.95149657E+00 0.96603541E+00 0.97617183E+00 0.98256289E+00 0.98606504E+00 0.98735780E+00 0.98687240E+00 0.98461885E+00 0.97988593E+00 0.97131107E+00 0.95703409E+00 0.93432478E+00 0.89848769E+00 0.84116395E+00 0.74977793E+00 0.61388009E+00 0.44370369E+00 0.27999156E+00 0.16144067E+00 0.92688620E-01 0.57886794E-01 0.42110960E-01 0.37157074E-01 0.40133722E-01 0.51927160E-01 0.76761640E-01 0.12160385E+00 0.19274736E+00 0.28866323E+00 0.39623515E+00 0.49840095E+00 0.58491220E+00 0.65423601E+00 0.70916994E+00 0.75301175E+00 0.78812463E+00 0.81594084E+00 0.83736596E+00 0.85305258E+00 0.86339073E+00 0.86820621E+00 0.86614997E+00 0.85373465E+00 0.82354248E+00
0.84456671E+00 0.87287310E+00 0.89902987E+00 0.92179952E+00 0.94054679E+00 0.95504510E+00 0.96547238E+00 0.97233516E+00 0.97624573E+00 0.97771712E+00 0.97699868E+00 0.97390000E+00 0.96775327E+00 0.95750609E+00 0.94163093E+00 0.91759490E+00 0.88076925E+00 0.82301896E+00 0.73263467E+00 0.60049983E+00 0.43656299E+00 0.27827644E+00 0.16201749E+00 0.93429719E-01 0.58177603E-01 0.41910909E-01 0.36440408E-01 0.38684436E-01 0.49174282E-01 0.71519023E-01 0.11181629E+00 0.17578360E+00 0.26278083E+00 0.36226473E+00 0.45945742E+00 0.54448762E+00 0.61491253E+00 0.67250314E+00 0.71984802E+00 0.75884937E+00 0.79059179E+00 0.81570605E+00 0.83467583E+00 0.84787707E+00 0.85533288E+00 0.85620266E+00 0.84802713E+00 0.82564031E+00
0.82064940E+00 0.85383687E+00 0.88273630E+00 0.90657263E+00 0.92546286E+00 0.93981566E+00 0.95014427E+00 0.95701476E+00 0.96093785E+00 0.96224410E+00 0.96099951E+00 0.95696329E+00 0.94959509E+00 0.93802628E+00 0.92082192E+00 0.89539281E+00 0.85702972E+00 0.79788723E+00 0.70745062E+00 0.57858724E+00 0.42175464E+00 0.27111711E+00 0.15951258E+00 0.92643768E-01 0.57725291E-01 0.41323563E-01 0.35498463E-01 0.37089983E-01 0.46322816E-01 0.66207323E-01 0.10194978E+00 0.15857580E+00 0.23609130E+00 0.32635921E+00 0.41709222E+00 0.49922120E+00 0.56967131E+00 0.62925264E+00 0.67982410E+00 0.72279701E+00 0.75886477E+00 0.78830481E+00 0.81132569E+00 0.82818676E+00 0.83903561E+00 0.84350409E+00 0.84012767E+00 0.82567040E+00
0.77948743E+00 0.82353247E+00 0.85901799E+00 0.88602770E+00 0.90598517E+00 0.92037925E+00 0.93034549E+00 0.93670754E+00 0.94004787E+00 0.94069249E+00 0.93868154E+00 0.93377407E+00 0.92545031E+00 0.91281681E+00 0.89431385E+00 0.86716802E+00 0.82663189E+00 0.76536871E+00 0.67440328E+00 0.54896619E+00 0.40029468E+00 0.25915640E+00 0.15414162E+00 0.90351581E-01 0.56506000E-01 0.40328419E-01 0.34325214E-01 0.35366392E-01 0.43430405E-01 0.60974788E-01 0.92346686E-01 0.14182884E+00 0.20982720E+00 0.29028246E+00 0.37336976E+00 0.45115224E+00 0.52026605E+00 0.58073092E+00 0.63373811E+00 0.68024969E+00 0.72059830E+00 0.75468967E+00 0.78237086E+00 0.80365301E+00 0.81866616E+00 0.82737293E+00 0.82913058E+00 0.82223138E+00
0.71194184E+00 0.77707570E+00 0.82556510E+00 0.85937082E+00 0.88218310E+00 0.89731691E+00 0.90701931E+00 0.91264781E+00 0.91501891E+00 0.91458883E+00 0.91148433E+00 0.90549301E+00 0.89603761E+00 0.88207217E+00 0.86182695E+00 0.83237634E+00 0.78910179E+00 0.72543352E+00 0.63417449E+00 0.51295442E+00 0.37360452E+00 0.24335447E+00 0.14633169E+00 0.86688355E-01 0.54552996E-01 0.38936220E-01 0.32935785E-01 0.33547328E-01 0.40570244E-01 0.55979154E-01 0.83342062E-01 0.12621642E+00 0.18520357E+00 0.25590988E+00 0.33073096E+00 0.40301530E+00 0.46942304E+00 0.52940677E+00 0.58361110E+00 0.63264998E+00 0.67660898E+00 0.71510753E+00 0.74763046E+00 0.77383879E+00 0.79367038E+00 0.80719632E+00 0.81431243E+00 0.81440002E+00
