Basic/Day4/qtaim/mof/mof_pl2d.SURFLAPP
DSAA
 161 161
-0.75589045E+01  0.75589045E+01  0.94486307E-01
-0.75589045E+01  0.75589045E+01  0.94486307E-01
 0.00000000E+00  0.00000000E+00
[rows 126 to 146 of 161, columns 96 to 143 of 161]
-0.13533158E+00 -0.12790723E+00 -0.11310811E+00 -0.92386883E-01 -0.68008405E-01 -0.42741175E-01 -0.19412279E-01 -0.40507186E-03 0.12801804E-01 0.19960617E-01 0.22180042E-01 0.21824833E-01 0.22204265E-01 0.27092660E-01 0.40140138E-01 0.64239267E-01 0.10091086E+00 0.14977040E+00 0.20814238E+00 0.27092735E+00 0.33089632E+00 0.37960079E+00 0.40881296E+00 0.41166910E+00 0.38189159E+00 0.30994880E+00 0.17793414E+00 -0.40927774E-01 -0.37102462E+00 -0.81051766E+00 -0.13092533E+01 -0.17753248E+01 -0.21189399E+01 -0.22940493E+01 -0.22915909E+01 -0.21080680E+01 -0.17504513E+01 -0.12689826E+01 -0.75562565E+00 -0.29913155E+00 0.53498771E-01 0.29870489E+00 0.45482153E+00 0.54198984E+00 0.57455486E+00 0.56310495E+00 0.51853587E+00 0.45329806E+00
-0.89942969E-01 -0.88015243E-01 -0.80924337E-01 -0.69440357E-01 -0.54843174E-01 -0.38749203E-01 -0.22852846E-01 -0.86246643E-02 0.29795546E-02 0.11745723E-01 0.18323435E-01 0.24220051E-01 0.31661306E-01 0.43325818E-01 0.61969784E-01 0.89965589E-01 0.12878663E+00 0.17848156E+00 0.23719963E+00 0.30087110E+00 0.36322032E+00 0.41633858E+00 0.45188253E+00 0.46239251E+00 0.44145676E+00 0.38149042E+00 0.26987902E+00 0.87591510E-01 -0.18407817E+00 -0.54694366E+00 -0.96801365E+00 -0.13777744E+01 -0.16943073E+01 -0.18563007E+01 -0.18373707E+01 -0.16417923E+01 -0.13029746E+01 -0.88403349E+00 -0.46166227E+00 -0.97055796E-01 0.18174976E+00 0.37539835E+00 0.49737060E+00 0.56136611E+00 0.57760278E+00 0.55504533E+00 0.50402751E+00 0.43631883E+00
-0.47760986E-01 -0.47961400E-01 -0.44491332E-01 -0.37757110E-01 -0.28490754E-01 -0.17649814E-01 -0.62651757E-02 0.47427002E-02 0.14751225E-01 0.23597804E-01 0.31691258E-01 0.40053114E-01 0.50274438E-01 0.64377545E-01 0.84576064E-01 0.11293467E+00 0.15094166E+00 0.19902293E+00 0.25604619E+00 0.31890110E+00 0.38231210E+00 0.43911267E+00 0.48115149E+00 0.50061814E+00 0.49092413E+00 0.44601300E+00 0.35807236E+00 0.21602440E+00 0.88018305E-02 -0.26461925E+00 -0.58277338E+00 -0.89738849E+00 -0.11453299E+01 -0.12716636E+01 -0.12487352E+01 -0.10827675E+01 -0.81045040E+00 -0.48770142E+00 -0.17136725E+00 0.98363516E-01 0.30450896E+00 0.44752121E+00 0.53498983E+00 0.57477949E+00 0.57384462E+00 0.53999415E+00 0.48300981E+00 0.41374304E+00
-0.12446374E-01 -0.13204057E-01 -0.11322535E-01 -0.70078634E-02 -0.68164659E-03 0.70795722E-02 0.15637213E-01 0.24406236E-01 0.32979796E-01 0.41247676E-01 0.49493121E-01 0.58452618E-01 0.69322346E-01 0.83694006E-01 0.10340391E+00 0.13028546E+00 0.16582620E+00 0.21074490E+00 0.26452192E+00 0.32494597E+00 0.38780180E+00 0.44690334E+00 0.49469007E+00 0.52338988E+00 0.52626594E+00 0.49807187E+00 0.43425645E+00 0.32993104E+00 0.18102318E+00 -0.10651593E-01 -0.23019730E+00 -0.44611148E+00 -0.61601849E+00 -0.70093082E+00 -0.68024072E+00 -0.55920673E+00 -0.36605958E+00 -0.14091557E+00 0.78162487E-01 0.26524606E+00 0.40867285E+00 0.50674730E+00 0.56207373E+00 0.57850077E+00 0.56109230E+00 0.51703004E+00 0.45547655E+00 0.38610096E+00
0.14974981E-01 0.14313790E-01 0.15552957E-01 0.18604126E-01 0.23231836E-01 0.29091022E-01 0.35785651E-01 0.42943662E-01 0.50302102E-01 0.57794600E-01 0.65632068E-01 0.74365230E-01 0.84914572E-01 0.98549742E-01 0.11680032E+00 0.14128282E+00 0.17343751E+00 0.21418013E+00 0.26348747E+00 0.31995988E+00 0.38045209E+00 0.43993830E+00 0.49182723E+00 0.52885150E+00 0.54433971E+00 0.53329541E+00 0.49270648E+00 0.42123348E+00 0.31941740E+00 0.19160719E+00 0.49154579E-01 -0.87862286E-01 -0.19356440E+00 -0.24418431E+00 -0.22718363E+00 -0.14629244E+00 -0.19681201E-01 0.12734726E+00 0.27089175E+00 0.39397020E+00 0.48741499E+00 0.54770000E+00 0.57452559E+00 0.56985032E+00 0.53806396E+00 0.48600120E+00 0.42200558E+00 0.35431512E+00
0.34850627E-01 0.34522164E-01 0.35549144E-01 0.37916150E-01 0.41505970E-01 0.46122622E-01 0.51528403E-01 0.57493063E-01 0.63852353E-01 0.70572286E-01 0.77813980E-01 0.85991387E-01 0.95810470E-01 0.10827465E+00 0.12463904E+00 0.14629717E+00 0.17458948E+00 0.21053092E+00 0.25446644E+00 0.30568156E+00 0.36203163E+00 0.41971405E+00 0.47336653E+00 0.51665640E+00 0.54334782E+00 0.54853394E+00 0.52954210E+00 0.48625012E+00 0.42112186E+00 0.33957381E+00 0.25076183E+00 0.16779288E+00 0.10593844E+00 0.78540007E-01 0.92291893E-01 0.14459257E+00 0.22456765E+00 0.31705301E+00 0.40717833E+00 0.48335802E+00 0.53806193E+00 0.56727128E+00 0.56988314E+00 0.54756948E+00 0.50469142E+00 0.44767986E+00 0.38378673E+00 0.31965751E+00
0.48126866E-01 0.48191079E-01 0.49203818E-01 0.51194938E-01 0.54124335E-01 0.57895204E-01 0.62376820E-01 0.67436190E-01 0.72977682E-01 0.78989273E-01 0.85592865E-01 0.93093929E-01 0.10202232E+00 0.11315225E+00 0.12748668E+00 0.14619026E+00 0.17045837E+00 0.20131507E+00 0.23934185E+00 0.28435321E+00 0.33506185E+00 0.38882108E+00 0.44158408E+00 0.48823423E+00 0.52335588E+00 0.54231509E+00 0.54231507E+00 0.52307277E+00 0.48700420E+00 0.43909470E+00 0.38661696E+00 0.33851961E+00 0.30407354E+00 0.29071287E+00 0.30178215E+00 0.33534665E+00 0.38477342E+00 0.44075157E+00 0.49366875E+00 0.53536182E+00 0.55996959E+00 0.56422350E+00 0.54756309E+00 0.51210599E+00 0.46224215E+00 0.40373196E+00 0.34251398E+00 0.28362578E+00
0.55936509E-01 0.56379450E-01 0.57467774E-01 0.59257498E-01 0.61757733E-01 0.64937351E-01 0.68738025E-01 0.73093626E-01 0.77956060E-01 0.83327437E-01 0.89297695E-01 0.96085122E-01 0.10407443E+00 0.11384357E+00 0.12616747E+00 0.14198488E+00 0.16231562E+00 0.18811908E+00 0.22009156E+00 0.25841115E+00 0.30245831E+00 0.35057130E+00 0.39993528E+00 0.44672694E+00 0.48660271E+00 0.51550248E+00 0.53057705E+00 0.53094677E+00 0.51805202E+00 0.49553162E+00 0.46870622E+00 0.44374463E+00 0.42654522E+00 0.42144750E+00 0.43011169E+00 0.45101644E+00 0.47983013E+00 0.51049675E+00 0.53657777E+00 0.55242599E+00 0.55401483E+00 0.53944264E+00 0.50913158E+00 0.46565824E+00 0.41316875E+00 0.35648461E+00 0.30015950E+00 0.24776441E+00
0.59402355E-01 0.60176338E-01 0.61372650E-01 0.63059680E-01 0.65275701E-01 0.68031238E-01 0.71315536E-01 0.75107442E-01 0.79391238E-01 0.84177975E-01 0.89532442E-01 0.95604704E-01 0.10266304E+00 0.11112224E+00 0.12155826E+00 0.13469810E+00 0.15137308E+00 0.17242613E+00 0.19856829E+00 0.23018838E+00 0.26713370E+00 0.30850114E+00 0.35250468E+00 0.39650654E+00 0.43728858E+00 0.47157899E+00 0.49674152E+00 0.51143311E+00 0.51601045E+00 0.51254282E+00 0.50441827E+00 0.49563521E+00 0.48992484E+00 0.48988334E+00 0.49632506E+00 0.50805139E+00 0.52211686E+00 0.53450343E+00 0.54099121E+00 0.53800524E+00 0.52328471E+00 0.49628174E+00 0.45822510E+00 0.41182422E+00 0.36067636E+00 0.30854064E+00 0.25868631E+00 0.21347436E+00
0.59551913E-01 0.60592173E-01 0.61893754E-01 0.63527633E-01 0.65546780E-01 0.67985905E-01 0.70863687E-01 0.74187931E-01 0.77964346E-01 0.82209781E-01 0.86970595E-01 0.92346018E-01 0.98514901E-01 0.10576199E+00 0.11449728E+00 0.12525988E+00 0.13869645E+00 0.15550528E+00 0.17634054E+00 0.20167707E+00 0.23164705E+00 0.26587356E+00 0.30334453E+00 0.34238504E+00 0.38078490E+00 0.41610762E+00 0.44614311E+00 0.46939254E+00 0.48543104E+00 0.49501403E+00 0.49987278E+00 0.50224487E+00 0.50426327E+00 0.50736499E+00 0.51187677E+00 0.51689009E+00 0.52045826E+00 0.52005672E+00 0.51318119E+00 0.49793652E+00 0.47348512E+00 0.44025915E+00 0.39989086E+00 0.35488391E+00 0.30812097E+00 0.26234909E+00 0.21977629E+00 0.18185720E+00
0.57284752E-01 0.58518624E-01 0.59900464E-01 0.61497345E-01 0.63366876E-01 0.65555540E-01 0.68098402E-01 0.71020628E-01 0.74341502E-01 0.78081852E-01 0.82275757E-01 0.86986925E-01 0.92329159E-01 0.98488635E-01 0.10574371E+00 0.11447590E+00 0.12516437E+00 0.13835607E+00 0.15460591E+00 0.17438563E+00 0.19796738E+00 0.22529799E+00 0.25589146E+00 0.28877716E+00 0.32254255E+00 0.35549422E+00 0.38592568E+00 0.41243470E+00 0.43419628E+00 0.45109548E+00 0.46366268E+00 0.47282104E+00 0.47952006E+00 0.48436799E+00 0.48737540E+00 0.48788767E+00 0.48472619E+00 0.47649736E+00 0.46198297E+00 0.44050627E+00 0.41217749E+00 0.37795554E+00 0.33951326E+00 0.29894867E+00 0.25842727E+00 0.21985264E+00 0.18464027E+00 0.15362618E+00
0.53363884E-01 0.54717696E-01 0.56142219E-01 0.57696794E-01 0.59437132E-01 0.61413092E-01 0.63667073E-01 0.66233411E-01 0.69139389E-01 0.72408700E-01 0.76068221E-01 0.80158772E-01 0.84749826E-01 0.89957036E-01 0.95959904E-01 0.10301519E+00 0.11146035E+00 0.12170074E+00 0.13417530E+00 0.14929845E+00 0.16738068E+00 0.18853748E+00 0.21260361E+00 0.23907658E+00 0.26711464E+00 0.29560736E+00 0.32331866E+00 0.34907498E+00 0.37194796E+00 0.39137235E+00 0.40715634E+00 0.41937771E+00 0.42820200E+00 0.43368815E+00 0.43565273E+00 0.43364335E+00 0.42703432E+00 0.41521698E+00 0.39782636E+00 0.37493433E+00 0.34714948E+00 0.31559240E+00 0.28175273E+00 0.24726910E+00 0.21369276E+00 0.18229317E+00 0.15394331E+00 0.12909410E+00
0.48418350E-01 0.49823088E-01 0.51248157E-01 0.52743390E-01 0.54358805E-01 0.56142350E-01 0.58137795E-01 0.60383063E-01 0.62909514E-01 0.65742865E-01 0.68906528E-01 0.72428070E-01 0.76349088E-01 0.80738057E-01 0.85704626E-01 0.91412511E-01 0.98086948E-01 0.10601196E+00 0.11551302E+00 0.12692223E+00 0.14052676E+00 0.15650528E+00 0.17486309E+00 0.19538036E+00 0.21759006E+00 0.24079870E+00 0.26415308E+00 0.28674252E+00 0.30771092E+00 0.32634634E+00 0.34212066E+00 0.35466999E+00 0.36372938E+00 0.36905485E+00 0.37037077E+00 0.36737097E+00 0.35978028E+00 0.34745898E+00 0.33051459E+00 0.30938072E+00 0.28483180E+00 0.25792291E+00 0.22986747E+00 0.20188384E+00 0.17504905E+00 0.15019148E+00 0.12783955E+00 0.10822644E+00
0.42951378E-01 0.44346985E-01 0.45732156E-01 0.47146917E-01 0.48633806E-01 0.50235897E-01 0.51994678E-01 0.53948024E-01 0.56128634E-01 0.58563467E-01 0.61274831E-01 0.64283756E-01 0.67616079E-01 0.71311192E-01 0.75432692E-01 0.80079207E-01 0.85392722E-01 0.91560970E-01 0.98810417E-01 0.10738715E+00 0.11752494E+00 0.12940284E+00 0.14309813E+00 0.15854355E+00 0.17549933E+00 0.19354935E+00 0.21212581E+00 0.23055947E+00 0.24814408E+00 0.26419879E+00 0.27811294E+00 0.28936518E+00 0.29752018E+00 0.30221614E+00 0.30316012E+00 0.30014396E+00 0.29308250E+00 0.28206360E+00 0.26739097E+00 0.24959957E+00 0.22943088E+00 0.20776737E+00 0.18553884E+00 0.16362118E+00 0.14274960E+00 0.12346267E+00 0.10608348E+00 0.90735085E-01
0.37351581E-01 0.38689664E-01 0.40000512E-01 0.41314998E-01 0.42667780E-01 0.44095721E-01 0.45636044E-01 0.47324356E-01 0.49192805E-01 0.51268786E-01 0.53574675E-01 0.56129130E-01 0.58950394E-01 0.62061759E-01 0.65498880E-01 0.69317991E-01 0.73603343E-01 0.78471546E-01 0.84070191E-01 0.90568513E-01 0.98138864E-01 0.10692963E+00 0.11703270E+00 0.12845063E+00 0.14107026E+00 0.15464917E+00 0.16881941E+00 0.18310893E+00 0.19697660E+00 0.20985351E+00 0.22118225E+00 0.23044837E+00 0.23720312E+00 0.24108058E+00 0.24181474E+00 0.23926025E+00 0.23341587E+00 0.22444464E+00 0.21268170E+00 0.19862157E+00 0.18288154E+00 0.16614491E+00 0.14909370E+00 0.13234389E+00 0.11639521E+00 0.10160309E+00 0.88174642E-01 0.76184903E-01
0.31905884E-01 0.33150838E-01 0.34361382E-01 0.35560436E-01 0.36775235E-01 0.38036182E-01 0.39375384E-01 0.40824949E-01 0.42415215E-01 0.44173196E-01 0.46121607E-01 0.48278887E-01 0.50660599E-01 0.53282447E-01 0.56164855E-01 0.59338660E-01 0.62850905E-01 0.66769275E-01 0.71183337E-01 0.76200800E-01 0.81937552E-01 0.88501303E-01 0.95970129E-01 0.10436893E+00 0.11364780E+00 0.12366688E+00 0.13419125E+00 0.14489777E+00 0.15539304E+00 0.16523967E+00 0.17398681E+00 0.18120095E+00 0.18649474E+00 0.18955288E+00 0.19015515E+00 0.18819621E+00 0.18370021E+00 0.17682683E+00 0.16786498E+00 0.15721206E+00 0.14533939E+00 0.13274828E+00 0.11992385E+00 0.10729423E+00 0.95201568E-01 0.83888294E-01 0.73498343E-01 0.64090333E-01
0.26813371E-01 0.27942114E-01 0.29035614E-01 0.30110256E-01 0.31186773E-01 0.32289505E-01 0.33445325E-01 0.34682298E-01 0.36028147E-01 0.37508735E-01 0.39146816E-01 0.40961340E-01 0.42967663E-01 0.45178864E-01 0.47608274E-01 0.50273031E-01 0.53198124E-01 0.56420029E-01 0.59988755E-01 0.63966978E-01 0.68425202E-01 0.73432445E-01 0.79042880E-01 0.85279951E-01 0.92120338E-01 0.99480871E-01 0.10721107E+00 0.11509342E+00 0.12285194E+00 0.13016841E+00 0.13670422E+00 0.14212543E+00 0.14612870E+00 0.14846576E+00 0.14896487E+00 0.14754715E+00 0.14423604E+00 0.13915780E+00 0.13253196E+00 0.12465179E+00 0.11585698E+00 0.10650209E+00 0.96925727E-01 0.87425013E-01 0.78238578E-01 0.69539514E-01 0.61437531E-01 0.53987955E-01
0.22199418E-01 0.23200110E-01 0.24168620E-01 0.25116214E-01 0.26058236E-01 0.27013694E-01 0.28004542E-01 0.29054698E-01 0.30188815E-01 0.31430956E-01 0.32803315E-01 0.34325217E-01 0.36012635E-01 0.37878432E-01 0.39933460E-01 0.42188488E-01 0.44656701E-01 0.47356283E-01 0.50312312E-01 0.53557126E-01 0.57128291E-01 0.61063675E-01 0.65393600E-01 0.70130775E-01 0.75259386E-01 0.80725240E-01 0.86428933E-01 0.92223862E-01 0.97919972E-01 0.10329345E+00 0.10810150E+00 0.11210078E+00 0.11506741E+00 0.11681656E+00 0.11721954E+00 0.11621622E+00 0.11382144E+00 0.11012408E+00 0.10527863E+00 0.99490178E-01 0.92994780E-01 0.86037990E-01 0.78854741E-01 0.71653234E-01 0.64604573E-01 0.57838602E-01 0.51445290E-01 0.45480043E-01
0.18129625E-01 0.18999733E-01 0.19842835E-01 0.20666361E-01 0.21481379E-01 0.22302418E-01 0.23147053E-01 0.24035227E-01 0.24988336E-01 0.26028146E-01 0.27175638E-01 0.28449934E-01 0.29867489E-01 0.31441709E-01 0.33183131E-01 0.35100216E-01 0.37200656E-01 0.39492943E-01 0.41987767E-01 0.44698683E-01 0.47641473E-01 0.50831754E-01 0.54280655E-01 0.57988853E-01 0.61939688E-01 0.66092485E-01 0.70377441E-01 0.74693363E-01 0.78909165E-01 0.82869586E-01 0.86404788E-01 0.89342984E-01 0.91524703E-01 0.92817027E-01 0.93126053E-01 0.92405949E-01 0.90663417E-01 0.87956842E-01 0.84390260E-01 0.80102961E-01 0.75256277E-01 0.70019523E-01 0.64556940E-01 0.59017397E-01 0.53527636E-01 0.48189283E-01 0.43079118E-01 0.38251638E-01
0.14623073E-01 0.15367155E-01 0.16090271E-01 0.16797099E-01 0.17495432E-01 0.18196170E-01 0.18913128E-01 0.19662609E-01 0.20462761E-01 0.21332742E-01 0.22291744E-01 0.23358000E-01 0.24547860E-01 0.25875111E-01 0.27350623E-01 0.28982413E-01 0.30776115E-01 0.32735750E-01 0.34864546E-01 0.37165511E-01 0.39641352E-01 0.42293432E-01 0.45119577E-01 0.48110778E-01 0.51247186E-01 0.54493998E-01 0.57798132E-01 0.61086507E-01 0.64266688E-01 0.67230282E-01 0.69859038E-01 0.72033168E-01 0.73640983E-01 0.74588670E-01 0.74808913E-01 0.74267277E-01 0.72965400E-01 0.70940560E-01 0.68261822E-01 0.65023321E-01 0.61335736E-01 0.57317210E-01 0.53084928E-01 0.48748277E-01 0.44404130E-01 0.40134338E-01 0.36005120E-01 0.32067844E-01
0.11664517E-01 0.12292016E-01 0.12904617E-01 0.13505106E-01 0.14098845E-01 0.14693874E-01 0.15300868E-01 0.15932903E-01 0.16605034E-01 0.17333672E-01 0.18135820E-01 0.19028202E-01 0.20026383E-01 0.21143973E-01 0.22392019E-01 0.23778645E-01 0.25308995E-01 0.26985427E-01 0.28807860E-01 0.30774099E-01 0.32879906E-01 0.35118598E-01 0.37480037E-01 0.39948964E-01 0.42502879E-01 0.45109776E-01 0.47726257E-01 0.50296548E-01 0.52752935E-01 0.55017903E-01 0.57008037E-01 0.58639412E-01 0.59833915E-01 0.60525733E-01 0.60667175E-01 0.60233015E-01 0.59222783E-01 0.57660723E-01 0.55593470E-01 0.53085865E-01 0.50215557E-01 0.47067147E-01 0.43726647E-01 0.40276757E-01 0.36793374E-01 0.33343339E-01 0.29983338E-01 0.26759677E-01
