Basic/Day4/qtaim/mof/mof_pl2d.SURFELFB
DSAA
 161 161
-0.75589045E+01  0.75589045E+01  0.94486307E-01
-0.75589045E+01  0.75589045E+01  0.94486307E-01
 0.00000000E+00  0.00000000E+00
[rows 44 to 65 of 161, columns 0 to 47 of 161]
0.10678914E-02 0.10845461E-02 0.10588601E-02 0.99611703E-03 0.90584125E-03 0.79931502E-03 0.68725790E-03 0.57827600E-03 0.47823743E-03 0.39037905E-03 0.31583014E-03 0.25426290E-03 0.20449003E-03 0.16492619E-03 0.13390072E-03 0.10984688E-03 0.91392396E-04 0.77394953E-04 0.66939477E-04 0.59317873E-04 0.54002941E-04 0.50622681E-04 0.48938846E-04 0.48831376E-04 0.50289179E-04 0.53406945E-04 0.58387004E-04 0.65544491E-04 0.75313018E-04 0.88246760E-04 0.10501361E-03 0.12637329E-03 0.15313543E-03 0.18609529E-03 0.22595102E-03 0.27321478E-03 0.32813375E-03 0.39064125E-03 0.46035091E-03 0.53659535E-03 0.61849685E-03 0.70504705E-03 0.79517029E-03 0.88774982E-03 0.98160712E-03 0.10754340E-02 0.11676884E-02 0.12564720E-02
0.87494732E-03 0.89977773E-03 0.88926744E-03 0.84656467E-03 0.77879912E-03 0.69509476E-03 0.60453751E-03 0.51470784E-03 0.43099068E-03 0.35655245E-03 0.29271993E-03 0.23950886E-03 0.19613098E-03 0.16139696E-03 0.13399932E-03 0.11268167E-03 0.96333009E-04 0.84025169E-04 0.75019424E-04 0.68756326E-04 0.64840406E-04 0.63025232E-04 0.63202762E-04 0.65398773E-04 0.69774940E-04 0.76637089E-04 0.86447968E-04 0.99841211E-04 0.11763111E-03 0.14081041E-03 0.17052662E-03 0.20802759E-03 0.25457052E-03 0.31129783E-03 0.37909516E-03 0.45845832E-03 0.54940562E-03 0.65145993E-03 0.76371329E-03 0.88495743E-03 0.10138438E-02 0.11490270E-02 0.12892510E-02 0.14333524E-02 0.15801767E-02 0.17284123E-02 0.18763629E-02 0.20216824E-02
0.70890220E-03 0.73843498E-03 0.73921061E-03 0.71269029E-03 0.66393216E-03 0.60007716E-03 0.52861743E-03 0.45608301E-03 0.38730830E-03 0.32530883E-03 0.27153160E-03 0.22626792E-03 0.18907240E-03 0.15911056E-03 0.13540303E-03 0.11698546E-03 0.10299703E-03 0.92723348E-04 0.85611085E-04 0.81269330E-04 0.79466196E-04 0.80127095E-04 0.83338274E-04 0.89357536E-04 0.98632561E-04 0.11182550E-03 0.12984012E-03 0.15384463E-03 0.18527916E-03 0.22583342E-03 0.27737878E-03 0.34184208E-03 0.42102116E-03 0.51636029E-03 0.62872739E-03 0.75824834E-03 0.90425801E-03 0.10653907E-02 0.12398027E-02 0.14254684E-02 0.16204729E-02 0.18232230E-02 0.20325271E-02 0.22475238E-02 0.24674704E-02 0.26914106E-02 0.29177533E-02 0.31437907E-02
0.56953060E-03 0.60110428E-03 0.60984076E-03 0.59595391E-03 0.56279038E-03 0.51573552E-03 0.46082060E-03 0.40353814E-03 0.34814120E-03 0.29743695E-03 0.25292397E-03 0.21510631E-03 0.18382640E-03 0.15855857E-03 0.13862135E-03 0.12332240E-03 0.11204473E-03 0.10429380E-03 0.99722494E-04 0.98145053E-04 0.99549076E-04 0.10411151E-03 0.11222228E-03 0.12451746E-03 0.14192120E-03 0.16569287E-03 0.19747059E-03 0.23929656E-03 0.29360282E-03 0.36313145E-03 0.45076595E-03 0.55926404E-03 0.69091082E-03 0.84714964E-03 0.10282811E-02 0.12333321E-02 0.14601606E-02 0.17058060E-02 0.19669992E-02 0.22407092E-02 0.25245865E-02 0.28172011E-02 0.31180372E-02 0.34272498E-02 0.37452278E-02 0.40720016E-02 0.44065365E-02 0.47459313E-02
0.45489935E-03 0.48659758E-03 0.50060101E-03 0.49626667E-03 0.47558771E-03 0.44246177E-03 0.40160516E-03 0.35754179E-03 0.31394200E-03 0.27336533E-03 0.23731199E-03 0.20644012E-03 0.18083163E-03 0.16022933E-03 0.14422357E-03 0.13238297E-03 0.12433816E-03 0.11983648E-03 0.11877913E-03 0.12125229E-03 0.12756054E-03 0.13826866E-03 0.15425525E-03 0.17677924E-03 0.20755559E-03 0.24883025E-03 0.30343526E-03 0.37479409E-03 0.46683727E-03 0.58378728E-03 0.72978590E-03 0.90837552E-03 0.11219066E-02 0.13710062E-02 0.16542804E-02 0.19683925E-02 0.23085584E-02 0.26693840E-02 0.30458156E-02 0.34339867E-02 0.38317550E-02 0.42388458E-02 0.46566094E-02 0.50874615E-02 0.55340941E-02 0.59985145E-02 0.64809443E-02 0.69785794E-02
0.36221813E-03 0.39276058E-03 0.40994843E-03 0.41260808E-03 0.40171047E-03 0.37993379E-03 0.35085556E-03 0.31811953E-03 0.28483586E-03 0.25329854E-03 0.22496886E-03 0.20061665E-03 0.18052246E-03 0.16466996E-03 0.15290751E-03 0.14506729E-03 0.14105152E-03 0.14089809E-03 0.14483549E-03 0.15333924E-03 0.16719758E-03 0.18759239E-03 0.21619854E-03 0.25529893E-03 0.30790457E-03 0.37785601E-03 0.46986593E-03 0.58944495E-03 0.74264395E-03 0.93555677E-03 0.11735747E-02 0.14604711E-02 0.17975056E-02 0.21828165E-02 0.26113718E-02 0.30756168E-02 0.35667395E-02 0.40762529E-02 0.45975046E-02 0.51267400E-02 0.56635432E-02 0.62106457E-02 0.67732253E-02 0.73578572E-02 0.79712427E-02 0.86187722E-02 0.93029099E-02 0.10021391E-01
0.28837544E-03 0.31699445E-03 0.33583306E-03 0.34344517E-03 0.34006962E-03 0.32742118E-03 0.30812084E-03 0.28503657E-03 0.26075899E-03 0.23731530E-03 0.21610427E-03 0.19797908E-03 0.18339306E-03 0.17255842E-03 0.16558600E-03 0.16259927E-03 0.16382859E-03 0.16969461E-03 0.18089242E-03 0.19848687E-03 0.22402860E-03 0.25969531E-03 0.30845886E-03 0.37426711E-03 0.46221289E-03 0.57863890E-03 0.73109845E-03 0.92807068E-03 0.11783299E-02 0.14899208E-02 0.18688047E-02 0.23174194E-02 0.28335497E-02 0.34099683E-02 0.40351629E-02 0.46951406E-02 0.53759206E-02 0.60660701E-02 0.67586720E-02 0.74523107E-02 0.81510362E-02 0.88634938E-02 0.96015142E-02 0.10378418E-01 0.11207170E-01 0.12098386E-01 0.13058087E-01 0.14085132E-01
0.23029473E-03 0.25661285E-03 0.27603242E-03 0.28702789E-03 0.28935198E-03 0.28398704E-03 0.27277654E-03 0.25792531E-03 0.24155899E-03 0.22545285E-03 0.21093714E-03 0.19893534E-03 0.19006906E-03 0.18478898E-03 0.18350169E-03 0.18668750E-03 0.19501199E-03 0.20944142E-03 0.23137337E-03 0.26279450E-03 0.30647451E-03 0.36619869E-03 0.44703113E-03 0.55557683E-03 0.70018109E-03 0.89096208E-03 0.11395298E-02 0.14582324E-02 0.18588100E-02 0.23504858E-02 0.29377640E-02 0.36184851E-02 0.43828595E-02 0.52140913E-02 0.60907671E-02 0.69905660E-02 0.78943441E-02 0.87895257E-02 0.96720823E-02 0.10546845E-01 0.11426452E-01 0.12329428E-01 0.13277865E-01 0.14295017E-01 0.15402869E-01 0.16619527E-01 0.17956255E-01 0.19413795E-01
0.18513944E-03 0.20906068E-03 0.22836661E-03 0.24158956E-03 0.24819328E-03 0.24863238E-03 0.24414183E-03 0.23637914E-03 0.22707156E-03 0.21777241E-03 0.20975633E-03 0.20402586E-03 0.20139177E-03 0.20258554E-03 0.20838618E-03 0.21975418E-03 0.23797781E-03 0.26484246E-03 0.30283700E-03 0.35540981E-03 0.42728190E-03 0.52481152E-03 0.65637940E-03 0.83272170E-03 0.10670831E-02 0.13749900E-02 0.17734065E-02 0.22790554E-02 0.29058476E-02 0.36616834E-02 0.45453250E-02 0.55443902E-02 0.66355239E-02 0.77872839E-02 0.89653509E-02 0.10138777E-01 0.11285591E-01 0.12396407E-01 0.13475484E-01 0.14539558E-01 0.15615192E-01 0.16735541E-01 0.17937108E-01 0.19256706E-01 0.20728508E-01 0.22380825E-01 0.24232192E-01 0.26286244E-01
0.15042444E-03 0.17204315E-03 0.19083111E-03 0.20546969E-03 0.21528924E-03 0.22039185E-03 0.22156021E-03 0.22002156E-03 0.21718124E-03 0.21441837E-03 0.21298525E-03 0.21400194E-03 0.21852392E-03 0.22765352E-03 0.24268309E-03 0.26526615E-03 0.29762546E-03 0.34281215E-03 0.40503255E-03 0.49005554E-03 0.60570024E-03 0.76237564E-03 0.97359239E-03 0.12562954E-02 0.16307614E-02 0.21197287E-02 0.27464121E-02 0.35312006E-02 0.44872389E-02 0.56156995E-02 0.69021703E-02 0.83158141E-02 0.98124487E-02 0.11341390E-01 0.12854562E-01 0.14315285E-01 0.15704513E-01 0.17023326E-01 0.18291825E-01 0.19545610E-01 0.20831177E-01 0.22201391E-01 0.23711514E-01 0.25415788E-01 0.27364107E-01 0.29598133E-01 0.32146079E-01 0.35015587E-01
0.12405609E-03 0.14358590E-03 0.16166814E-03 0.17718975E-03 0.18946693E-03 0.19839776E-03 0.20445609E-03 0.20855675E-03 0.21187108E-03 0.21567193E-03 0.22125108E-03 0.22992127E-03 0.24308937E-03 0.26238864E-03 0.28986317E-03 0.32820935E-03 0.38108793E-03 0.45352835E-03 0.55244174E-03 0.68725203E-03 0.87062161E-03 0.11191912E-02 0.14541580E-02 0.19013869E-02 0.24906125E-02 0.32532199E-02 0.42182021E-02 0.54063480E-02 0.68234901E-02 0.84546155E-02 0.10261230E-01 0.12184007E-01 0.14151204E-01 0.16091148E-01 0.17945390E-01 0.19678924E-01 0.21285169E-01 0.22785505E-01 0.24224761E-01 0.25664734E-01 0.27177814E-01 0.28841446E-01 0.30733921E-01 0.32930909E-01 0.35501867E-01 0.38505298E-01 0.41981723E-01 0.45943652E-01
0.10433058E-03 0.12205207E-03 0.13939732E-03 0.15549069E-03 0.16972499E-03 0.18192017E-03 0.19237426E-03 0.20181033E-03 0.21126918E-03 0.22201048E-03 0.23546624E-03 0.25326959E-03 0.27735967E-03 0.31016462E-03 0.35486623E-03 0.41576173E-03 0.49874585E-03 0.61193921E-03 0.76647949E-03 0.97746388E-03 0.12649634E-02 0.16549217E-02 0.21795818E-02 0.28768881E-02 0.37881610E-02 0.49533888E-02 0.64039247E-02 0.81533498E-02 0.10188589E-01 0.12464504E-01 0.14905151E-01 0.17413235E-01 0.19886307E-01 0.22235396E-01 0.24400926E-01 0.26361716E-01 0.28136113E-01 0.29776885E-01 0.31362383E-01 0.32987421E-01 0.34755415E-01 0.36772708E-01 0.39144674E-01 0.41972397E-01 0.45348982E-01 0.49353346E-01 0.54040617E-01 0.59427921E-01
0.89908836E-04 0.10613364E-03 0.12282065E-03 0.13934801E-03 0.15525496E-03 0.17039226E-03 0.18500889E-03 0.19976425E-03 0.21569340E-03 0.23417262E-03 0.25692797E-03 0.28611704E-03 0.32450112E-03 0.37572278E-03 0.44470924E-03 0.53823016E-03 0.66564450E-03 0.83986497E-03 0.10785415E-02 0.14053962E-02 0.18515150E-02 0.24562030E-02 0.32667396E-02 0.43361307E-02 0.57178863E-02 0.74572786E-02 0.95795457E-02 0.12077366E-01 0.14901565E-01 0.17959682E-01 0.21125459E-01 0.24258531E-01 0.27229483E-01 0.29943097E-01 0.32353602E-01 0.34469127E-01 0.36346534E-01 0.38080341E-01 0.39789944E-01 0.41608394E-01 0.43674206E-01 0.46126271E-01 0.49100754E-01 0.52728274E-01 0.57129465E-01 0.62406652E-01 0.68630404E-01 0.75819693E-01
0.79782097E-04 0.94830219E-04 0.11101403E-03 0.12797379E-03 0.14545161E-03 0.16342742E-03 0.18222755E-03 0.20259009E-03 0.22570090E-03 0.25323413E-03 0.28744017E-03 0.33131677E-03 0.38889737E-03 0.46568934E-03 0.56930214E-03 0.71031139E-03 0.90340299E-03 0.11688162E-02 0.15340371E-02 0.20355532E-02 0.27202479E-02 0.36456880E-02 0.48781748E-02 0.64872721E-02 0.85357676E-02 0.11065190E-01 0.14079088E-01 0.17528752E-01 0.21307553E-01 0.25258877E-01 0.29198470E-01 0.32946197E-01 0.36358337E-01 0.39351352E-01 0.41911989E-01 0.44093789E-01 0.46004134E-01 0.47787461E-01 0.49609406E-01 0.51644834E-01 0.54070338E-01 0.57060460E-01 0.60785672E-01 0.65409731E-01 0.71083861E-01 0.77935218E-01 0.86047797E-01 0.95434944E-01
0.73238579E-04 0.87425277E-04 0.10331423E-03 0.12081385E-03 0.13991897E-03 0.16083332E-03 0.18409394E-03 0.21068400E-03 0.24214206E-03 0.28069527E-03 0.32945864E-03 0.39274710E-03 0.47655075E-03 0.58922973E-03 0.74249160E-03 0.95271555E-03 0.12426654E-02 0.16435684E-02 0.21973973E-02 0.29589094E-02 0.39966401E-02 0.53915322E-02 0.72315376E-02 0.96006259E-02 0.12561746E-01 0.16135624E-01 0.20280548E-01 0.24880783E-01 0.29750985E-01 0.34659486E-01 0.39366325E-01 0.43665570E-01 0.47419950E-01 0.50579472E-01 0.53182090E-01 0.55340363E-01 0.57220868E-01 0.59022966E-01 0.60961470E-01 0.63255208E-01 0.66121116E-01 0.69772122E-01 0.74416082E-01 0.80252694E-01 0.87465125E-01 0.96203487E-01 0.10655819E+00 0.11852318E+00
0.69838340E-04 0.83467648E-04 0.99308554E-04 0.11754608E-03 0.13847705E-03 0.16262693E-03 0.19089213E-03 0.22470317E-03 0.26621828E-03 0.31857569E-03 0.38625207E-03 0.47558748E-03 0.59555013E-03 0.75882447E-03 0.98331071E-03 0.12941132E-02 0.17260191E-02 0.23263471E-02 0.31577395E-02 0.43000363E-02 0.58497662E-02 0.79152337E-02 0.10605056E-01 0.14008947E-01 0.18172062E-01 0.23068138E-01 0.28580429E-01 0.34500202E-01 0.40548679E-01 0.46419773E-01 0.51832555E-01 0.56578551E-01 0.60551820E-01 0.63757005E-01 0.66298203E-01 0.68355936E-01 0.70160544E-01 0.71968454E-01 0.74044933E-01 0.76654193E-01 0.80055500E-01 0.84502625E-01 0.90243181E-01 0.97513977E-01 0.10652852E+00 0.11745348E+00 0.13037243E+00 0.14523871E+00
0.69402613E-04 0.82763835E-04 0.98832684E-04 0.11808492E-03 0.14117339E-03 0.16905300E-03 0.20315285E-03 0.24560344E-03 0.29953789E-03 0.36950574E-03 0.46205952E-03 0.58659612E-03 0.75655471E-03 0.99109063E-03 0.13173239E-02 0.17732317E-02 0.24110910E-02 0.33010986E-02 0.45342942E-02 0.62232114E-02 0.84979103E-02 0.11494652E-01 0.15335139E-01 0.20096767E-01 0.25778854E-01 0.32274654E-01 0.39361624E-01 0.46719028E-01 0.53972888E-01 0.60757521E-01 0.66776328E-01 0.71845836E-01 0.75914633E-01 0.79057888E-01 0.81454610E-01 0.83357015E-01 0.85060277E-01 0.86878185E-01 0.89127090E-01 0.92117996E-01 0.96154534E-01 0.10153346E+00 0.10854338E+00 0.11745711E+00 0.12851317E+00 0.14188307E+00 0.15762398E+00 0.17562103E+00
0.72022677E-04 0.85386536E-04 0.10198135E-03 0.12259587E-03 0.14830183E-03 0.18060734E-03 0.22168130E-03 0.27467236E-03 0.34415949E-03 0.43679216E-03 0.56220483E-03 0.73432282E-03 0.97319193E-03 0.13074859E-02 0.17777942E-02 0.24406732E-02 0.33731476E-02 0.46768302E-02 0.64800208E-02 0.89351844E-02 0.12208484E-01 0.16458344E-01 0.21802351E-01 0.28276685E-01 0.35798318E-01 0.44144721E-01 0.52963843E-01 0.61817946E-01 0.70251938E-01 0.77867261E-01 0.84381472E-01 0.89661121E-01 0.93725736E-01 0.96729106E-01 0.98927449E-01 0.10064415E+00 0.10223819E+00 0.10408048E+00 0.10653940E+00 0.10997464E+00 0.11473647E+00 0.12116633E+00 0.12959367E+00 0.14032373E+00 0.15361099E+00 0.16961568E+00 0.18834441E+00 0.20958366E+00
0.78094378E-04 0.91703879E-04 0.10913565E-03 0.13152282E-03 0.16043046E-03 0.19806457E-03 0.24758237E-03 0.31354931E-03 0.40260392E-03 0.52442326E-03 0.69310820E-03 0.92915336E-03 0.12621789E-02 0.17345900E-02 0.24062213E-02 0.33597491E-02 0.47061207E-02 0.65883748E-02 0.91810796E-02 0.12681538E-01 0.17288747E-01 0.23168087E-01 0.30404530E-01 0.38954637E-01 0.48613679E-01 0.59014566E-01 0.69666612E-01 0.80027376E-01 0.89587989E-01 0.97948713E-01 0.10486792E+00 0.11027898E+00 0.11427940E+00 0.11710182E+00 0.11907684E+00 0.12059600E+00 0.12208052E+00 0.12395871E+00 0.12665285E+00 0.13057405E+00 0.13612178E+00 0.14368343E+00 0.15362801E+00 0.16628768E+00 0.18192174E+00 0.20066104E+00 0.22243719E+00 0.24691008E+00
0.88383409E-04 0.10243493E-03 0.12101119E-03 0.14563041E-03 0.17843905E-03 0.22250852E-03 0.28227873E-03 0.36422127E-03 0.47781462E-03 0.63697336E-03 0.86210751E-03 0.11830291E-02 0.16429284E-02 0.23035655E-02 0.32515816E-02 0.46053110E-02 0.65205636E-02 0.91925336E-02 0.12849568E-01 0.17733805E-01 0.24065098E-01 0.31989238E-01 0.41519816E-01 0.52491168E-01 0.64542870E-01 0.77148963E-01 0.89689188E-01 0.10154317E+00 0.11218132E+00 0.12123105E+00 0.12850893E+00 0.13402118E+00 0.13794127E+00 0.14057497E+00 0.14232143E+00 0.14363660E+00 0.14500286E+00 0.14690744E+00 0.14982958E+00 0.15423539E+00 0.16057656E+00 0.16928776E+00 0.18077604E+00 0.19539502E+00 0.21339837E+00 0.23487200E+00 0.25965305E+00 0.28725526E+00
0.10412929E-03 0.11873475E-03 0.13872879E-03 0.16606344E-03 0.20356600E-03 0.25536252E-03 0.32751670E-03 0.42898505E-03 0.57304039E-03 0.77935733E-03 0.10770154E-02 0.15087015E-02 0.21363577E-02 0.30483230E-02 0.43675411E-02 0.62594882E-02 0.89370415E-02 0.12657757E-01 0.17707659E-01 0.24366276E-01 0.32851641E-01 0.43252791E-01 0.55467425E-01 0.69168587E-01 0.83819477E-01 0.98739176E-01 0.11320232E+00 0.12654406E+00 0.13824402E+00 0.14797533E+00 0.15561863E+00 0.16124925E+00 0.16510809E+00 0.16756499E+00 0.16908089E+00 0.17017272E+00 0.17138413E+00 0.17326385E+00 0.17635234E+00 0.18117523E+00 0.18824033E+00 0.19803198E+00 0.21099541E+00 0.22750298E+00 0.24779710E+00 0.27191039E+00 0.29957602E+00 0.33015390E+00
0.12719448E-03 0.14231554E-03 0.16391164E-03 0.19442201E-03 0.23746233E-03 0.29841879E-03 0.38535271E-03 0.51036518E-03 0.69163686E-03 0.95642487E-03 0.13453646E-02 0.19184217E-02 0.27627220E-02 0.40020722E-02 0.58071194E-02 0.84036063E-02 0.12074124E-01 0.17146739E-01 0.23963469E-01 0.32824552E-01 0.43913199E-01 0.57217462E-01 0.72475776E-01 0.89171798E-01 0.10658874E+00 0.12391026E+00 0.14033792E+00 0.15519342E+00 0.16798602E+00 0.17844159E+00 0.18650087E+00 0.19229828E+00 0.19613056E+00 0.19842186E+00 0.19968842E+00 0.20050558E+00 0.20147906E+00 0.20322259E+00 0.20634279E+00 0.21143054E+00 0.21905527E+00 0.22975580E+00 0.24401958E+00 0.26224113E+00 0.28465422E+00 0.31124044E+00 0.34163111E+00 0.37503512E+00
