Basic/Day4/qtaim/mof/mof_pl2d.SURFELFB
DSAA
 161 161
-0.75589045E+01  0.75589045E+01  0.94486307E-01
-0.75589045E+01  0.75589045E+01  0.94486307E-01
 0.00000000E+00  0.00000000E+00
[rows 22 to 43 of 161, columns 0 to 47 of 161]
0.42018699E-06 0.37634656E-06 0.33529076E-06 0.29725459E-06 0.26236361E-06 0.23064960E-06 0.20206600E-06 0.17650408E-06 0.15380829E-06 0.13379006E-06 0.11624059E-06 0.10093993E-06 0.87667766E-07 0.76209201E-07 0.66360157E-07 0.57931333E-07 0.50750775E-07 0.44665647E-07 0.39543478E-07 0.35272855E-07 0.31764426E-07 0.28952323E-07 0.26796764E-07 0.25288627E-07 0.24457703E-07 0.24387549E-07 0.25241498E-07 0.27309256E-07 0.31090201E-07 0.37444097E-07 0.47865703E-07 0.64991096E-07 0.93537159E-07 0.14205276E-06 0.22618341E-06 0.37473360E-06 0.64083293E-06 0.11222604E-05 0.19978639E-05 0.35916020E-05 0.64827111E-05 0.11690597E-04 0.20976793E-04 0.37323771E-04 0.65670575E-04 0.11400578E-03 0.19493496E-03 0.32784617E-03
0.94781298E-06 0.84269897E-06 0.74469067E-06 0.65432057E-06 0.57184992E-06 0.49730876E-06 0.43053604E-06 0.37122002E-06 0.31893587E-06 0.27318140E-06 0.23340837E-06 0.19904548E-06 0.16952434E-06 0.14429390E-06 0.12283297E-06 0.10465912E-06 0.89334009E-07 0.76466146E-07 0.65711693E-07 0.56774088E-07 0.49402463E-07 0.43390366E-07 0.38574690E-07 0.34835943E-07 0.32100949E-07 0.30349659E-07 0.29629488E-07 0.30082049E-07 0.31992252E-07 0.35876511E-07 0.42641482E-07 0.53871205E-07 0.72348989E-07 0.10301217E-06 0.15470056E-06 0.24335194E-06 0.39780645E-06 0.67024364E-06 0.11546954E-05 0.20193325E-05 0.35616686E-05 0.63008555E-05 0.11128229E-04 0.19546356E-04 0.34037970E-04 0.58618194E-04 0.99634992E-04 0.16689032E-03
0.21359154E-05 0.18883757E-05 0.16582326E-05 0.14467398E-05 0.12544849E-05 0.10814861E-05 0.92729299E-06 0.79108770E-06 0.67178027E-06 0.56809521E-06 0.47865125E-06 0.40201625E-06 0.33677458E-06 0.28155831E-06 0.23507953E-06 0.19615056E-06 0.16369565E-06 0.13675624E-06 0.11449058E-06 0.96169855E-07 0.81172072E-07 0.68973846E-07 0.59142703E-07 0.51329703E-07 0.45263905E-07 0.40750017E-07 0.37670973E-07 0.35999263E-07 0.35821534E-07 0.37386572E-07 0.41192667E-07 0.48144288E-07 0.59831610E-07 0.79030214E-07 0.11059429E-06 0.16305267E-06 0.25144499E-06 0.40231901E-06 0.66242997E-06 0.11136545E-05 0.18981005E-05 0.32595287E-05 0.56101479E-05 0.96357269E-05 0.16456725E-04 0.27868509E-04 0.46689057E-04 0.77246488E-04
0.47845665E-05 0.42124515E-05 0.36812349E-05 0.31940326E-05 0.27523100E-05 0.23561264E-05 0.20043885E-05 0.16951000E-05 0.14256006E-05 0.11927858E-05 0.99327566E-06 0.82360847E-06 0.68034806E-06 0.56018942E-06 0.46003106E-06 0.37702314E-06 0.30859430E-06 0.25246218E-06 0.20663001E-06 0.16937467E-06 0.13922710E-06 0.11495041E-06 0.95515186E-07 0.80076095E-07 0.67950013E-07 0.58597491E-07 0.51609180E-07 0.46698832E-07 0.43706670E-07 0.42617089E-07 0.43599594E-07 0.47087370E-07 0.53918760E-07 0.65586679E-07 0.84674734E-07 0.11561462E-06 0.16599627E-06 0.24881366E-06 0.38627381E-06 0.61616790E-06 0.10023560E-05 0.16517032E-05 0.27408786E-05 0.45578332E-05 0.75644699E-05 0.12488971E-04 0.20458139E-04 0.33181591E-04
0.10596090E-04 0.93020805E-05 0.81000496E-05 0.69981471E-05 0.60004222E-05 0.51074332E-05 0.43168787E-05 0.36242202E-05 0.30232722E-05 0.25067503E-05 0.20666905E-05 0.16949219E-05 0.13833345E-05 0.11241376E-05 0.91003615E-06 0.73434663E-06 0.59106058E-06 0.47486668E-06 0.38114147E-06 0.30591375E-06 0.24581627E-06 0.19802671E-06 0.16020591E-06 0.13043511E-06 0.10715792E-06 0.89127310E-07 0.75360174E-07 0.65100574E-07 0.57793593E-07 0.53071681E-07 0.50757887E-07 0.50891499E-07 0.53788027E-07 0.60152394E-07 0.71278600E-07 0.89391309E-07 0.11822140E-06 0.16396304E-06 0.23684859E-06 0.35370509E-06 0.54204439E-06 0.84649932E-06 0.13387685E-05 0.21326809E-05 0.34065285E-05 0.54354282E-05 0.86370424E-05 0.13634437E-04
0.23054032E-04 0.20204139E-04 0.17550102E-04 0.15114135E-04 0.12908226E-04 0.10935646E-04 0.91925123E-05 0.76693371E-05 0.63524989E-05 0.52255694E-05 0.42704271E-05 0.34683426E-05 0.28006848E-05 0.22495466E-05 0.17981772E-05 0.14312639E-05 0.11350860E-05 0.89756794E-06 0.70824842E-06 0.55819627E-06 0.43988767E-06 0.34706147E-06 0.27456611E-06 0.21820768E-06 0.17460705E-06 0.14106807E-06 0.11546294E-06 0.96133899E-07 0.81812524E-07 0.71557170E-07 0.64708818E-07 0.60867797E-07 0.59894073E-07 0.61938745E-07 0.67518973E-07 0.77657030E-07 0.94117427E-07 0.11979603E-06 0.15934280E-06 0.22014391E-06 0.31384563E-06 0.45868417E-06 0.68299058E-06 0.10303723E-05 0.15672310E-05 0.23934437E-05 0.36572035E-05 0.55751106E-05
0.48895504E-04 0.42829627E-04 0.37151055E-04 0.31921593E-04 0.27177588E-04 0.22933582E-04 0.19186137E-04 0.15917689E-04 0.13100107E-04 0.10698133E-04 0.86720163E-05 0.69802324E-05 0.55812403E-05 0.44350174E-05 0.35041250E-05 0.27543960E-05 0.21553125E-05 0.16801358E-05 0.13058276E-05 0.10128513E-05 0.78487240E-06 0.60841358E-06 0.47248966E-06 0.36824790E-06 0.28862919E-06 0.22806198E-06 0.18219050E-06 0.14764414E-06 0.12184368E-06 0.10284365E-06 0.89208054E-07 0.79916872E-07 0.74301423E-07 0.72009021E-07 0.72998166E-07 0.77570566E-07 0.86449877E-07 0.10092438E-06 0.12308070E-06 0.15616748E-06 0.20514812E-06 0.27752317E-06 0.38453465E-06 0.54290151E-06 0.77727852E-06 0.11236758E-05 0.16341180E-05 0.23828399E-05
0.10011224E-03 0.87764165E-04 0.76102566E-04 0.65298157E-04 0.55459302E-04 0.46640304E-04 0.38850557E-04 0.32063857E-04 0.26227153E-04 0.21268959E-04 0.17105970E-04 0.13649612E-04 0.10810465E-04 0.85020118E-05 0.66432415E-05 0.51603354E-05 0.39876002E-05 0.30677460E-05 0.23517448E-05 0.17983371E-05 0.13733358E-05 0.10488146E-05 0.80226222E-06 0.61575430E-06 0.47518070E-06 0.36955089E-06 0.29039010E-06 0.23122402E-06 0.18715299E-06 0.15450527E-06 0.13056116E-06 0.11333842E-06 0.10142988E-06 0.93885778E-07 0.90134413E-07 0.89939710E-07 0.93390272E-07 0.10092761E-06 0.11341541E-06 0.13226249E-06 0.15961352E-06 0.19863783E-06 0.25393434E-06 0.33211260E-06 0.44259135E-06 0.59868490E-06 0.81905042E-06 0.11295739E-05
0.19553403E-03 0.17181739E-03 0.14911437E-03 0.12787900E-03 0.10841838E-03 0.90909552E-04 0.75420004E-04 0.61928966E-04 0.50348880E-04 0.40545299E-04 0.32352859E-04 0.25591292E-04 0.20076236E-04 0.15628246E-04 0.12079058E-04 0.92756693E-05 0.70824424E-05 0.53818763E-05 0.40742004E-05 0.30762403E-05 0.23198116E-05 0.17498731E-05 0.13226230E-05 0.10036612E-05 0.76629736E-06 0.59005201E-06 0.45937122E-06 0.36255075E-06 0.29085830E-06 0.23782831E-06 0.19871389E-06 0.17005595E-06 0.14936439E-06 0.13487806E-06 0.12539176E-06 0.12013505E-06 0.11869649E-06 0.12097675E-06 0.12717944E-06 0.13782923E-06 0.15382361E-06 0.17652157E-06 0.20787800E-06 0.25063386E-06 0.30857616E-06 0.38688424E-06 0.49258086E-06 0.63510585E-06
0.35932286E-03 0.31703570E-03 0.27575120E-03 0.23659430E-03 0.20037151E-03 0.16759006E-03 0.13850368E-03 0.11315731E-03 0.91435611E-04 0.73108062E-04 0.57868219E-04 0.45369784E-04 0.35252554E-04 0.27163433E-04 0.20770923E-04 0.15774459E-04 0.11909125E-04 0.89472546E-05 0.66974418E-05 0.50019197E-05 0.37329704E-05 0.27888922E-05 0.20899102E-05 0.15743110E-05 0.11949478E-05 0.91620561E-06 0.71147035E-06 0.56100364E-06 0.45029399E-06 0.36873645E-06 0.30862011E-06 0.26436240E-06 0.23193607E-06 0.20845723E-06 0.19187350E-06 0.18075868E-06 0.17416454E-06 0.17152220E-06 0.17257837E-06 0.17735738E-06 0.18614513E-06 0.19949449E-06 0.21825211E-06 0.24361031E-06 0.27718525E-06 0.32112457E-06 0.37824721E-06 0.45221803E-06
0.61239144E-03 0.54359517E-03 0.47456729E-03 0.40783521E-03 0.34529377E-03 0.28822533E-03 0.23736215E-03 0.19297806E-03 0.15498613E-03 0.12303736E-03 0.96607923E-04 0.75077567E-04 0.57788276E-04 0.44090114E-04 0.33372940E-04 0.25085638E-04 0.18746311E-04 0.13944873E-04 0.10340557E-04 0.76561260E-05 0.56702769E-05 0.42093670E-05 0.31392275E-05 0.23577339E-05 0.17879946E-05 0.13728367E-05 0.10701416E-05 0.84913371E-06 0.68747252E-06 0.56901342E-06 0.48213650E-06 0.41846168E-06 0.37194211E-06 0.33819140E-06 0.31400980E-06 0.29705873E-06 0.28564673E-06 0.27859363E-06 0.27514411E-06 0.27490578E-06 0.27779672E-06 0.28399716E-06 0.29391066E-06 0.30813899E-06 0.32747774E-06 0.35293266E-06 0.38575497E-06 0.42749266E-06
0.95584615E-03 0.85527917E-03 0.75063612E-03 0.64692062E-03 0.54806956E-03 0.45689279E-03 0.37513531E-03 0.30362479E-03 0.24245365E-03 0.19117221E-03 0.14896591E-03 0.11481336E-03 0.87606912E-04 0.66245184E-04 0.49694582E-04 0.37027361E-04 0.27439520E-04 0.20254533E-04 0.14917364E-04 0.10982504E-04 0.80997619E-05 0.59980494E-05 0.44711166E-05 0.33641227E-05 0.25622324E-05 0.19811741E-05 0.15596555E-05 0.12534072E-05 0.10306746E-05 0.86869900E-06 0.75121486E-06 0.66655360E-06 0.60627102E-06 0.56414998E-06 0.53550094E-06 0.51667995E-06 0.50479585E-06 0.49756419E-06 0.49326365E-06 0.49073890E-06 0.48939387E-06 0.48914001E-06 0.49029535E-06 0.49346134E-06 0.49940587E-06 0.50898071E-06 0.52307882E-06 0.54262737E-06
0.13554930E-02 0.12247159E-02 0.10821808E-02 0.93649251E-03 0.79476098E-03 0.66229912E-03 0.54260890E-03 0.43756217E-03 0.34769596E-03 0.27254883E-03 0.21098284E-03 0.16147037E-03 0.12231617E-03 0.91823523E-04 0.68403144E-04 0.50637908E-04 0.37311415E-04 0.27411358E-04 0.20118639E-04 0.14783501E-04 0.10901796E-04 0.80888477E-05 0.60555793E-05 0.45876339E-05 0.35278675E-05 0.27621672E-05 0.22084370E-05 0.18078613E-05 0.15185815E-05 0.13108757E-05 0.11636408E-05 0.10618181E-05 0.99450841E-06 0.95358330E-06 0.93266442E-06 0.92638922E-06 0.92996705E-06 0.93898392E-06 0.94946863E-06 0.95813624E-06 0.96268017E-06 0.96196491E-06 0.95601666E-06 0.94581024E-06 0.93293471E-06 0.91924079E-06 0.90656364E-06 0.89655221E-06
0.17443119E-02 0.15933917E-02 0.14192488E-02 0.12346798E-02 0.10508142E-02 0.87633627E-03 0.71723608E-03 0.57696300E-03 0.45682914E-03 0.35652543E-03 0.27463692E-03 0.20910514E-03 0.15758997E-03 0.11773241E-03 0.87327670E-04 0.64420627E-04 0.47350840E-04 0.34747846E-04 0.25514300E-04 0.18790729E-04 0.13917112E-04 0.10395151E-04 0.78540983E-05 0.60215502E-05 0.46994188E-05 0.37451370E-05 0.30566031E-05 0.25612878E-05 0.22079017E-05 0.19603271E-05 0.17931833E-05 0.16885930E-05 0.16337750E-05 0.16192028E-05 0.16371475E-05 0.16805171E-05 0.17420081E-05 0.18136308E-05 0.18867969E-05 0.19528805E-05 0.20042253E-05 0.20352090E-05 0.20430024E-05 0.20277433E-05 0.19921090E-05 0.19404678E-05 0.18779471E-05 0.18096257E-05
0.20485976E-02 0.18932843E-02 0.17013554E-02 0.14893948E-02 0.12726217E-02 0.10634150E-02 0.87064960E-03 0.69971490E-03 0.55298078E-03 0.43048985E-03 0.33068595E-03 0.25107407E-03 0.18873974E-03 0.14071934E-03 0.10425239E-03 0.76895378E-04 0.56585578E-04 0.41637608E-04 0.30711867E-04 0.22767788E-04 0.17012584E-04 0.12852106E-04 0.98471232E-05 0.76770892E-05 0.61099121E-05 0.49792149E-05 0.41665939E-05 0.35883231E-05 0.31856738E-05 0.29178183E-05 0.27566836E-05 0.26831703E-05 0.26842761E-05 0.27507666E-05 0.28751364E-05 0.30497331E-05 0.32650758E-05 0.35085940E-05 0.37640658E-05 0.40123085E-05 0.42329372E-05 0.44071164E-05 0.45204340E-05 0.45650426E-05 0.45404104E-05 0.44525653E-05 0.43122532E-05 0.41327035E-05
0.22197366E-02 0.20759632E-02 0.18830801E-02 0.16601194E-02 0.14255497E-02 0.11950146E-02 0.98013098E-03 0.78825553E-03 0.62294068E-03 0.48475138E-03 0.37218252E-03 0.28249551E-03 0.21240409E-03 0.15851909E-03 0.11767321E-03 0.87077805E-04 0.64385520E-04 0.47687934E-04 0.35476153E-04 0.26583962E-04 0.20127476E-04 0.15446442E-04 0.12055177E-04 0.95995451E-05 0.78242246E-05 0.65466234E-05 0.56373087E-05 0.50054413E-05 0.45881982E-05 0.43430782E-05 0.42423424E-05 0.42688912E-05 0.44130163E-05 0.46695613E-05 0.50351254E-05 0.55050896E-05 0.60704778E-05 0.67149840E-05 0.74128158E-05 0.81282588E-05 0.88175055E-05 0.94332792E-05 0.99309869E-05 0.10275223E-04 0.10444770E-04 0.10434790E-04 0.10255951E-04 0.99310585E-05
0.22483460E-02 0.21277377E-02 0.19487966E-02 0.17312398E-02 0.14953386E-02 0.12589698E-02 0.10358550E-02 0.83500783E-03 0.66108994E-03 0.51527264E-03 0.39631613E-03 0.30147775E-03 0.22733138E-03 0.17031267E-03 0.12706865E-03 0.94644465E-04 0.70557783E-04 0.52792793E-04 0.39760106E-04 0.30234193E-04 0.23287297E-04 0.18228645E-04 0.14549421E-04 0.11879586E-04 0.99525863E-05 0.85783943E-05 0.76232152E-05 0.69945766E-05 0.66305131E-05 0.64917918E-05 0.65563265E-05 0.68149512E-05 0.72679229E-05 0.79215236E-05 0.87842363E-05 0.98621352E-05 0.11153444E-04 0.12642670E-04 0.14295345E-04 0.16054823E-04 0.17842742E-04 0.19563787E-04 0.21115493E-04 0.22400244E-04 0.23337754E-04 0.23875007E-04 0.23991491E-04 0.23699185E-04
0.21565722E-02 0.20648770E-02 0.19099938E-02 0.17106757E-02 0.14874290E-02 0.12590849E-02 0.10405722E-02 0.84203292E-03 0.66900149E-03 0.52330728E-03 0.40406258E-03 0.30875405E-03 0.23406983E-03 0.17650608E-03 0.13273395E-03 0.99812033E-04 0.75263773E-04 0.57079081E-04 0.43671826E-04 0.33819781E-04 0.26596686E-04 0.21312165E-04 0.17458104E-04 0.14664925E-04 0.12667081E-04 0.11276554E-04 0.10363145E-04 0.98400678E-05 0.96536490E-05 0.97760510E-05 0.10200025E-04 0.10934913E-04 0.12002936E-04 0.13435037E-04 0.15265493E-04 0.17524772E-04 0.20230524E-04 0.23377345E-04 0.26926760E-04 0.30799576E-04 0.34873063E-04 0.38984904E-04 0.42943538E-04 0.46546054E-04 0.49597811E-04 0.51932681E-04 0.53429661E-04 0.54023648E-04
0.19810725E-02 0.19189389E-02 0.17930005E-02 0.16198588E-02 0.14189235E-02 0.12087836E-02 0.10046402E-02 0.81721424E-03 0.65262856E-03 0.51322150E-03 0.39858889E-03 0.30658909E-03 0.23421618E-03 0.17820701E-03 0.13543136E-03 0.10310383E-03 0.78870214E-04 0.60814135E-04 0.47421668E-04 0.37521916E-04 0.30227141E-04 0.24874512E-04 0.20976100E-04 0.18177799E-04 0.16227109E-04 0.14948569E-04 0.14225659E-04 0.13987830E-04 0.14201485E-04 0.14863798E-04 0.15998328E-04 0.17651323E-04 0.19887724E-04 0.22785542E-04 0.26427711E-04 0.30890667E-04 0.36229788E-04 0.42462792E-04 0.49553344E-04 0.57398131E-04 0.65820258E-04 0.74571423E-04 0.83343313E-04 0.91787160E-04 0.99537584E-04 0.10624120E-03 0.11158207E-03 0.11530567E-03
0.17588287E-02 0.17235122E-02 0.16271779E-02 0.14836146E-02 0.13102122E-02 0.11243598E-02 0.94084902E-03 0.77033549E-03 0.61926308E-03 0.49039005E-03 0.38377176E-03 0.29773234E-03 0.22968700E-03 0.17674080E-03 0.13607371E-03 0.10515368E-03 0.81827245E-04 0.64335325E-04 0.51280871E-04 0.41581576E-04 0.34414812E-04 0.29166073E-04 0.25384103E-04 0.22744357E-04 0.21020396E-04 0.20062448E-04 0.19782012E-04 0.20141306E-04 0.21146382E-04 0.22842740E-04 0.25312133E-04 0.28669155E-04 0.33055906E-04 0.38633314E-04 0.45567479E-04 0.54010743E-04 0.64078202E-04 0.75822275E-04 0.89208900E-04 0.10410021E-03 0.12024668E-03 0.13729057E-03 0.15477942E-03 0.17218680E-03 0.18893747E-03 0.20443138E-03 0.21807287E-03 0.22929560E-03
0.15198284E-02 0.15068279E-02 0.14379438E-02 0.13239437E-02 0.11796463E-02 0.10207489E-02 0.86092105E-03 0.71042348E-03 0.57569809E-03 0.45979922E-03 0.36321259E-03 0.28474409E-03 0.22228254E-03 0.17336412E-03 0.13554067E-03 0.10658746E-03 0.84599352E-04 0.68008274E-04 0.55565094E-04 0.46298913E-04 0.39471366E-04 0.34532582E-04 0.31083180E-04 0.28843335E-04 0.27629086E-04 0.27335230E-04 0.27923849E-04 0.29417342E-04 0.31894713E-04 0.35489626E-04 0.40388389E-04 0.46825658E-04 0.55075429E-04 0.65434880E-04 0.78200079E-04 0.93633577E-04 0.11192710E-03 0.13316468E-03 0.15729295E-03 0.18410417E-03 0.21323489E-03 0.24417839E-03 0.27630633E-03 0.30889199E-03 0.34113031E-03 0.37215218E-03 0.40103033E-03 0.42679416E-03
0.12851586E-02 0.12894212E-02 0.12442560E-02 0.11575904E-02 0.10415528E-02 0.90964657E-03 0.77417538E-03 0.64466975E-03 0.52736741E-03 0.42547403E-03 0.33983807E-03 0.26972395E-03 0.21349720E-03 0.16914116E-03 0.13460036E-03 0.10797904E-03 0.87638329E-04 0.72220291E-04 0.60638851E-04 0.52049292E-04 0.45811774E-04 0.41456270E-04 0.38652172E-04 0.37184269E-04 0.36935328E-04 0.37874830E-04 0.40053025E-04 0.43599089E-04 0.48721702E-04 0.55709792E-04 0.64930390E-04 0.76819972E-04 0.91865583E-04 0.11057262E-03 0.13342002E-03 0.16080492E-03 0.19298593E-03 0.23003537E-03 0.27181072E-03 0.31795149E-03 0.36790008E-03 0.42093789E-03 0.47622366E-03 0.53282078E-03 0.58970496E-03 0.64575039E-03 0.69969967E-03 0.75012136E-03
