Basic/Day4/qtaim/mof/mof_pl2d.SURFKKIN
DSAA
 161 161
-0.75589045E+01  0.75589045E+01  0.94486307E-01
-0.75589045E+01  0.75589045E+01  0.94486307E-01
 0.00000000E+00  0.00000000E+00
[rows 42 to 62 of 161, columns 0 to 47 of 161]
-0.10444181E-04 -0.11152542E-04 -0.11855030E-04 -0.12545860E-04 -0.13219615E-04 -0.13871130E-04 -0.14496041E-04 -0.15090700E-04 -0.15652351E-04 -0.16179224E-04 -0.16670593E-04 -0.17126803E-04 -0.17549249E-04 -0.17940326E-04 -0.18303339E-04 -0.18642398E-04 -0.18962190E-04 -0.19267908E-04 -0.19564982E-04 -0.19858912E-04 -0.20155004E-04 -0.20458245E-04 -0.20773082E-04 -0.21103285E-04 -0.21451830E-04 -0.21820823E-04 -0.22211468E-04 -0.22624081E-04 -0.23058130E-04 -0.23512316E-04 -0.23984679E-04 -0.24472701E-04 -0.24973419E-04 -0.25483577E-04 -0.25999653E-04 -0.26517909E-04 -0.27034516E-04 -0.27545508E-04 -0.28046779E-04 -0.28534061E-04 -0.29002894E-04 -0.29448601E-04 -0.29866286E-04 -0.30250844E-04 -0.30597033E-04 -0.30899553E-04 -0.31153304E-04 -0.31353400E-04
-0.11699407E-04 -0.12498308E-04 -0.13292887E-04 -0.14076966E-04 -0.14844837E-04 -0.15591283E-04 -0.16311789E-04 -0.17002692E-04 -0.17661308E-04 -0.18286019E-04 -0.18876319E-04 -0.19432828E-04 -0.19957262E-04 -0.20452355E-04 -0.20921759E-04 -0.21369914E-04 -0.21801794E-04 -0.22222831E-04 -0.22638638E-04 -0.23054752E-04 -0.23476495E-04 -0.23908723E-04 -0.24355661E-04 -0.24820755E-04 -0.25306577E-04 -0.25814757E-04 -0.26345984E-04 -0.26900040E-04 -0.27475871E-04 -0.28071702E-04 -0.28685157E-04 -0.29313389E-04 -0.29953191E-04 -0.30601201E-04 -0.31253744E-04 -0.31907101E-04 -0.32557403E-04 -0.33200598E-04 -0.33832398E-04 -0.34448187E-04 -0.35042948E-04 -0.35611191E-04 -0.36146928E-04 -0.36643697E-04 -0.37094647E-04 -0.37492700E-04 -0.37830739E-04 -0.38102023E-04
-0.13060090E-04 -0.13957915E-04 -0.14853560E-04 -0.15740754E-04 -0.16613597E-04 -0.17466793E-04 -0.18295832E-04 -0.19097138E-04 -0.19868185E-04 -0.20607582E-04 -0.21315099E-04 -0.21991665E-04 -0.22639309E-04 -0.23261077E-04 -0.23860917E-04 -0.24443425E-04 -0.25013789E-04 -0.25577497E-04 -0.26140080E-04 -0.26706964E-04 -0.27283200E-04 -0.27873278E-04 -0.28480960E-04 -0.29109152E-04 -0.29759825E-04 -0.30433993E-04 -0.31131730E-04 -0.31852253E-04 -0.32594027E-04 -0.33354908E-04 -0.34132289E-04 -0.34923270E-04 -0.35724694E-04 -0.36533328E-04 -0.37345889E-04 -0.38158945E-04 -0.38968905E-04 -0.39771889E-04 -0.40563567E-04 -0.41338996E-04 -0.42092463E-04 -0.42817370E-04 -0.43506188E-04 -0.44150489E-04 -0.44741081E-04 -0.45268268E-04 -0.45722177E-04 -0.46093177E-04
-0.14531905E-04 -0.15537277E-04 -0.16543629E-04 -0.17544554E-04 -0.18534120E-04 -0.19507075E-04 -0.20459033E-04 -0.21386612E-04 -0.22287544E-04 -0.23160735E-04 -0.24006273E-04 -0.24825399E-04 -0.25620434E-04 -0.26394670E-04 -0.27152145E-04 -0.27897573E-04 -0.28636053E-04 -0.29372901E-04 -0.30113310E-04 -0.30862266E-04 -0.31624257E-04 -0.32403103E-04 -0.33201828E-04 -0.34022553E-04 -0.34866465E-04 -0.35733835E-04 -0.36624088E-04 -0.37535925E-04 -0.38467479E-04 -0.39416483E-04 -0.40380472E-04 -0.41356824E-04 -0.42342989E-04 -0.43336454E-04 -0.44334701E-04 -0.45335159E-04 -0.46334914E-04 -0.47330536E-04 -0.48317774E-04 -0.49291273E-04 -0.50244321E-04 -0.51168675E-04 -0.52054502E-04 -0.52890442E-04 -0.53663870E-04 -0.54361266E-04 -0.54968780E-04 -0.55472879E-04
-0.16121785E-04 -0.17243803E-04 -0.18371018E-04 -0.19497058E-04 -0.20616100E-04 -0.21723060E-04 -0.22813852E-04 -0.23885382E-04 -0.24935729E-04 -0.25964154E-04 -0.26971083E-04 -0.27958044E-04 -0.28927577E-04 -0.29883022E-04 -0.30828421E-04 -0.31768280E-04 -0.32707374E-04 -0.33650423E-04 -0.34602004E-04 -0.35566265E-04 -0.36546756E-04 -0.37546290E-04 -0.38566841E-04 -0.39609510E-04 -0.40674545E-04 -0.41761419E-04 -0.42868967E-04 -0.43995565E-04 -0.45139326E-04 -0.46298341E-04 -0.47470735E-04 -0.48654940E-04 -0.49849659E-04 -0.51053829E-04 -0.52266450E-04 -0.53486390E-04 -0.54711898E-04 -0.55940268E-04 -0.57167337E-04 -0.58387047E-04 -0.59591073E-04 -0.60768586E-04 -0.61906203E-04 -0.62988160E-04 -0.63996727E-04 -0.64912864E-04 -0.65717072E-04 -0.66390421E-04
-0.17838642E-04 -0.19086739E-04 -0.20345540E-04 -0.21608876E-04 -0.22871199E-04 -0.24127788E-04 -0.25374905E-04 -0.26609905E-04 -0.27831289E-04 -0.29038686E-04 -0.30232884E-04 -0.31415588E-04 -0.32589406E-04 -0.33757544E-04 -0.34923737E-04 -0.36091988E-04 -0.37266255E-04 -0.38450374E-04 -0.39647781E-04 -0.40861356E-04 -0.42093293E-04 -0.43345022E-04 -0.44617174E-04 -0.45909630E-04 -0.47221622E-04 -0.48551894E-04 -0.49898917E-04 -0.51261150E-04 -0.52637218E-04 -0.54026219E-04 -0.55427836E-04 -0.56842414E-04 -0.58270906E-04 -0.59714679E-04 -0.61175160E-04 -0.62653326E-04 -0.64149136E-04 -0.65660740E-04 -0.67183835E-04 -0.68710985E-04 -0.70231118E-04 -0.71729240E-04 -0.73186455E-04 -0.74580333E-04 -0.75885643E-04 -0.77075412E-04 -0.78122279E-04 -0.79000079E-04
-0.19694095E-04 -0.21078042E-04 -0.22479715E-04 -0.23893330E-04 -0.25313792E-04 -0.26736885E-04 -0.28159398E-04 -0.29579205E-04 -0.30995278E-04 -0.32407644E-04 -0.33817280E-04 -0.35225994E-04 -0.36636157E-04 -0.38050589E-04 -0.39472383E-04 -0.40904475E-04 -0.42349652E-04 -0.43810264E-04 -0.45288103E-04 -0.46784283E-04 -0.48299198E-04 -0.49832528E-04 -0.51383320E-04 -0.52950136E-04 -0.54531264E-04 -0.56124985E-04 -0.57729899E-04 -0.59345159E-04 -0.60970847E-04 -0.62608137E-04 -0.64259418E-04 -0.65928245E-04 -0.67619129E-04 -0.69337089E-04 -0.71087018E-04 -0.72872821E-04 -0.74696519E-04 -0.76556983E-04 -0.78449092E-04 -0.80362715E-04 -0.82282079E-04 -0.84185485E-04 -0.86045523E-04 -0.87829769E-04 -0.89502053E-04 -0.91024178E-04 -0.92358021E-04 -0.93467892E-04
-0.21703266E-04 -0.23233141E-04 -0.24789495E-04 -0.26367137E-04 -0.27961612E-04 -0.29569363E-04 -0.31187823E-04 -0.32815448E-04 -0.34451683E-04 -0.36096853E-04 -0.37752019E-04 -0.39418798E-04 -0.41099047E-04 -0.42794789E-04 -0.44507829E-04 -0.46239635E-04 -0.47991197E-04 -0.49762783E-04 -0.51553953E-04 -0.53363540E-04 -0.55189712E-04 -0.57030110E-04 -0.58882078E-04 -0.60742942E-04 -0.62610364E-04 -0.64482749E-04 -0.66359576E-04 -0.68241854E-04 -0.70132372E-04 -0.72035890E-04 -0.73959123E-04 -0.75910544E-04 -0.77899812E-04 -0.79937074E-04 -0.82031834E-04 -0.84191637E-04 -0.86420556E-04 -0.88717677E-04 -0.91075535E-04 -0.93478984E-04 -0.95904373E-04 -0.98319396E-04 -0.10068364E-03 -0.10294994E-03 -0.10506644E-03 -0.10697937E-03 -0.10863629E-03 -0.10998918E-03
-0.23885772E-04 -0.25571861E-04 -0.27295143E-04 -0.29051216E-04 -0.30836480E-04 -0.32648152E-04 -0.34484395E-04 -0.36344261E-04 -0.38227593E-04 -0.40134865E-04 -0.42066976E-04 -0.44024933E-04 -0.46009691E-04 -0.48021886E-04 -0.50061500E-04 -0.52127849E-04 -0.54219387E-04 -0.56333688E-04 -0.58467488E-04 -0.60616886E-04 -0.62777478E-04 -0.64944743E-04 -0.67114427E-04 -0.69283006E-04 -0.71448216E-04 -0.73609509E-04 -0.75768625E-04 -0.77929965E-04 -0.80100893E-04 -0.82291737E-04 -0.84515680E-04 -0.86788175E-04 -0.89126040E-04 -0.91546143E-04 -0.94063712E-04 -0.96690324E-04 -0.99431685E-04 -0.10228551E-03 -0.10523936E-03 -0.10826923E-03 -0.11133870E-03 -0.11439904E-03 -0.11739048E-03 -0.12024450E-03 -0.12288728E-03 -0.12524395E-03 -0.12724335E-03 -0.12882265E-03
-0.26266669E-04 -0.28119337E-04 -0.30022089E-04 -0.31971545E-04 -0.33965052E-04 -0.36000750E-04 -0.38077557E-04 -0.40195046E-04 -0.42353338E-04 -0.44552759E-04 -0.46793659E-04 -0.49075998E-04 -0.51399223E-04 -0.53761841E-04 -0.56161382E-04 -0.58594223E-04 -0.61055601E-04 -0.63539730E-04 -0.66040028E-04 -0.68549444E-04 -0.71060911E-04 -0.73567936E-04 -0.76065130E-04 -0.78548948E-04 -0.81018395E-04 -0.83475552E-04 -0.85926336E-04 -0.88380734E-04 -0.90853134E-04 -0.93362117E-04 -0.95929963E-04 -0.98581643E-04 -0.10134330E-03 -0.10424021E-03 -0.10729416E-03 -0.11052061E-03 -0.11392549E-03 -0.11750222E-03 -0.12122901E-03 -0.12506712E-03 -0.12896009E-03 -0.13283456E-03 -0.13660259E-03 -0.14016563E-03 -0.14341986E-03 -0.14626268E-03 -0.14859937E-03 -0.15034996E-03
-0.28877643E-04 -0.30907109E-04 -0.33001909E-04 -0.35159863E-04 -0.37379432E-04 -0.39659706E-04 -0.42000309E-04 -0.44401216E-04 -0.46862485E-04 -0.49383962E-04 -0.51964849E-04 -0.54603561E-04 -0.57297176E-04 -0.60041438E-04 -0.62830536E-04 -0.65657150E-04 -0.68512615E-04 -0.71387227E-04 -0.74270720E-04 -0.77152860E-04 -0.80024162E-04 -0.82876721E-04 -0.85705069E-04 -0.88507175E-04 -0.91285059E-04 -0.94045847E-04 -0.96802230E-04 -0.99572847E-04 -0.10238229E-03 -0.10526063E-03 -0.10824246E-03 -0.11136513E-03 -0.11466644E-03 -0.11818153E-03 -0.12193913E-03 -0.12595740E-03 -0.13023961E-03 -0.13477009E-03 -0.13951097E-03 -0.14440008E-03 -0.14935079E-03 -0.15425388E-03 -0.15898175E-03 -0.16339481E-03 -0.16734965E-03 -0.17070851E-03 -0.17334855E-03 -0.17517116E-03
-0.31758074E-04 -0.33974084E-04 -0.36273192E-04 -0.38654583E-04 -0.41117901E-04 -0.43663160E-04 -0.46290554E-04 -0.49000169E-04 -0.51791627E-04 -0.54663720E-04 -0.57613930E-04 -0.60638235E-04 -0.63730598E-04 -0.66883132E-04 -0.70085861E-04 -0.73327042E-04 -0.76593543E-04 -0.79871432E-04 -0.83146751E-04 -0.86406447E-04 -0.89639427E-04 -0.92838020E-04 -0.95997888E-04 -0.99120880E-04 -0.10221505E-03 -0.10529568E-03 -0.10838585E-03 -0.11151665E-03 -0.11472685E-03 -0.11806197E-03 -0.12157252E-03 -0.12531135E-03 -0.12932984E-03 -0.13367471E-03 -0.13838063E-03 -0.14346588E-03 -0.14892617E-03 -0.15472942E-03 -0.16081181E-03 -0.16707579E-03 -0.17339091E-03 -0.17959761E-03 -0.18551433E-03 -0.19094740E-03 -0.19570330E-03 -0.19960154E-03 -0.20248790E-03 -0.20424562E-03
-0.34956132E-04 -0.37367524E-04 -0.39882400E-04 -0.42501411E-04 -0.45225391E-04 -0.48055157E-04 -0.50991210E-04 -0.54033341E-04 -0.57180208E-04 -0.60428808E-04 -0.63774182E-04 -0.67208900E-04 -0.70723056E-04 -0.74304146E-04 -0.77937329E-04 -0.81606193E-04 -0.85292322E-04 -0.88977908E-04 -0.92645850E-04 -0.96281344E-04 -0.99873330E-04 -0.10341590E-03 -0.10690978E-03 -0.11036368E-03 -0.11379540E-03 -0.11723261E-03 -0.12071339E-03 -0.12428600E-03 -0.12800813E-03 -0.13194518E-03 -0.13616756E-03 -0.14074680E-03 -0.14575034E-03 -0.15123524E-03 -0.15724084E-03 -0.16378096E-03 -0.17083627E-03 -0.17834771E-03 -0.18621179E-03 -0.19428048E-03 -0.20236177E-03 -0.21022809E-03 -0.21762728E-03 -0.22429748E-03 -0.22998457E-03 -0.23445974E-03 -0.23753650E-03 -0.23908395E-03
-0.38529801E-04 -0.41143932E-04 -0.43884592E-04 -0.46753940E-04 -0.49753903E-04 -0.52885866E-04 -0.56150242E-04 -0.59545975E-04 -0.63070044E-04 -0.66716877E-04 -0.70478106E-04 -0.74342330E-04 -0.78294280E-04 -0.82316395E-04 -0.86388423E-04 -0.90488491E-04 -0.94594248E-04 -0.98684259E-04 -0.10273972E-03 -0.10674605E-03 -0.11069493E-03 -0.11458595E-03 -0.11842837E-03 -0.12224257E-03 -0.12606113E-03 -0.12992955E-03 -0.13390639E-03 -0.13806266E-03 -0.14248028E-03 -0.14724940E-03 -0.15246437E-03 -0.15821813E-03 -0.16459504E-03 -0.17166249E-03 -0.17945948E-03 -0.18798832E-03 -0.19720477E-03 -0.20701499E-03 -0.21724683E-03 -0.22768619E-03 -0.23805950E-03 -0.24805097E-03 -0.25731980E-03 -0.26552303E-03 -0.27233737E-03 -0.27748403E-03 -0.28074834E-03 -0.28199427E-03
-0.42547719E-04 -0.45369764E-04 -0.48344002E-04 -0.51474054E-04 -0.54762742E-04 -0.58211645E-04 -0.61820548E-04 -0.65586854E-04 -0.69505290E-04 -0.73566373E-04 -0.77757458E-04 -0.82061837E-04 -0.86459104E-04 -0.90925701E-04 -0.95435863E-04 -0.99962978E-04 -0.10448124E-03 -0.10896766E-03 -0.11340409E-03 -0.11777962E-03 -0.12209279E-03 -0.12635350E-03 -0.13058499E-03 -0.13482523E-03 -0.13912829E-03 -0.14356312E-03 -0.14821553E-03 -0.15318538E-03 -0.15858446E-03 -0.16453249E-03 -0.17115145E-03 -0.17855785E-03 -0.18685879E-03 -0.19611866E-03 -0.20637595E-03 -0.21761145E-03 -0.22974047E-03 -0.24260376E-03 -0.25596358E-03 -0.26950631E-03 -0.28285331E-03 -0.29557967E-03 -0.30723998E-03 -0.31739874E-03 -0.32566146E-03 -0.33170464E-03 -0.33529720E-03 -0.33631333E-03
-0.47089794E-04 -0.50121872E-04 -0.53334338E-04 -0.56732091E-04 -0.60318526E-04 -0.64095128E-04 -0.68059986E-04 -0.72208324E-04 -0.76531109E-04 -0.81014949E-04 -0.85641651E-04 -0.90388664E-04 -0.95229539E-04 -0.10013496E-03 -0.10507426E-03 -0.11001745E-03 -0.11493740E-03 -0.11981256E-03 -0.12462963E-03 -0.12938624E-03 -0.13409386E-03 -0.13877850E-03 -0.14348466E-03 -0.14827516E-03 -0.15323203E-03 -0.15845642E-03 -0.16406745E-03 -0.17020003E-03 -0.17700117E-03 -0.18463030E-03 -0.19323090E-03 -0.20294799E-03 -0.21389819E-03 -0.22615832E-03 -0.23974848E-03 -0.25461531E-03 -0.27061732E-03 -0.28751517E-03 -0.30496934E-03 -0.32254741E-03 -0.33974236E-03 -0.35600109E-03 -0.37076126E-03 -0.38349239E-03 -0.39373550E-03 -0.40113700E-03 -0.40547049E-03 -0.40664441E-03
-0.52247356E-04 -0.55487611E-04 -0.58938740E-04 -0.62606915E-04 -0.66495219E-04 -0.70604133E-04 -0.74930012E-04 -0.79464616E-04 -0.84194548E-04 -0.89100948E-04 -0.94159725E-04 -0.99342080E-04 -0.10461562E-03 -0.10994606E-03 -0.11529953E-03 -0.12064513E-03 -0.12595819E-03 -0.13122380E-03 -0.13643854E-03 -0.14161574E-03 -0.14678662E-03 -0.15200280E-03 -0.15733771E-03 -0.16288726E-03 -0.16876978E-03 -0.17512505E-03 -0.18211229E-03 -0.18991382E-03 -0.19870604E-03 -0.20868416E-03 -0.22003283E-03 -0.23291721E-03 -0.24746611E-03 -0.26375240E-03 -0.28177165E-03 -0.30142143E-03 -0.32248424E-03 -0.34461779E-03 -0.36735605E-03 -0.39012360E-03 -0.41226455E-03 -0.43308425E-03 -0.45189999E-03 -0.46809409E-03 -0.48116238E-03 -0.49074969E-03 -0.49666723E-03 -0.49888854E-03
-0.58122826E-04 -0.61564582E-04 -0.65249593E-04 -0.69184579E-04 -0.73372533E-04 -0.77811998E-04 -0.82496328E-04 -0.87413040E-04 -0.92543452E-04 -0.97862634E-04 -0.10334016E-03 -0.10894123E-03 -0.11462848E-03 -0.12036464E-03 -0.12611588E-03 -0.13185421E-03 -0.13756316E-03 -0.14324051E-03 -0.14890213E-03 -0.15458512E-03 -0.16035024E-03 -0.16628347E-03 -0.17249667E-03 -0.17912735E-03 -0.18633758E-03 -0.19431911E-03 -0.20326621E-03 -0.21340303E-03 -0.22495840E-03 -0.23816106E-03 -0.25322713E-03 -0.27034333E-03 -0.28964602E-03 -0.31119634E-03 -0.33495390E-03 -0.36075173E-03 -0.38827699E-03 -0.41706241E-03 -0.44649284E-03 -0.47582984E-03 -0.50425494E-03 -0.53092808E-03 -0.55505483E-03 -0.57595252E-03 -0.59310544E-03 -0.60619846E-03 -0.61512317E-03 -0.61995459E-03
-0.64828905E-04 -0.68458835E-04 -0.72366398E-04 -0.76558245E-04 -0.81036149E-04 -0.85796049E-04 -0.90827379E-04 -0.96112532E-04 -0.10162678E-03 -0.10733892E-03 -0.11321246E-03 -0.11920769E-03 -0.12528488E-03 -0.13140643E-03 -0.13754313E-03 -0.14367743E-03 -0.14980834E-03 -0.15595581E-03 -0.16216438E-03 -0.16850596E-03 -0.17508152E-03 -0.18202158E-03 -0.18948544E-03 -0.19766601E-03 -0.20676622E-03 -0.21702328E-03 -0.22868861E-03 -0.24202615E-03 -0.25730524E-03 -0.27479010E-03 -0.29472502E-03 -0.31731421E-03 -0.34269599E-03 -0.37091244E-03 -0.40187698E-03 -0.43534483E-03 -0.47089172E-03 -0.50790781E-03 -0.54561229E-03 -0.58309173E-03 -0.61936149E-03 -0.65344443E-03 -0.68445641E-03 -0.71168502E-03 -0.73464831E-03 -0.75312069E-03 -0.76712067E-03 -0.77686038E-03
-0.72485824E-04 -0.76283884E-04 -0.80395232E-04 -0.84825812E-04 -0.89575355E-04 -0.94636346E-04 -0.99993386E-04 -0.10562310E-03 -0.11149446E-03 -0.11757026E-03 -0.12380953E-03 -0.13016943E-03 -0.13661105E-03 -0.14310325E-03 -0.14962822E-03 -0.15618699E-03 -0.16280462E-03 -0.16953469E-03 -0.17646243E-03 -0.18370663E-03 -0.19141966E-03 -0.19978598E-03 -0.20902849E-03 -0.21937542E-03 -0.23109433E-03 -0.24446559E-03 -0.25978295E-03 -0.27734831E-03 -0.29746439E-03 -0.32042396E-03 -0.34649333E-03 -0.37588914E-03 -0.40874730E-03 -0.44508648E-03 -0.48476888E-03 -0.52746507E-03 -0.57263112E-03 -0.61950603E-03 -0.66713680E-03 -0.71443377E-03 -0.76025370E-03 -0.80350096E-03 -0.84323158E-03 -0.87874278E-03 -0.90962997E-03 -0.93579927E-03 -0.95743094E-03 -0.97489772E-03
-0.81219031E-04 -0.85157470E-04 -0.89445424E-04 -0.94087578E-04 -0.99081052E-04 -0.10441384E-03 -0.11006509E-03 -0.11600532E-03 -0.12219789E-03 -0.12860024E-03 -0.13516896E-03 -0.14186322E-03 -0.14865062E-03 -0.15551344E-03 -0.16245519E-03 -0.16950686E-03 -0.17673232E-03 -0.18423225E-03 -0.19214604E-03 -0.20065155E-03 -0.20996896E-03 -0.22033587E-03 -0.23202786E-03 -0.24533714E-03 -0.26057035E-03 -0.27804383E-03 -0.29807988E-03 -0.32100303E-03 -0.34713479E-03 -0.37678409E-03 -0.41023084E-03 -0.44770003E-03 -0.48932577E-03 -0.53510700E-03 -0.58486017E-03 -0.63817723E-03 -0.69439977E-03 -0.75262038E-03 -0.81171968E-03 -0.87044035E-03 -0.92749348E-03 -0.98168237E-03 -0.10320232E-02 -0.10778407E-02 -0.11188189E-02 -0.11549970E-02 -0.11867093E-02 -0.12144807E-02
