Basic/Day4/qtaim/mof/mof_pl2d.SURFGRHO
DSAA
 161 161
-0.75589045E+01  0.75589045E+01  0.94486307E-01
-0.75589045E+01  0.75589045E+01  0.94486307E-01
 0.00000000E+00  0.00000000E+00
[rows 44 to 65 of 161, columns 48 to 95 of 161]
0.21512921E-03 0.21674491E-03 0.21767763E-03 0.21789664E-03 0.21738131E-03 0.21612379E-03 0.21413165E-03 0.21143012E-03 0.20806406E-03 0.20409942E-03 0.19962432E-03 0.19474983E-03 0.18961052E-03 0.18436500E-03 0.17919650E-03 0.17431350E-03 0.16995008E-03 0.16636546E-03 0.16384150E-03 0.16267708E-03 0.16317838E-03 0.16564559E-03 0.17035816E-03 0.17756288E-03 0.18746845E-03 0.20024862E-03 0.21605222E-03 0.23501653E-03 0.25727979E-03 0.28299009E-03 0.31230920E-03 0.34541147E-03 0.38247790E-03 0.42368643E-03 0.46919848E-03 0.51914273E-03 0.57359638E-03 0.63256489E-03 0.69596098E-03 0.76358408E-03 0.83510143E-03 0.91003271E-03 0.98773922E-03 0.10674194E-02 0.11481117E-02 0.12287061E-02 0.13079642E-02 0.13845487E-02
0.27467300E-03 0.27691495E-03 0.27828180E-03 0.27872596E-03 0.27821251E-03 0.27672302E-03 0.27425921E-03 0.27084604E-03 0.26653434E-03 0.26140268E-03 0.25555873E-03 0.24914000E-03 0.24231437E-03 0.23528051E-03 0.22826838E-03 0.22153995E-03 0.21538973E-03 0.21014454E-03 0.20616112E-03 0.20381992E-03 0.20351369E-03 0.20563082E-03 0.21053604E-03 0.21855348E-03 0.22995798E-03 0.24497777E-03 0.26380755E-03 0.28662694E-03 0.31361852E-03 0.34498108E-03 0.38093603E-03 0.42172657E-03 0.46761031E-03 0.51884618E-03 0.57567632E-03 0.63830386E-03 0.70686738E-03 0.78141293E-03 0.86186483E-03 0.94799724E-03 0.10394077E-02 0.11354951E-02 0.12354441E-02 0.13382178E-02 0.14425610E-02 0.15470144E-02 0.16499414E-02 0.17495673E-02
0.34920414E-03 0.35230587E-03 0.35428665E-03 0.35507441E-03 0.35461322E-03 0.35286875E-03 0.34983321E-03 0.34552963E-03 0.34001526E-03 0.33338392E-03 0.32576749E-03 0.31733660E-03 0.30830090E-03 0.29890919E-03 0.28944974E-03 0.28025100E-03 0.27168240E-03 0.26415459E-03 0.25811739E-03 0.25405349E-03 0.25246540E-03 0.25385520E-03 0.25869940E-03 0.26742533E-03 0.28039721E-03 0.29791752E-03 0.32024330E-03 0.34761136E-03 0.38026400E-03 0.41846870E-03 0.46252812E-03 0.51278024E-03 0.56958887E-03 0.63332624E-03 0.70434857E-03 0.78296585E-03 0.86940678E-03 0.96378044E-03 0.10660362E-02 0.11759242E-02 0.12929582E-02 0.14163851E-02 0.15451622E-02 0.16779461E-02 0.18130955E-02 0.19486900E-02 0.20825650E-02 0.22123642E-02
0.44215413E-03 0.44643219E-03 0.44927393E-03 0.45057238E-03 0.45024163E-03 0.44822438E-03 0.44449872E-03 0.43908383E-03 0.43204426E-03 0.42349279E-03 0.41359187E-03 0.40255401E-03 0.39064148E-03 0.37816589E-03 0.36548810E-03 0.35301883E-03 0.34121981E-03 0.33060477E-03 0.32173836E-03 0.31523027E-03 0.31172118E-03 0.31185874E-03 0.31626558E-03 0.32550672E-03 0.34006774E-03 0.36035285E-03 0.38670452E-03 0.41943726E-03 0.45887391E-03 0.50537448E-03 0.55935189E-03 0.62127337E-03 0.69164871E-03 0.77100700E-03 0.85986365E-03 0.95867938E-03 0.10678125E-02 0.11874664E-02 0.13176346E-02 0.14580460E-02 0.16081142E-02 0.17668940E-02 0.19330493E-02 0.21048371E-02 0.22801095E-02 0.24563378E-02 0.26306588E-02 0.27999446E-02
0.55767039E-03 0.56354456E-03 0.56757606E-03 0.56960914E-03 0.56951613E-03 0.56720789E-03 0.56264291E-03 0.55583475E-03 0.54685732E-03 0.53584797E-03 0.52300872E-03 0.50860574E-03 0.49296813E-03 0.47648640E-03 0.45961168E-03 0.44285603E-03 0.42679408E-03 0.41206522E-03 0.39937425E-03 0.38948699E-03 0.38321629E-03 0.38139472E-03 0.38483476E-03 0.39428465E-03 0.41039479E-03 0.43370945E-03 0.46468871E-03 0.50375293E-03 0.55133344E-03 0.60791445E-03 0.67405714E-03 0.75040371E-03 0.83766264E-03 0.93657776E-03 0.10478841E-02 0.11722519E-02 0.13102224E-02 0.14621356E-02 0.16280559E-02 0.18076968E-02 0.20003506E-02 0.22048287E-02 0.24194170E-02 0.26418515E-02 0.28693204E-02 0.30984944E-02 0.33255891E-02 0.35464570E-02
0.70077249E-03 0.70878749E-03 0.71443311E-03 0.71748661E-03 0.71776361E-03 0.71513236E-03 0.70952582E-03 0.70095112E-03 0.68949578E-03 0.67533073E-03 0.65871054E-03 0.63997146E-03 0.61952828E-03 0.59787112E-03 0.57556335E-03 0.55324139E-03 0.53161694E-03 0.51148099E-03 0.49370734E-03 0.47925138E-03 0.46913788E-03 0.46443177E-03 0.46619012E-03 0.47540357E-03 0.49294590E-03 0.51955418E-03 0.55585087E-03 0.60240072E-03 0.65978075E-03 0.72864072E-03 0.80973969E-03 0.90395447E-03 0.10122613E-02 0.11356950E-02 0.12752899E-02 0.14320041E-02 0.16066320E-02 0.17997077E-02 0.20114023E-02 0.22414224E-02 0.24889138E-02 0.27523794E-02 0.30296166E-02 0.33176843E-02 0.36129030E-02 0.39108945E-02 0.42066641E-02 0.44947241E-02
0.87755825E-03 0.88840658E-03 0.89619815E-03 0.90061967E-03 0.90141146E-03 0.89838659E-03 0.89144683E-03 0.88059426E-03 0.86593822E-03 0.84769752E-03 0.82619864E-03 0.80187102E-03 0.77524080E-03 0.74692482E-03 0.71762631E-03 0.68813388E-03 0.65932447E-03 0.63216998E-03 0.60774527E-03 0.58723246E-03 0.57191343E-03 0.56314123E-03 0.56228461E-03 0.57065220E-03 0.58941882E-03 0.61958631E-03 0.66200109E-03 0.71742465E-03 0.78662879E-03 0.87048232E-03 0.97000598E-03 0.10863880E-02 0.12209622E-02 0.13751538E-02 0.15504002E-02 0.17480496E-02 0.19692429E-02 0.22147830E-02 0.24849963E-02 0.27795953E-02 0.30975477E-02 0.34369644E-02 0.37950152E-02 0.41678813E-02 0.45507542E-02 0.49378886E-02 0.53227096E-02 0.56979771E-02
0.10954843E-02 0.11100311E-02 0.11206179E-02 0.11268108E-02 0.11282519E-02 0.11246849E-02 0.11159758E-02 0.11021271E-02 0.10832844E-02 0.10597370E-02 0.10319121E-02 0.10003655E-02 0.96577031E-03 0.92890625E-03 0.89065189E-03 0.85198211E-03 0.81397191E-03 0.77780678E-03 0.74479726E-03 0.71639219E-03 0.69418021E-03 0.67986607E-03 0.67521035E-03 0.68193429E-03 0.70161500E-03 0.73561583E-03 0.78509096E-03 0.85106885E-03 0.93458024E-03 0.10367812E-02 0.11590351E-02 0.13029399E-02 0.14703017E-02 0.16630641E-02 0.18832024E-02 0.21325873E-02 0.24128269E-02 0.27250909E-02 0.30699252E-02 0.34470662E-02 0.38552655E-02 0.42921391E-02 0.47540526E-02 0.52360572E-02 0.57318871E-02 0.62340266E-02 0.67338522E-02 0.72218484E-02
0.13637574E-02 0.13830712E-02 0.13972314E-02 0.14056447E-02 0.14078266E-02 0.14034357E-02 0.13923000E-02 0.13744334E-02 0.13500420E-02 0.13195199E-02 0.12834382E-02 0.12425272E-02 0.11976570E-02 0.11498199E-02 0.11001164E-02 0.10497507E-02 0.10000348E-02 0.95240398E-03 0.90844105E-03 0.86990291E-03 0.83873722E-03 0.81707054E-03 0.80714831E-03 0.81122010E-03 0.83139479E-03 0.86952497E-03 0.92718472E-03 0.10057627E-02 0.11066308E-02 0.12313183E-02 0.13816327E-02 0.15597051E-02 0.17679599E-02 0.20090225E-02 0.22855780E-02 0.26001900E-02 0.29550895E-02 0.33519400E-02 0.37915909E-02 0.42738300E-02 0.47971497E-02 0.53585463E-02 0.59533666E-02 0.65752221E-02 0.72159830E-02 0.78658640E-02 0.85136077E-02 0.91467649E-02
0.16938893E-02 0.17192886E-02 0.17379505E-02 0.17490721E-02 0.17520067E-02 0.17463088E-02 0.17317688E-02 0.17084312E-02 0.16765992E-02 0.16368241E-02 0.15898836E-02 0.15367523E-02 0.14785695E-02 0.14166093E-02 0.13522589E-02 0.12870075E-02 0.12224521E-02 0.11603189E-02 0.11025012E-02 0.10511048E-02 0.10084888E-02 0.97727566E-03 0.96030025E-03 0.96047837E-03 0.98061256E-03 0.10232100E-02 0.10904120E-02 0.11840884E-02 0.13060563E-02 0.14583238E-02 0.16432680E-02 0.18637071E-02 0.21228671E-02 0.24242617E-02 0.27715041E-02 0.31680678E-02 0.36170059E-02 0.41206406E-02 0.46802375E-02 0.52956784E-02 0.59651554E-02 0.66849043E-02 0.74490044E-02 0.82492613E-02 0.90751956E-02 0.99141476E-02 0.10751507E-01 0.11571070E-01
0.21004873E-02 0.21336213E-02 0.21579136E-02 0.21722847E-02 0.21758773E-02 0.21681175E-02 0.21487593E-02 0.21179063E-02 0.20760120E-02 0.20238599E-02 0.19625258E-02 0.18933302E-02 0.18177855E-02 0.17375488E-02 0.16543840E-02 0.15701435E-02 0.14867719E-02 0.14063356E-02 0.13310781E-02 0.12634935E-02 0.12064017E-02 0.11629952E-02 0.11368117E-02 0.11315930E-02 0.11510330E-02 0.11985025E-02 0.12768993E-02 0.13887278E-02 0.15363780E-02 0.17224645E-02 0.19500860E-02 0.22229377E-02 0.25452755E-02 0.29217596E-02 0.33572075E-02 0.38562772E-02 0.44230991E-02 0.50608692E-02 0.57714240E-02 0.65548151E-02 0.74089103E-02 0.83290493E-02 0.93077787E-02 0.10334695E-01 0.11396417E-01 0.12476703E-01 0.13556724E-01 0.14615498E-01
0.26023734E-02 0.26453707E-02 0.26767348E-02 0.26950154E-02 0.26990758E-02 0.26881761E-02 0.26620317E-02 0.26208410E-02 0.25652806E-02 0.24964709E-02 0.24159168E-02 0.23254312E-02 0.22270525E-02 0.21229681E-02 0.20154527E-02 0.19068339E-02 0.17994918E-02 0.16958972E-02 0.15986891E-02 0.15107859E-02 0.14355117E-02 0.13766983E-02 0.13387040E-02 0.13262760E-02 0.13442347E-02 0.13970729E-02 0.14886807E-02 0.16223856E-02 0.18013019E-02 0.20288006E-02 0.23088831E-02 0.26463527E-02 0.30467769E-02 0.35162850E-02 0.40612440E-02 0.46878447E-02 0.54016236E-02 0.62069378E-02 0.71064178E-02 0.81004235E-02 0.91865343E-02 0.10359105E-01 0.11608921E-01 0.12922978E-01 0.14284414E-01 0.15672615E-01 0.17063508E-01 0.18430063E-01
0.32241469E-02 0.32798829E-02 0.33202985E-02 0.33434356E-02 0.33477717E-02 0.33323354E-02 0.32967874E-02 0.32414582E-02 0.31673397E-02 0.30760318E-02 0.29696518E-02 0.28507170E-02 0.27220163E-02 0.25864874E-02 0.24471165E-02 0.23068760E-02 0.21687126E-02 0.20355921E-02 0.19106062E-02 0.17971331E-02 0.16990339E-02 0.16208397E-02 0.15678441E-02 0.15459951E-02 0.15615127E-02 0.16203216E-02 0.17275895E-02 0.18876883E-02 0.21046283E-02 0.23827049E-02 0.27270345E-02 0.31438065E-02 0.36402459E-02 0.42243503E-02 0.49044687E-02 0.56887680E-02 0.65846208E-02 0.75979405E-02 0.87324911E-02 0.99892057E-02 0.11365546E-01 0.12854936E-01 0.14446308E-01 0.16123777E-01 0.17866481E-01 0.19648614E-01 0.21439672E-01 0.23204965E-01
0.39983140E-02 0.40708734E-02 0.41232747E-02 0.41528455E-02 0.41575056E-02 0.41359330E-02 0.40876817E-02 0.40132403E-02 0.39140242E-02 0.37923002E-02 0.36510533E-02 0.34938098E-02 0.33244393E-02 0.31469604E-02 0.29653764E-02 0.27835655E-02 0.26052429E-02 0.24340092E-02 0.22734896E-02 0.21275605E-02 0.20006427E-02 0.18980077E-02 0.18259904E-02 0.17919444E-02 0.18037979E-02 0.18692696E-02 0.19951364E-02 0.21870610E-02 0.24501283E-02 0.27897380E-02 0.32123627E-02 0.37259102E-02 0.43396844E-02 0.50640450E-02 0.59098662E-02 0.68878606E-02 0.80078129E-02 0.92777574E-02 0.10703133E-01 0.12285949E-01 0.14023998E-01 0.15910140E-01 0.17931682E-01 0.20069877E-01 0.22299558E-01 0.24588965E-01 0.26899801E-01 0.29187641E-01
0.49681081E-02 0.50635423E-02 0.51325287E-02 0.51713598E-02 0.51771155E-02 0.51479058E-02 0.50830539E-02 0.49831961E-02 0.48502857E-02 0.46874964E-02 0.44990321E-02 0.42898651E-02 0.40654323E-02 0.38313298E-02 0.35930455E-02 0.33557667E-02 0.31242945E-02 0.29030834E-02 0.26964179E-02 0.25087235E-02 0.23449900E-02 0.22112477E-02 0.21149578E-02 0.20650868E-02 0.20716122E-02 0.21444589E-02 0.22923811E-02 0.25225821E-02 0.28413855E-02 0.32554705E-02 0.37729334E-02 0.44037933E-02 0.51599449E-02 0.60547211E-02 0.71022080E-02 0.83164088E-02 0.97103131E-02 0.11294915E-01 0.13078212E-01 0.15064226E-01 0.17252048E-01 0.19634933E-01 0.22199427E-01 0.24924531E-01 0.27780928E-01 0.30730335E-01 0.33725106E-01 0.36708289E-01
0.61910898E-02 0.63185992E-02 0.64115723E-02 0.64647657E-02 0.64739531E-02 0.64362932E-02 0.63506220E-02 0.62176337E-02 0.60399214E-02 0.58218649E-02 0.55693676E-02 0.52894727E-02 0.49899012E-02 0.46785720E-02 0.43631682E-02 0.40508092E-02 0.37478760E-02 0.34600239E-02 0.31923964E-02 0.29500442E-02 0.27385238E-02 0.25646084E-02 0.24369398E-02 0.23662980E-02 0.23650805E-02 0.24458763E-02 0.26198021E-02 0.28958195E-02 0.32816006E-02 0.37852485E-02 0.44167699E-02 0.51887552E-02 0.61163122E-02 0.72165056E-02 0.85075118E-02 0.10007619E-01 0.11734144E-01 0.13702314E-01 0.15924153E-01 0.18407360E-01 0.21154199E-01 0.24160317E-01 0.27413463E-01 0.30892045E-01 0.34563556E-01 0.38382994E-01 0.42291525E-01 0.46215783E-01
0.77435438E-02 0.79172359E-02 0.80461230E-02 0.81226450E-02 0.81405142E-02 0.80952812E-02 0.79848144E-02 0.78096292E-02 0.75730133E-02 0.72809158E-02 0.69415942E-02 0.65650558E-02 0.61623565E-02 0.57448506E-02 0.53234918E-02 0.49082816E-02 0.45079429E-02 0.41298700E-02 0.37803798E-02 0.34652664E-02 0.31906362E-02 0.29639431E-02 0.27950149E-02 0.26966301E-02 0.26840078E-02 0.27729018E-02 0.29771660E-02 0.33076462E-02 0.37733553E-02 0.43838947E-02 0.51514744E-02 0.60917931E-02 0.72239273E-02 0.85696228E-02 0.10152285E-01 0.11995842E-01 0.14123558E-01 0.16556861E-01 0.19314183E-01 0.22409773E-01 0.25852400E-01 0.29643788E-01 0.33776625E-01 0.38232037E-01 0.42976555E-01 0.47958812E-01 0.53106474E-01 0.58324129E-01
0.97255553E-02 0.99669390E-02 0.10150675E-01 0.10265689E-01 0.10302431E-01 0.10253763E-01 0.10115742E-01 0.98882198E-02 0.95751273E-02 0.91844093E-02 0.87275622E-02 0.82188267E-02 0.76741283E-02 0.71099062E-02 0.65419948E-02 0.59847115E-02 0.54502758E-02 0.49486417E-02 0.44877783E-02 0.40744016E-02 0.37151279E-02 0.34179574E-02 0.31938353E-02 0.30576955E-02 0.30280194E-02 0.31242784E-02 0.33633894E-02 0.37580288E-02 0.43183309E-02 0.50553415E-02 0.59837547E-02 0.71230012E-02 0.84970479E-02 0.10133519E-01 0.12062546E-01 0.14315569E-01 0.16924167E-01 0.19918982E-01 0.23328661E-01 0.27178707E-01 0.31489976E-01 0.36276495E-01 0.41542275E-01 0.47276894E-01 0.53449915E-01 0.60004627E-01 0.66852002E-01 0.73866206E-01
0.12266438E-01 0.12607786E-01 0.12875709E-01 0.13053814E-01 0.13127443E-01 0.13085045E-01 0.12919473E-01 0.12629019E-01 0.12218012E-01 0.11696863E-01 0.11081488E-01 0.10392147E-01 0.96518525E-02 0.88845494E-02 0.81133401E-02 0.73589939E-02 0.66389522E-02 0.59669529E-02 0.53533280E-02 0.48059685E-02 0.43319134E-02 0.39394563E-02 0.36404693E-02 0.34521499E-02 0.33967454E-02 0.34980801E-02 0.37763752E-02 0.42457775E-02 0.49169751E-02 0.58021927E-02 0.69188533E-02 0.82908426E-02 0.99481462E-02 0.11925789E-01 0.14262618E-01 0.17000191E-01 0.20181847E-01 0.23851982E-01 0.28055345E-01 0.32836070E-01 0.38235905E-01 0.44291030E-01 0.51026835E-01 0.58450332E-01 0.66540344E-01 0.75236379E-01 0.84427840E-01 0.93945834E-01
0.15529869E-01 0.16018480E-01 0.16414699E-01 0.16694178E-01 0.16834383E-01 0.16816721E-01 0.16628629E-01 0.16265322E-01 0.15730938E-01 0.15038820E-01 0.14210831E-01 0.13275719E-01 0.12266736E-01 0.11218839E-01 0.10165889E-01 0.91382473E-02 0.81611202E-02 0.72538283E-02 0.64300970E-02 0.56993334E-02 0.50688189E-02 0.45466868E-02 0.41453341E-02 0.38842373E-02 0.37900167E-02 0.38916506E-02 0.42127994E-02 0.47682433E-02 0.55681117E-02 0.66252181E-02 0.79598908E-02 0.96013085E-02 0.11586863E-01 0.13960925E-01 0.16773708E-01 0.20080500E-01 0.23941343E-01 0.28421055E-01 0.33589251E-01 0.39519739E-01 0.46288339E-01 0.53968020E-01 0.62620348E-01 0.72282730E-01 0.82951856E-01 0.94564973E-01 0.10698188E+00 0.11997147E+00
0.19717698E-01 0.20420874E-01 0.21009449E-01 0.21447400E-01 0.21700343E-01 0.21738777E-01 0.21541368E-01 0.21097823E-01 0.20410918E-01 0.19497262E-01 0.18386558E-01 0.17119355E-01 0.15743535E-01 0.14310043E-01 0.12868517E-01 0.11463465E-01 0.10131550E-01 0.89002829E-02 0.77882588E-02 0.68068504E-02 0.59632397E-02 0.52646114E-02 0.47231218E-02 0.43603481E-02 0.42080448E-02 0.43014813E-02 0.46678241E-02 0.53209493E-02 0.62684939E-02 0.75227921E-02 0.91071431E-02 0.11056992E-01 0.13418845E-01 0.16248906E-01 0.19612261E-01 0.23582877E-01 0.28244418E-01 0.33691597E-01 0.40031419E-01 0.47383139E-01 0.55875352E-01 0.65638365E-01 0.76790287E-01 0.89416158E-01 0.10354101E+00 0.11909976E+00 0.13590895E+00 0.15364633E+00
0.25070982E-01 0.26081123E-01 0.26951516E-01 0.27629437E-01 0.28063210E-01 0.28207009E-01 0.28025854E-01 0.27500175E-01 0.26629249E-01 0.25432863E-01 0.23950723E-01 0.22239466E-01 0.20367568E-01 0.18408900E-01 0.16435967E-01 0.14513902E-01 0.12696094E-01 0.11021970E-01 0.95170810E-02 0.81953632E-02 0.70633156E-02 0.61258740E-02 0.53935813E-02 0.48895372E-02 0.46515698E-02 0.47230184E-02 0.51347261E-02 0.58971588E-02 0.70123186E-02 0.84903040E-02 0.10357291E-01 0.12656121E-01 0.15444514E-01 0.18793658E-01 0.22788094E-01 0.27527081E-01 0.33127292E-01 0.39726293E-01 0.47485596E-01 0.56591369E-01 0.67250162E-01 0.79676804E-01 0.94072114E-01 0.11058966E+00 0.12929341E+00 0.15011143E+00 0.17279383E+00 0.19688470E+00
