Basic/Day4/qtaim/mof/mof_pl2d.SURFKKIN
DSAA
 161 161
-0.75589045E+01  0.75589045E+01  0.94486307E-01
-0.75589045E+01  0.75589045E+01  0.94486307E-01
 0.00000000E+00  0.00000000E+00
[rows 126 to 146 of 161, columns 96 to 143 of 161]
0.81855130E-01 0.84333149E-01 0.85703158E-01 0.86139751E-01 0.85903253E-01 0.85305435E-01 0.84666604E-01 0.84268939E-01 0.84310565E-01 0.84865651E-01 0.85857548E-01 0.87053992E-01 0.88094405E-01 0.88558014E-01 0.88077221E-01 0.86493233E-01 0.84041256E-01 0.81540095E-01 0.80545553E-01 0.83408981E-01 0.93173718E-01 0.11326917E+00 0.14708175E+00 0.19767589E+00 0.26808629E+00 0.36237054E+00 0.48679094E+00 0.64944557E+00 0.85645651E+00 0.11046048E+01 0.13741386E+01 0.16284487E+01 0.18240206E+01 0.19250407E+01 0.19133348E+01 0.17912398E+01 0.15808269E+01 0.13194059E+01 0.10487009E+01 0.80143160E+00 0.59394609E+00 0.42826327E+00 0.29910673E+00 0.20001334E+00 0.12592644E+00 0.73019569E-01 0.37693660E-01 0.16077759E-01
0.66621937E-01 0.69122548E-01 0.70765197E-01 0.71659418E-01 0.71980364E-01 0.71945613E-01 0.71783891E-01 0.71699415E-01 0.71836199E-01 0.72247082E-01 0.72872965E-01 0.73538718E-01 0.73972917E-01 0.73858524E-01 0.72919844E-01 0.71046919E-01 0.68451295E-01 0.65836096E-01 0.64547532E-01 0.66657618E-01 0.74911288E-01 0.92489148E-01 0.12261324E+00 0.16818648E+00 0.23180291E+00 0.31635761E+00 0.42590710E+00 0.56559166E+00 0.73913733E+00 0.94363539E+00 0.11640038E+01 0.13718486E+01 0.15319116E+01 0.16135531E+01 0.16007456E+01 0.14964213E+01 0.13211144E+01 0.11065898E+01 0.88573637E+00 0.68301195E+00 0.51044056E+00 0.36993277E+00 0.25841292E+00 0.17190329E+00 0.10708001E+00 0.61023757E-01 0.30585745E-01 0.12230852E-01
0.52963746E-01 0.55288902E-01 0.56957156E-01 0.58035957E-01 0.58640797E-01 0.58919782E-01 0.59032084E-01 0.59122603E-01 0.59295809E-01 0.59592193E-01 0.59971312E-01 0.60306246E-01 0.60395255E-01 0.59997184E-01 0.58896699E-01 0.57002923E-01 0.54479006E-01 0.51891810E-01 0.50354879E-01 0.51624841E-01 0.58091627E-01 0.72607367E-01 0.98146645E-01 0.13740746E+00 0.19259655E+00 0.26562819E+00 0.35861691E+00 0.47394290E+00 0.61285332E+00 0.77222965E+00 0.94089169E+00 0.10984429E+01 0.12191237E+01 0.12798346E+01 0.12682450E+01 0.11869525E+01 0.10521883E+01 0.88791586E+00 0.71792102E+00 0.55955524E+00 0.42172669E+00 0.30678462E+00 0.21380712E+00 0.14099816E+00 0.86475121E-01 0.48065327E-01 0.23040161E-01 0.82467126E-02
0.41131967E-01 0.43185634E-01 0.44738456E-01 0.45830226E-01 0.46536173E-01 0.46956227E-01 0.47200407E-01 0.47371373E-01 0.47545603E-01 0.47755658E-01 0.47976146E-01 0.48117131E-01 0.48029467E-01 0.47528284E-01 0.46441056E-01 0.44683099E-01 0.42363218E-01 0.39909966E-01 0.38201030E-01 0.38662808E-01 0.43292184E-01 0.54546589E-01 0.75072858E-01 0.10732152E+00 0.15320180E+00 0.21397318E+00 0.29040155E+00 0.38282991E+00 0.49053505E+00 0.61003701E+00 0.73302977E+00 0.84564990E+00 0.93069670E+00 0.97265344E+00 0.96318479E+00 0.90418243E+00 0.80683973E+00 0.68740734E+00 0.56189601E+00 0.44225968E+00 0.33533846E+00 0.24400532E+00 0.16895732E+00 0.10990934E+00 0.65924732E-01 0.35337440E-01 0.15786421E-01 0.45329786E-02
0.31165290E-01 0.32918009E-01 0.34290289E-01 0.35303768E-01 0.36005937E-01 0.36463300E-01 0.36751555E-01 0.36943527E-01 0.37095870E-01 0.37235795E-01 0.37349623E-01 0.37375789E-01 0.37206098E-01 0.36700248E-01 0.35719168E-01 0.34181847E-01 0.32147172E-01 0.29916693E-01 0.28145503E-01 0.27937012E-01 0.30884077E-01 0.39009535E-01 0.54567822E-01 0.79713724E-01 0.11612297E+00 0.16471015E+00 0.22553863E+00 0.29781750E+00 0.37967469E+00 0.46747039E+00 0.55490601E+00 0.63277915E+00 0.69027826E+00 0.71784608E+00 0.71040241E+00 0.66919078E+00 0.60122909E+00 0.51674973E+00 0.42607414E+00 0.33740726E+00 0.25617144E+00 0.18547770E+00 0.12688786E+00 0.80882291E-01 0.46987651E-01 0.23840124E-01 0.94116604E-02 0.14004431E-02
0.22966389E-01 0.24423555E-01 0.25593992E-01 0.26486769E-01 0.27130103E-01 0.27566985E-01 0.27848719E-01 0.28026803E-01 0.28143633E-01 0.28222746E-01 0.28259686E-01 0.28215301E-01 0.28014348E-01 0.27553389E-01 0.26722704E-01 0.25446573E-01 0.23744239E-01 0.21809743E-01 0.20102336E-01 0.19430344E-01 0.21000567E-01 0.26395617E-01 0.37441725E-01 0.55952443E-01 0.83385152E-01 0.12050507E+00 0.16716086E+00 0.22219425E+00 0.28338053E+00 0.34727212E+00 0.40900317E+00 0.46239570E+00 0.50076952E+00 0.51848375E+00 0.51263435E+00 0.48402890E+00 0.43689238E+00 0.37749557E+00 0.31246432E+00 0.24753034E+00 0.18702001E+00 0.13387900E+00 0.89853405E-01 0.55607235E-01 0.30801936E-01 0.14263932E-01 0.42909425E-02 -0.97365379E-03
0.16366741E-01 0.17550013E-01 0.18519526E-01 0.19275903E-01 0.19833937E-01 0.20219966E-01 0.20467827E-01 0.20613569E-01 0.20689163E-01 0.20715510E-01 0.20695355E-01 0.20607283E-01 0.20402800E-01 0.20009545E-01 0.19344385E-01 0.18340233E-01 0.16989155E-01 0.15401439E-01 0.13875752E-01 0.12968667E-01 0.13543769E-01 0.16772169E-01 0.24052949E-01 0.36832415E-01 0.56331884E-01 0.83238343E-01 0.11744253E+00 0.15789166E+00 0.20256155E+00 0.24850574E+00 0.29197382E+00 0.32868966E+00 0.35441513E+00 0.36578658E+00 0.36116453E+00 0.34110409E+00 0.30819809E+00 0.26637847E+00 0.22002385E+00 0.17322436E+00 0.12935135E+00 0.90871102E-01 0.59279369E-01 0.35102853E-01 0.17992645E-01 0.69374134E-02 0.56474489E-03 -0.25514294E-02
0.11168375E-01 0.12106372E-01 0.12887233E-01 0.13506231E-01 0.13969048E-01 0.14290385E-01 0.14491630E-01 0.14597622E-01 0.14632585E-01 0.14615318E-01 0.14553884E-01 0.14440499E-01 0.14247948E-01 0.13929684E-01 0.13426517E-01 0.12683008E-01 0.11676114E-01 0.10456665E-01 0.92010263E-02 0.82654239E-02 0.82293497E-02 0.99080422E-02 0.14310116E-01 0.22520337E-01 0.35504859E-01 0.53866448E-01 0.77607630E-01 0.10596898E+00 0.13738712E+00 0.16957904E+00 0.19974013E+00 0.22485344E+00 0.24211216E+00 0.24941286E+00 0.24579574E+00 0.23166840E+00 0.20871334E+00 0.17951770E+00 0.14707382E+00 0.11430827E+00 0.83724845E-01 0.57172725E-01 0.35727323E-01 0.19683927E-01 0.86684616E-02 0.18446794E-02 -0.18365532E-02 -0.34120456E-02
0.71680350E-02 0.78920810E-02 0.85025962E-02 0.89918561E-02 0.93596863E-02 0.96129193E-02 0.97642352E-02 0.98303847E-02 0.98297536E-02 0.97792143E-02 0.96903177E-02 0.95651520E-02 0.93926838E-02 0.91470408E-02 0.87898377E-02 0.82790171E-02 0.75864279E-02 0.67252340E-02 0.57859209E-02 0.49764197E-02 0.46573048E-02 0.53584985E-02 0.77604785E-02 0.12624111E-01 0.20662536E-01 0.32367341E-01 0.47824378E-01 0.66570212E-01 0.87536906E-01 0.10911087E+00 0.12930392E+00 0.14601493E+00 0.15734714E+00 0.16192974E+00 0.15917269E+00 0.14938249E+00 0.13370029E+00 0.11388189E+00 0.91986820E-01 0.70055018E-01 0.49830587E-01 0.32567408E-01 0.18935578E-01 0.90354605E-02 0.25074894E-02 -0.12970362E-02 -0.31330004E-02 -0.37108395E-02
0.41702600E-02 0.47122546E-02 0.51739565E-02 0.55463791E-02 0.58259217E-02 0.60143603E-02 0.61184697E-02 0.61492323E-02 0.61205526E-02 0.60473524E-02 0.59429757E-02 0.58160003E-02 0.56668964E-02 0.54854557E-02 0.52504452E-02 0.49333319E-02 0.45079246E-02 0.39671549E-02 0.33467239E-02 0.27530818E-02 0.23900749E-02 0.25753497E-02 0.37350307E-02 0.63652441E-02 0.10953965E-01 0.17867751E-01 0.27223301E-01 0.38777255E-01 0.51871419E-01 0.65460365E-01 0.78227691E-01 0.88774465E-01 0.95845451E-01 0.98547750E-01 0.96513813E-01 0.89969490E-01 0.79689899E-01 0.66855208E-01 0.52842966E-01 0.39004297E-01 0.26468271E-01 0.16007985E-01 0.79872326E-02 0.23889227E-02 -0.10923590E-02 -0.29253707E-02 -0.36197645E-02 -0.36327656E-02
0.19942559E-02 0.23853212E-02 0.27211185E-02 0.29926074E-02 0.31945042E-02 0.33255842E-02 0.33887755E-02 0.33910021E-02 0.33426704E-02 0.32566541E-02 0.31466432E-02 0.30248197E-02 0.28990498E-02 0.27701285E-02 0.26300288E-02 0.24624685E-02 0.22472435E-02 0.19694785E-02 0.16340777E-02 0.12840873E-02 0.10196911E-02 0.10121631E-02 0.15053619E-02 0.27970096E-02 0.51945808E-02 0.89469512E-02 0.14162376E-01 0.20732826E-01 0.28289467E-01 0.36210300E-01 0.43688561E-01 0.49853497E-01 0.53919663E-01 0.55331580E-01 0.53870048E-01 0.49694726E-01 0.43313072E-01 0.35483867E-01 0.27078968E-01 0.18935103E-01 0.11727397E-01 0.58887593E-02 0.15866535E-02 -0.12460720E-02 -0.28425469E-02 -0.35185543E-02 -0.35965923E-02 -0.33519658E-02
0.47738794E-03 0.74681846E-03 0.97954629E-03 0.11672446E-02 0.13041331E-02 0.13874239E-02 0.14176726E-02 0.13989905E-02 0.13390152E-02 0.12484993E-02 0.11403616E-02 0.10280952E-02 0.92357033E-03 0.83450407E-03 0.76218161E-03 0.70031707E-03 0.63612881E-03 0.55462177E-03 0.44658373E-03 0.31986282E-03 0.21208577E-03 0.20152275E-03 0.41137629E-03 0.10025053E-02 0.21508378E-02 0.40092687E-02 0.66593262E-02 0.10063832E-01 0.14035544E-01 0.18235814E-01 0.22210644E-01 0.25460973E-01 0.27533140E-01 0.28108250E-01 0.27068149E-01 0.24521216E-01 0.20781547E-01 0.16307072E-01 0.11612350E-01 0.71771966E-02 0.33718930E-02 0.41384928E-03 -0.16388730E-02 -0.28617356E-02 -0.34176673E-02 -0.35056446E-02 -0.33167110E-02 -0.30049973E-02
-0.52325503E-03 -0.34882847E-03 -0.19757628E-03 -0.76691833E-04 0.82905872E-05 0.53974942E-04 0.59563308E-04 0.27250096E-04 -0.37532941E-04 -0.12614699E-03 -0.22720108E-03 -0.32755973E-03 -0.41395105E-03 -0.47506641E-03 -0.50382343E-03 -0.49922262E-03 -0.46703992E-03 -0.41856356E-03 -0.36681150E-03 -0.32021323E-03 -0.27459183E-03 -0.20535028E-03 -0.62568274E-04 0.22775240E-03 0.75378632E-03 0.15986454E-02 0.28142224E-02 0.43940250E-02 0.62534241E-02 0.82257382E-02 0.10079335E-01 0.11554962E-01 0.12415859E-01 0.12498338E-01 0.11749354E-01 0.10240667E-01 0.81556226E-02 0.57520805E-02 0.33113635E-02 0.10863608E-02 -0.73888716E-03 -0.20699366E-02 -0.29010160E-02 -0.32963747E-02 -0.33617541E-02 -0.32147410E-02 -0.29609653E-02 -0.26798036E-02
-0.11304985E-02 -0.10277026E-02 -0.93844160E-03 -0.86861417E-03 -0.82310019E-03 -0.80531221E-03 -0.81672573E-03 -0.85642472E-03 -0.92072937E-03 -0.10030100E-02 -0.10938165E-02 -0.11814491E-02 -0.12530562E-02 -0.12962436E-02 -0.13010332E-02 -0.12618290E-02 -0.11788812E-02 -0.10586568E-02 -0.91259756E-03 -0.75403506E-03 -0.59354081E-03 -0.43363917E-03 -0.26447509E-03 -0.62286082E-04 0.20755462E-03 0.58222539E-03 0.10887735E-02 0.17299303E-02 0.24728431E-02 0.32453867E-02 0.39432340E-02 0.44477713E-02 0.46512496E-02 0.44826535E-02 0.39268845E-02 0.30314375E-02 0.18983402E-02 0.66349104E-03 -0.53090809E-03 -0.15633866E-02 -0.23529926E-02 -0.28677817E-02 -0.31215511E-02 -0.31616035E-02 -0.30522062E-02 -0.28585624E-02 -0.26348612E-02 -0.24180282E-02
-0.14475428E-02 -0.13965853E-02 -0.13524915E-02 -0.13198802E-02 -0.13028032E-02 -0.13043609E-02 -0.13262790E-02 -0.13684681E-02 -0.14286208E-02 -0.15019235E-02 -0.15809900E-02 -0.16561277E-02 -0.17160276E-02 -0.17489135E-02 -0.17440867E-02 -0.16936759E-02 -0.15942687E-02 -0.14480065E-02 -0.12627156E-02 -0.10507783E-02 -0.82672675E-03 -0.60394576E-03 -0.39128539E-03 -0.19070721E-03 0.29864417E-05 0.19962703E-03 0.40855778E-03 0.63213851E-03 0.85998623E-03 0.10663546E-02 0.12124279E-02 0.12538315E-02 0.11517802E-02 0.88472999E-03 0.45684747E-03 -0.99615937E-04 -0.72914377E-03 -0.13637488E-02 -0.19367004E-02 -0.23953425E-02 -0.27096742E-02 -0.28748956E-02 -0.29080528E-02 -0.28405402E-02 -0.27090480E-02 -0.25474549E-02 -0.23813345E-02 -0.22257837E-02
-0.15590266E-02 -0.15437568E-02 -0.15309115E-02 -0.15239530E-02 -0.15260845E-02 -0.15399444E-02 -0.15672544E-02 -0.16084348E-02 -0.16622260E-02 -0.17253744E-02 -0.17924641E-02 -0.18559848E-02 -0.19067208E-02 -0.19345152E-02 -0.19293991E-02 -0.18829934E-02 -0.17899879E-02 -0.16494163E-02 -0.14654054E-02 -0.12471153E-02 -0.10077295E-02 -0.76258356E-03 -0.52679849E-03 -0.31301079E-03 -0.12987393E-03 0.18114173E-04 0.12937617E-03 0.20292770E-03 0.23589821E-03 0.22200089E-03 0.15187444E-03 0.15572006E-04 -0.19336841E-03 -0.47363254E-03 -0.81323180E-03 -0.11892946E-02 -0.15709713E-02 -0.19248001E-02 -0.22210243E-02 -0.24390467E-02 -0.25705322E-02 -0.26194900E-02 -0.25996178E-02 -0.25299487E-02 -0.24301602E-02 -0.23167415E-02 -0.22008115E-02 -0.20876628E-02
-0.15325375E-02 -0.15402796E-02 -0.15476542E-02 -0.15571447E-02 -0.15711758E-02 -0.15918872E-02 -0.16208588E-02 -0.16587987E-02 -0.17052183E-02 -0.17581359E-02 -0.18138702E-02 -0.18669916E-02 -0.19105043E-02 -0.19363133E-02 -0.19359958E-02 -0.19018371E-02 -0.18280253E-02 -0.17118212E-02 -0.15544794E-02 -0.13616849E-02 -0.11433334E-02 -0.91261289E-03 -0.68450221E-03 -0.47398520E-03 -0.29437265E-03 -0.15611884E-03 -0.66361700E-04 -0.29204502E-04 -0.46394247E-04 -0.11801296E-03 -0.24272040E-03 -0.41734712E-03 -0.63598683E-03 -0.88905997E-03 -0.11629507E-02 -0.14406885E-02 -0.17037731E-02 -0.19347919E-02 -0.21201349E-02 -0.22520245E-02 -0.23292845E-02 -0.23566744E-02 -0.23430624E-02 -0.22990024E-02 -0.22344486E-02 -0.21570767E-02 -0.20715599E-02 -0.19797441E-02
-0.14204314E-02 -0.14416508E-02 -0.14608952E-02 -0.14798638E-02 -0.15003184E-02 -0.15239276E-02 -0.15520665E-02 -0.15855776E-02 -0.16245097E-02 -0.16678627E-02 -0.17133808E-02 -0.17574456E-02 -0.17951263E-02 -0.18204344E-02 -0.18268127E-02 -0.18078508E-02 -0.17581714E-02 -0.16743779E-02 -0.15559139E-02 -0.14056562E-02 -0.12300873E-02 -0.10389542E-02 -0.84441741E-03 -0.65981328E-03 -0.49824304E-03 -0.37125241E-03 -0.28781238E-03 -0.25373959E-03 -0.27153117E-03 -0.34048908E-03 -0.45699342E-03 -0.61473225E-03 -0.80496146E-03 -0.10168331E-02 -0.12379662E-02 -0.14553581E-02 -0.16566021E-02 -0.18312153E-02 -0.19717805E-02 -0.20745651E-02 -0.21395345E-02 -0.21696383E-02 -0.21696799E-02 -0.21450441E-02 -0.21006116E-02 -0.20400923E-02 -0.19658571E-02 -0.18791974E-02
-0.12618562E-02 -0.12897061E-02 -0.13148119E-02 -0.13382583E-02 -0.13612759E-02 -0.13851227E-02 -0.14109506E-02 -0.14396323E-02 -0.14715627E-02 -0.15064529E-02 -0.15431443E-02 -0.15794824E-02 -0.16122889E-02 -0.16374757E-02 -0.16503281E-02 -0.16459646E-02 -0.16199502E-02 -0.15690003E-02 -0.14916791E-02 -0.13889698E-02 -0.12645965E-02 -0.11249940E-02 -0.97889390E-03 -0.83655294E-03 -0.70873222E-03 -0.60558648E-03 -0.53563556E-03 -0.50496097E-03 -0.51671047E-03 -0.57092219E-03 -0.66463019E-03 -0.79219011E-03 -0.94577511E-03 -0.11160133E-02 -0.12927486E-02 -0.14658878E-02 -0.16262616E-02 -0.17663810E-02 -0.18809602E-02 -0.19671068E-02 -0.20241469E-02 -0.20531484E-02 -0.20562760E-02 -0.20361443E-02 -0.19953192E-02 -0.19360532E-02 -0.18602635E-02 -0.17696920E-02
-0.10848207E-02 -0.11146770E-02 -0.11415618E-02 -0.11661226E-02 -0.11891763E-02 -0.12116417E-02 -0.12344537E-02 -0.12584475E-02 -0.12842128E-02 -0.13119369E-02 -0.13412497E-02 -0.13710996E-02 -0.13996870E-02 -0.14244909E-02 -0.14424109E-02 -0.14500398E-02 -0.14440586E-02 -0.14217226E-02 -0.13813795E-02 -0.13229389E-02 -0.12482059E-02 -0.11609955E-02 -0.10669784E-02 -0.97324886E-03 -0.88766044E-03 -0.81801827E-03 -0.77124694E-03 -0.75265156E-03 -0.76537093E-03 -0.81007983E-03 -0.88495755E-03 -0.98590328E-03 -0.11069575E-02 -0.12408748E-02 -0.13797875E-02 -0.15158903E-02 -0.16420715E-02 -0.17524154E-02 -0.18425169E-02 -0.19095766E-02 -0.19522902E-02 -0.19705842E-02 -0.19652801E-02 -0.19377727E-02 -0.18897874E-02 -0.18232495E-02 -0.17402540E-02 -0.16431009E-02
-0.90826759E-03 -0.93722487E-03 -0.96332881E-03 -0.98692841E-03 -0.10085263E-02 -0.10287743E-02 -0.10484108E-02 -0.10681898E-02 -0.10887822E-02 -0.11106602E-02 -0.11339756E-02 -0.11584483E-02 -0.11832878E-02 -0.12071689E-02 -0.12282846E-02 -0.12444886E-02 -0.12535301E-02 -0.12533655E-02 -0.12425146E-02 -0.12204102E-02 -0.11876810E-02 -0.11463091E-02 -0.10996123E-02 -0.10520323E-02 -0.10087403E-02 -0.97510556E-03 -0.95609991E-03 -0.95572464E-03 -0.97653956E-03 -0.10193577E-02 -0.10831394E-02 -0.11650905E-02 -0.12609409E-02 -0.13653602E-02 -0.14724530E-02 -0.15762725E-02 -0.16712886E-02 -0.17527616E-02 -0.18169859E-02 -0.18613924E-02 -0.18845248E-02 -0.18859239E-02 -0.18659643E-02 -0.18256866E-02 -0.17666567E-02 -0.16908624E-02 -0.16006424E-02 -0.14986299E-02
