Basic/Day4/qtaim/mof/mof_pl2d.SURFGRHO
DSAA
 161 161
-0.75589045E+01  0.75589045E+01  0.94486307E-01
-0.75589045E+01  0.75589045E+01  0.94486307E-01
 0.00000000E+00  0.00000000E+00
[rows 22 to 43 of 161, columns 0 to 47 of 161]
0.13550441E-05 0.14431130E-05 0.15273041E-05 0.16062682E-05 0.16786741E-05 0.17432444E-05 0.17987914E-05 0.18442531E-05 0.18787267E-05 0.19014984E-05 0.19120690E-05 0.19101714E-05 0.18957828E-05 0.18691277E-05 0.18306735E-05 0.17811189E-05 0.17213772E-05 0.16525608E-05 0.15759751E-05 0.14931453E-05 0.14059125E-05 0.13166698E-05 0.12288652E-05 0.11479436E-05 0.10829335E-05 0.10483970E-05 0.10651814E-05 0.11570376E-05 0.13435869E-05 0.16369414E-05 0.20454702E-05 0.25790798E-05 0.32517824E-05 0.40820753E-05 0.50925427E-05 0.63093396E-05 0.77617119E-05 0.94815363E-05 0.11502830E-04 0.13861182E-04 0.16593078E-04 0.19735087E-04 0.23322916E-04 0.27390315E-04 0.31967844E-04 0.37081528E-04 0.42751409E-04 0.48990059E-04
0.16994670E-05 0.18107660E-05 0.19174282E-05 0.20177879E-05 0.21101990E-05 0.21930800E-05 0.22649576E-05 0.23245112E-05 0.23706131E-05 0.24023649E-05 0.24191276E-05 0.24205458E-05 0.24065590E-05 0.23774076E-05 0.23336267E-05 0.22760306E-05 0.22056891E-05 0.21238991E-05 0.20321548E-05 0.19321318E-05 0.18257031E-05 0.17150210E-05 0.16027420E-05 0.14924923E-05 0.13897797E-05 0.13035021E-05 0.12479617E-05 0.12441352E-05 0.13173373E-05 0.14902511E-05 0.17774057E-05 0.21872368E-05 0.27279159E-05 0.34110798E-05 0.42527669E-05 0.52730745E-05 0.64955106E-05 0.79463573E-05 0.96540732E-05 0.11648689E-04 0.13961158E-04 0.16622614E-04 0.19663542E-04 0.23112816E-04 0.26996645E-04 0.31337413E-04 0.36152444E-04 0.41452719E-04
0.21183632E-05 0.22579694E-05 0.23920226E-05 0.25184709E-05 0.26352849E-05 0.27405128E-05 0.28323336E-05 0.29091119E-05 0.29694465E-05 0.30122152E-05 0.30366109E-05 0.30421714E-05 0.30287938E-05 0.29967408E-05 0.29466344E-05 0.28794359E-05 0.27964174E-05 0.26991213E-05 0.25893174E-05 0.24689585E-05 0.23401493E-05 0.22051478E-05 0.20664374E-05 0.19269175E-05 0.17903517E-05 0.16621965E-05 0.15510264E-05 0.14705348E-05 0.14412079E-05 0.14891332E-05 0.16397685E-05 0.19107309E-05 0.23113659E-05 0.28483662E-05 0.35307425E-05 0.43716389E-05 0.53882242E-05 0.66009741E-05 0.80328884E-05 0.97087561E-05 0.11654447E-04 0.13896187E-04 0.16459782E-04 0.19369767E-04 0.22648483E-04 0.26315072E-04 0.30384420E-04 0.34866063E-04
0.26247327E-05 0.27986276E-05 0.29658692E-05 0.31239354E-05 0.32703319E-05 0.34026564E-05 0.35186661E-05 0.36163430E-05 0.36939537E-05 0.37501046E-05 0.37837857E-05 0.37944066E-05 0.37818138E-05 0.37463000E-05 0.36885948E-05 0.36098431E-05 0.35115679E-05 0.33956227E-05 0.32641339E-05 0.31194376E-05 0.29640205E-05 0.28004704E-05 0.26314648E-05 0.24598134E-05 0.22886396E-05 0.21217645E-05 0.19644586E-05 0.18247434E-05 0.17153031E-05 0.16554394E-05 0.16710068E-05 0.17895546E-05 0.20322864E-05 0.24106425E-05 0.29305527E-05 0.35984100E-05 0.44241201E-05 0.54215161E-05 0.66076904E-05 0.80020954E-05 0.96256780E-05 0.11500074E-04 0.13646816E-04 0.16086536E-04 0.18838118E-04 0.21917825E-04 0.25338371E-04 0.29107986E-04
0.32331620E-05 0.34483607E-05 0.36555906E-05 0.38517632E-05 0.40338208E-05 0.41988172E-05 0.43439986E-05 0.44668839E-05 0.45653386E-05 0.46376409E-05 0.46825365E-05 0.46992791E-05 0.46876579E-05 0.46480033E-05 0.45811786E-05 0.44885539E-05 0.43719615E-05 0.42336389E-05 0.40761582E-05 0.39023469E-05 0.37152051E-05 0.35178276E-05 0.33133389E-05 0.31048539E-05 0.28955161E-05 0.26886273E-05 0.24879777E-05 0.22984959E-05 0.21273802E-05 0.19858406E-05 0.18911565E-05 0.18676011E-05 0.19434819E-05 0.21436091E-05 0.24830654E-05 0.29685654E-05 0.36044999E-05 0.43974489E-05 0.53575868E-05 0.64982975E-05 0.78352539E-05 0.93854520E-05 0.11166298E-04 0.13194770E-04 0.15486592E-04 0.18055421E-04 0.20912024E-04 0.24063448E-04
0.39598669E-05 0.42245497E-05 0.44797040E-05 0.47215604E-05 0.49463842E-05 0.51505736E-05 0.53307609E-05 0.54839055E-05 0.56073905E-05 0.56990993E-05 0.57574838E-05 0.57816138E-05 0.57712099E-05 0.57266511E-05 0.56489661E-05 0.55398007E-05 0.54013662E-05 0.52363707E-05 0.50479346E-05 0.48394955E-05 0.46147069E-05 0.43773338E-05 0.41311575E-05 0.38798842E-05 0.36271070E-05 0.33762936E-05 0.31308885E-05 0.28945689E-05 0.26717586E-05 0.24685533E-05 0.22941818E-05 0.21629380E-05 0.20957610E-05 0.21193729E-05 0.22609173E-05 0.25404852E-05 0.29683449E-05 0.35488920E-05 0.42861077E-05 0.51864768E-05 0.62594297E-05 0.75166455E-05 0.89710581E-05 0.10635887E-04 0.12523735E-04 0.14645763E-04 0.17010888E-04 0.19625031E-04
0.48226918E-05 0.51463439E-05 0.54586361E-05 0.57549818E-05 0.60308370E-05 0.62818157E-05 0.65038123E-05 0.66931200E-05 0.68465425E-05 0.69614907E-05 0.70360659E-05 0.70691201E-05 0.70602934E-05 0.70100297E-05 0.69195605E-05 0.67908692E-05 0.66266298E-05 0.64301241E-05 0.62051427E-05 0.59558738E-05 0.56867792E-05 0.54024711E-05 0.51075895E-05 0.48066871E-05 0.45041255E-05 0.42040098E-05 0.39101571E-05 0.36261402E-05 0.33554641E-05 0.31019113E-05 0.28702206E-05 0.26671693E-05 0.25031246E-05 0.23937669E-05 0.23608686E-05 0.24302363E-05 0.26261211E-05 0.29655188E-05 0.34572668E-05 0.41057603E-05 0.49150464E-05 0.58908349E-05 0.70406815E-05 0.83733202E-05 0.98977519E-05 0.11622338E-04 0.13553964E-04 0.15697273E-04
0.58410653E-05 0.62346213E-05 0.66146810E-05 0.69756922E-05 0.73121451E-05 0.76187196E-05 0.78904328E-05 0.81227825E-05 0.83118823E-05 0.84545824E-05 0.85485678E-05 0.85924338E-05 0.85857314E-05 0.85289859E-05 0.84236795E-05 0.82722083E-05 0.80778096E-05 0.78444645E-05 0.75767807E-05 0.72798605E-05 0.69591596E-05 0.66203393E-05 0.62691233E-05 0.59111584E-05 0.55518821E-05 0.51964087E-05 0.48494384E-05 0.45151885E-05 0.41973810E-05 0.38992969E-05 0.36239614E-05 0.33745274E-05 0.31549315E-05 0.29709317E-05 0.28314894E-05 0.27501945E-05 0.27458893E-05 0.28412471E-05 0.30588824E-05 0.34169316E-05 0.39272095E-05 0.45966756E-05 0.54300977E-05 0.64319025E-05 0.76067633E-05 0.89593443E-05 0.10493673E-04 0.12212420E-04
0.70358963E-05 0.75118808E-05 0.79719053E-05 0.84092727E-05 0.88173336E-05 0.91896624E-05 0.95202362E-05 0.98036109E-05 0.10035084E-04 0.10210842E-04 0.10328081E-04 0.10385096E-04 0.10381339E-04 0.10317440E-04 0.10195193E-04 0.10017497E-04 0.97882735E-05 0.95123546E-05 0.91953414E-05 0.88434522E-05 0.84633565E-05 0.80620089E-05 0.76464756E-05 0.72237825E-05 0.68007585E-05 0.63838868E-05 0.59791794E-05 0.55920413E-05 0.52271492E-05 0.48883416E-05 0.45785432E-05 0.42997507E-05 0.40531508E-05 0.38394328E-05 0.36593966E-05 0.35149011E-05 0.34101815E-05 0.33533563E-05 0.33577158E-05 0.34420017E-05 0.36288377E-05 0.39412654E-05 0.43988438E-05 0.50154066E-05 0.57992168E-05 0.67544750E-05 0.78827893E-05 0.91839693E-05
0.84294076E-05 0.90020735E-05 0.95559639E-05 0.10083038E-04 0.10575307E-04 0.11025042E-04 0.11424998E-04 0.11768622E-04 0.12050251E-04 0.12265294E-04 0.12410373E-04 0.12483438E-04 0.12483835E-04 0.12412332E-04 0.12271102E-04 0.12063661E-04 0.11794763E-04 0.11470275E-04 0.11097006E-04 0.10682537E-04 0.10235018E-04 0.97629893E-05 0.92751840E-05 0.87803436E-05 0.82870496E-05 0.78035436E-05 0.73375644E-05 0.68961574E-05 0.64854710E-05 0.61105169E-05 0.57749228E-05 0.54806878E-05 0.52280195E-05 0.50153155E-05 0.48393847E-05 0.46959461E-05 0.45804411E-05 0.44891082E-05 0.44203041E-05 0.43760046E-05 0.43633639E-05 0.43960431E-05 0.44947001E-05 0.46857774E-05 0.49980414E-05 0.54575889E-05 0.60834532E-05 0.68857616E-05
0.10044890E-04 0.10730344E-04 0.11393839E-04 0.12025766E-04 0.12616568E-04 0.13156998E-04 0.13638378E-04 0.14052859E-04 0.14393657E-04 0.14655271E-04 0.14833662E-04 0.14926384E-04 0.14932673E-04 0.14853478E-04 0.14691443E-04 0.14450835E-04 0.14137426E-04 0.13758336E-04 0.13321848E-04 0.12837201E-04 0.12314368E-04 0.11763838E-04 0.11196399E-04 0.10622930E-04 0.10054196E-04 0.95006427E-05 0.89721742E-05 0.84778965E-05 0.80258066E-05 0.76224193E-05 0.72723513E-05 0.69779084E-05 0.67387779E-05 0.65519110E-05 0.64116967E-05 0.63104289E-05 0.62390197E-05 0.61878570E-05 0.61477153E-05 0.61106612E-05 0.60709858E-05 0.60262077E-05 0.59782149E-05 0.59345652E-05 0.59098107E-05 0.59264240E-05 0.60144797E-05 0.62090435E-05
0.11906363E-04 0.12722677E-04 0.13513470E-04 0.14267315E-04 0.14972837E-04 0.15619020E-04 0.16195526E-04 0.16692999E-04 0.17103355E-04 0.17420044E-04 0.17638264E-04 0.17755125E-04 0.17769756E-04 0.17683344E-04 0.17499119E-04 0.17222265E-04 0.16859795E-04 0.16420361E-04 0.15914046E-04 0.15352119E-04 0.14746790E-04 0.14110955E-04 0.13457950E-04 0.12801302E-04 0.12154492E-04 0.11530685E-04 0.10942429E-04 0.10401276E-04 0.99173323E-05 0.94986967E-05 0.91508689E-05 0.88762077E-05 0.86735739E-05 0.85382871E-05 0.84624539E-05 0.84356266E-05 0.84456526E-05 0.84795655E-05 0.85243865E-05 0.85677848E-05 0.85986110E-05 0.86073479E-05 0.85865637E-05 0.85314318E-05 0.84403868E-05 0.83159740E-05 0.81659142E-05 0.80043306E-05
0.14038158E-04 0.15005450E-04 0.15943283E-04 0.16838134E-04 0.17676531E-04 0.18445423E-04 0.19132552E-04 0.19726826E-04 0.20218666E-04 0.20600318E-04 0.20866116E-04 0.21012679E-04 0.21039042E-04 0.20946707E-04 0.20739635E-04 0.20424142E-04 0.20008757E-04 0.19504008E-04 0.18922182E-04 0.18277049E-04 0.17583580E-04 0.16857653E-04 0.16115765E-04 0.15374736E-04 0.14651397E-04 0.13962225E-04 0.13322903E-04 0.12747765E-04 0.12249113E-04 0.11836438E-04 0.11515658E-04 0.11288498E-04 0.11152232E-04 0.11099864E-04 0.11120761E-04 0.11201604E-04 0.11327435E-04 0.11482637E-04 0.11651702E-04 0.11819797E-04 0.11973125E-04 0.12099171E-04 0.12186881E-04 0.12226844E-04 0.12211508E-04 0.12135479E-04 0.11995900E-04 0.11792957E-04
0.16464379E-04 0.17604867E-04 0.18711593E-04 0.19768639E-04 0.20760134E-04 0.21670692E-04 0.22485862E-04 0.23192563E-04 0.23779513E-04 0.24237592E-04 0.24560166E-04 0.24743320E-04 0.24786029E-04 0.24690223E-04 0.24460773E-04 0.24105400E-04 0.23634497E-04 0.23060903E-04 0.22399622E-04 0.21667518E-04 0.20882985E-04 0.20065609E-04 0.19235821E-04 0.18414519E-04 0.17622634E-04 0.16880604E-04 0.16207713E-04 0.15621257E-04 0.15135573E-04 0.14761017E-04 0.14503063E-04 0.14361771E-04 0.14331770E-04 0.14402840E-04 0.14560939E-04 0.14789469E-04 0.15070507E-04 0.15385826E-04 0.15717642E-04 0.16049085E-04 0.16364461E-04 0.16649390E-04 0.16890873E-04 0.17077354E-04 0.17198793E-04 0.17246795E-04 0.17214780E-04 0.17098223E-04
0.19208286E-04 0.20546294E-04 0.21845904E-04 0.23088477E-04 0.24255418E-04 0.25328690E-04 0.26291346E-04 0.27128059E-04 0.27825615E-04 0.28373370E-04 0.28763614E-04 0.28991882E-04 0.29057144E-04 0.28961905E-04 0.28712201E-04 0.28317495E-04 0.27790496E-04 0.27146904E-04 0.26405098E-04 0.25585788E-04 0.24711640E-04 0.23806867E-04 0.22896788E-04 0.22007316E-04 0.21164326E-04 0.20392868E-04 0.19716160E-04 0.19154387E-04 0.18723381E-04 0.18433395E-04 0.18288216E-04 0.18284896E-04 0.18414197E-04 0.18661681E-04 0.19009177E-04 0.19436326E-04 0.19921922E-04 0.20444935E-04 0.20985183E-04 0.21523714E-04 0.22042978E-04 0.22526883E-04 0.22960794E-04 0.23331532E-04 0.23627395E-04 0.23838220E-04 0.23955501E-04 0.23972555E-04
0.22291570E-04 0.23853489E-04 0.25372086E-04 0.26825661E-04 0.28192549E-04 0.29451726E-04 0.30583440E-04 0.31569839E-04 0.32395552E-04 0.33048242E-04 0.33519049E-04 0.33802953E-04 0.33899025E-04 0.33810555E-04 0.33545066E-04 0.33114219E-04 0.32533620E-04 0.31822542E-04 0.31003582E-04 0.30102270E-04 0.29146618E-04 0.28166612E-04 0.27193619E-04 0.26259647E-04 0.25396396E-04 0.24634063E-04 0.23999860E-04 0.23516356E-04 0.23199833E-04 0.23058984E-04 0.23094281E-04 0.23298212E-04 0.23656365E-04 0.24149097E-04 0.24753409E-04 0.25444681E-04 0.26198051E-04 0.26989376E-04 0.27795800E-04 0.28596031E-04 0.29370432E-04 0.30100996E-04 0.30771299E-04 0.31366445E-04 0.31873059E-04 0.32279321E-04 0.32575061E-04 0.32751914E-04
0.25733550E-04 0.27547732E-04 0.29313455E-04 0.31005602E-04 0.32599077E-04 0.34069524E-04 0.35394063E-04 0.36552034E-04 0.37525696E-04 0.38300868E-04 0.38867480E-04 0.39220006E-04 0.39357781E-04 0.39285177E-04 0.39011648E-04 0.38551649E-04 0.37924443E-04 0.37153807E-04 0.36267655E-04 0.35297578E-04 0.34278293E-04 0.33246971E-04 0.32242382E-04 0.31303789E-04 0.30469514E-04 0.29775151E-04 0.29251481E-04 0.28922350E-04 0.28802826E-04 0.28898088E-04 0.29203352E-04 0.29704867E-04 0.30381751E-04 0.31208219E-04 0.32155778E-04 0.33195049E-04 0.34297105E-04 0.35434310E-04 0.36580769E-04 0.37712495E-04 0.38807402E-04 0.39845222E-04 0.40807392E-04 0.41676966E-04 0.42438577E-04 0.43078450E-04 0.43584502E-04 0.43946495E-04
0.29550295E-04 0.31646892E-04 0.33689780E-04 0.35650059E-04 0.37498842E-04 0.39208083E-04 0.40751460E-04 0.42105236E-04 0.43249092E-04 0.44166890E-04 0.44847333E-04 0.45284506E-04 0.45478266E-04 0.45434488E-04 0.45165160E-04 0.44688333E-04 0.44027934E-04 0.43213464E-04 0.42279572E-04 0.41265500E-04 0.40214362E-04 0.39172182E-04 0.38186637E-04 0.37305364E-04 0.36573810E-04 0.36032677E-04 0.35715189E-04 0.35644594E-04 0.35832425E-04 0.36277962E-04 0.36969035E-04 0.37883967E-04 0.38994172E-04 0.40266860E-04 0.41667411E-04 0.43161177E-04 0.44714713E-04 0.46296465E-04 0.47877080E-04 0.49429455E-04 0.50928637E-04 0.52351663E-04 0.53677391E-04 0.54886358E-04 0.55960716E-04 0.56884231E-04 0.57642376E-04 0.58222527E-04
0.33753718E-04 0.36164450E-04 0.38516240E-04 0.40776048E-04 0.42910828E-04 0.44888516E-04 0.46679034E-04 0.48255322E-04 0.49594315E-04 0.50677852E-04 0.51493477E-04 0.52035098E-04 0.52303488E-04 0.52306627E-04 0.52059868E-04 0.51585930E-04 0.50914750E-04 0.50083151E-04 0.49134351E-04 0.48117236E-04 0.47085349E-04 0.46095475E-04 0.45205698E-04 0.44472870E-04 0.43949487E-04 0.43680258E-04 0.43698778E-04 0.44024991E-04 0.44663990E-04 0.45606474E-04 0.46830716E-04 0.48305494E-04 0.49993391E-04 0.51853801E-04 0.53845346E-04 0.55927587E-04 0.58062070E-04 0.60212856E-04 0.62346679E-04 0.64432873E-04 0.66443163E-04 0.68351420E-04 0.70133406E-04 0.71766581E-04 0.73229987E-04 0.74504229E-04 0.75571582E-04 0.76416217E-04
0.38350659E-04 0.41108512E-04 0.43802380E-04 0.46394736E-04 0.48848040E-04 0.51125883E-04 0.53194166E-04 0.55022299E-04 0.56584366E-04 0.57860206E-04 0.58836377E-04 0.59506977E-04 0.59874289E-04 0.59949249E-04 0.59751711E-04 0.59310528E-04 0.58663422E-04 0.57856627E-04 0.56944253E-04 0.55987273E-04 0.55052017E-04 0.54207998E-04 0.53524978E-04 0.53069245E-04 0.52899337E-04 0.53061744E-04 0.53587326E-04 0.54489225E-04 0.55762769E-04 0.57387300E-04 0.59329432E-04 0.61546936E-04 0.63992513E-04 0.66616957E-04 0.69371497E-04 0.72209328E-04 0.75086472E-04 0.77962118E-04 0.80798631E-04 0.83561332E-04 0.86218170E-04 0.88739349E-04 0.91096972E-04 0.93264756E-04 0.95217843E-04 0.96932758E-04 0.98387516E-04 0.99561921E-04
0.43342009E-04 0.46480869E-04 0.49551117E-04 0.52510416E-04 0.55316426E-04 0.57928119E-04 0.60307160E-04 0.62419302E-04 0.64235770E-04 0.65734545E-04 0.66901546E-04 0.67731645E-04 0.68229510E-04 0.68410230E-04 0.68299736E-04 0.67934974E-04 0.67363801E-04 0.66644543E-04 0.65845084E-04 0.65041354E-04 0.64314993E-04 0.63750034E-04 0.63428545E-04 0.63425427E-04 0.63802941E-04 0.64605851E-04 0.65858151E-04 0.67562118E-04 0.69699814E-04 0.72236534E-04 0.75125318E-04 0.78311571E-04 0.81737125E-04 0.85343386E-04 0.89073515E-04 0.92873747E-04 0.96694043E-04 0.10048826E-03 0.10421395E-03 0.10783205E-03 0.11130628E-03 0.11460269E-03 0.11768911E-03 0.12053472E-03 0.12310977E-03 0.12538547E-03 0.12733411E-03 0.12892946E-03
0.48721915E-04 0.52276169E-04 0.55757868E-04 0.59119599E-04 0.62313973E-04 0.65295142E-04 0.68020403E-04 0.70451840E-04 0.72557950E-04 0.74315195E-04 0.75709438E-04 0.76737227E-04 0.77406870E-04 0.77739298E-04 0.77768664E-04 0.77542627E-04 0.77122232E-04 0.76581250E-04 0.76004786E-04 0.75486883E-04 0.75126910E-04 0.75024574E-04 0.75273723E-04 0.75955555E-04 0.77132184E-04 0.78841857E-04 0.81096801E-04 0.83884090E-04 0.87169111E-04 0.90900644E-04 0.95016416E-04 0.99448207E-04 0.10412599E-03 0.10898096E-03 0.11394750E-03 0.11896426E-03 0.12397467E-03 0.12892683E-03 0.13377321E-03 0.13846998E-03 0.14297635E-03 0.14725372E-03 0.15126497E-03 0.15497378E-03 0.15834422E-03 0.16134052E-03 0.16392721E-03 0.16606966E-03
