Basic/Day4/qtaim/mof/mof_pl2d.SURFGKIN
DSAA
 161 161
-0.75589045E+01  0.75589045E+01  0.94486307E-01
-0.75589045E+01  0.75589045E+01  0.94486307E-01
 0.00000000E+00  0.00000000E+00
[rows 88 to 109 of 161, columns 96 to 143 of 161]
0.54020364E+00 0.63766024E+00 0.74606436E+00 0.86257119E+00 0.98011863E+00 0.10855833E+01 0.11602743E+01 0.11859616E+01 0.11548665E+01 0.10750412E+01 0.96530580E+00 0.84505342E+00 0.72774847E+00 0.62024145E+00 0.52482132E+00 0.44136191E+00 0.36876656E+00 0.30576606E+00 0.25129207E+00 0.20458030E+00 0.16508298E+00 0.13229022E+00 0.10558475E+00 0.84203287E-01 0.67291904E-01 0.53997731E-01 0.43547151E-01 0.35289758E-01 0.28709867E-01 0.23416304E-01 0.19121299E-01 0.15616319E-01 0.12749649E-01 0.10408178E-01 0.85040974E-02 0.69661261E-02 0.57342847E-02 0.47570731E-02 0.39900657E-02 0.33951963E-02 0.29402879E-02 0.25986007E-02 0.23483171E-02 0.21719613E-02 0.20557810E-02 0.19891292E-02 0.19638707E-02 0.19738413E-02
0.43958653E+00 0.50720028E+00 0.57791557E+00 0.64873447E+00 0.71479695E+00 0.76936574E+00 0.80483237E+00 0.81498878E+00 0.79767999E+00 0.75597945E+00 0.69684161E+00 0.62827576E+00 0.55698735E+00 0.48745115E+00 0.42212160E+00 0.36208204E+00 0.30766360E+00 0.25887894E+00 0.21566630E+00 0.17796585E+00 0.14567367E+00 0.11855576E+00 0.96201733E-01 0.78047805E-01 0.63447594E-01 0.51751910E-01 0.42369811E-01 0.34801951E-01 0.28649761E-01 0.23608420E-01 0.19451302E-01 0.16011715E-01 0.13165755E-01 0.10818350E-01 0.88931900E-02 0.73262354E-02 0.60620312E-02 0.50518732E-02 0.42530187E-02 0.36283542E-02 0.31461688E-02 0.27798654E-02 0.25075603E-02 0.23115866E-02 0.21779373E-02 0.20956891E-02 0.20564462E-02 0.20538070E-02
0.35904159E+00 0.40708787E+00 0.45495622E+00 0.50035308E+00 0.54028305E+00 0.57126758E+00 0.58993347E+00 0.59390100E+00 0.58260913E+00 0.55758370E+00 0.52193577E+00 0.47938677E+00 0.43336500E+00 0.38652269E+00 0.34067353E+00 0.29696452E+00 0.25610730E+00 0.21857109E+00 0.18469341E+00 0.15470262E+00 0.12868511E+00 0.10655030E+00 0.88032276E-01 0.72732606E-01 0.60184676E-01 0.49915812E-01 0.41492686E-01 0.34546378E-01 0.28780069E-01 0.23964712E-01 0.19927977E-01 0.16540831E-01 0.13704780E-01 0.11341547E-01 0.93857625E-02 0.77804654E-02 0.64747561E-02 0.54228304E-02 0.45837402E-02 0.39214109E-02 0.34046474E-02 0.30070087E-02 0.27065296E-02 0.24853156E-02 0.23290563E-02 0.22264999E-02 0.21689325E-02 0.21496703E-02
0.29531654E+00 0.33029245E+00 0.36389273E+00 0.39446571E+00 0.42015092E+00 0.43906363E+00 0.44960227E+00 0.45080905E+00 0.44264029E+00 0.42600282E+00 0.40251931E+00 0.37413370E+00 0.34273494E+00 0.30992468E+00 0.27694753E+00 0.24473246E+00 0.21397757E+00 0.18522416E+00 0.15889093E+00 0.13526817E+00 0.11449573E+00 0.96553347E-01 0.81277761E-01 0.68402895E-01 0.57609089E-01 0.48567967E-01 0.40975210E-01 0.34569349E-01 0.29138291E-01 0.24516895E-01 0.20579278E-01 0.17229119E-01 0.14390407E-01 0.12000052E-01 0.10002858E-01 0.83486635E-02 0.69910988E-02 0.58873493E-02 0.49983775E-02 0.42892486E-02 0.37293505E-02 0.32924301E-02 0.29564401E-02 0.27032351E-02 0.25181620E-02 0.23895948E-02 0.23084538E-02 0.22677273E-02
0.24577115E+00 0.27183302E+00 0.29624504E+00 0.31781295E+00 0.33532219E+00 0.34766568E+00 0.35400891E+00 0.35394875E+00 0.34760552E+00 0.33560204E+00 0.31893012E+00 0.29875618E+00 0.27623791E+00 0.25240383E+00 0.22810842E+00 0.20404278E+00 0.18076784E+00 0.15874115E+00 0.13832305E+00 0.11976632E+00 0.10320394E+00 0.88648625E-01 0.76009231E-01 0.65119883E-01 0.55773762E-01 0.47753941E-01 0.40856605E-01 0.34905023E-01 0.29754862E-01 0.25292860E-01 0.21431428E-01 0.18101703E-01 0.15246950E-01 0.12817470E-01 0.10767344E-01 0.90528603E-02 0.76321306E-02 0.64654188E-02 0.55157331E-02 0.47494058E-02 0.41365058E-02 0.36510278E-02 0.32708688E-02 0.29776312E-02 0.27562998E-02 0.25948435E-02 0.24837809E-02 0.24157365E-02
0.20832331E+00 0.22830380E+00 0.24675673E+00 0.26278825E+00 0.27553391E+00 0.28425179E+00 0.28842623E+00 0.28785554E+00 0.28269176E+00 0.27341259E+00 0.26073049E+00 0.24546909E+00 0.22844676E+00 0.21039724E+00 0.19193686E+00 0.17356779E+00 0.15569732E+00 0.13865495E+00 0.12269833E+00 0.10800999E+00 0.94692586E-01 0.82770006E-01 0.72197451E-01 0.62879059E-01 0.54689043E-01 0.47491972E-01 0.41158780E-01 0.35576814E-01 0.30653802E-01 0.26316957E-01 0.22509067E-01 0.19183483E-01 0.16299491E-01 0.13818906E-01 0.11704140E-01 0.99175490E-02 0.84216725E-02 0.71799598E-02 0.61576305E-02 0.53224522E-02 0.46453142E-02 0.41005618E-02 0.36661010E-02 0.33233150E-02 0.30568351E-02 0.28542213E-02 0.27055718E-02 0.26031270E-02
0.18140288E+00 0.19752254E+00 0.21242725E+00 0.22539499E+00 0.23571125E+00 0.24275061E+00 0.24606879E+00 0.24548231E+00 0.24110875E+00 0.23334972E+00 0.22281779E+00 0.21022951E+00 0.19629761E+00 0.18165078E+00 0.16679494E+00 0.15211182E+00 0.13788005E+00 0.12430168E+00 0.11152230E+00 0.99641364E-01 0.88715301E-01 0.78758807E-01 0.69748597E-01 0.61631327E-01 0.54334740E-01 0.47779607E-01 0.41889876E-01 0.36599237E-01 0.31853656E-01 0.27610494E-01 0.23835540E-01 0.20499371E-01 0.17574112E-01 0.15031240E-01 0.12840534E-01 0.10970038E-01 0.93866777E-02 0.80572249E-02 0.69493212E-02 0.60323907E-02 0.52783411E-02 0.46620268E-02 0.41614805E-02 0.37579464E-02 0.34357531E-02 0.31820753E-02 0.29866071E-02 0.28412040E-02
0.16414090E+00 0.17856705E+00 0.19225794E+00 0.20452602E+00 0.21461508E+00 0.22179408E+00 0.22547838E+00 0.22534868E+00 0.22142986E+00 0.21409879E+00 0.20401360E+00 0.19198589E+00 0.17883678E+00 0.16527849E+00 0.15184730E+00 0.13889174E+00 0.12660216E+00 0.11505955E+00 0.10428313E+00 0.94264401E-01 0.84984452E-01 0.76418939E-01 0.68537365E-01 0.61302309E-01 0.54671139E-01 0.48599915E-01 0.43047738E-01 0.37979856E-01 0.33368624E-01 0.29192445E-01 0.25433438E-01 0.22074768E-01 0.19098390E-01 0.16483640E-01 0.14206729E-01 0.12241016E-01 0.10557799E-01 0.91273530E-02 0.79200130E-02 0.69071517E-02 0.60619690E-02 0.53600621E-02 0.47797768E-02 0.43023583E-02 0.39119393E-02 0.35953765E-02 0.33420087E-02 0.31433372E-02
0.15683229E+00 0.17224053E+00 0.18766465E+00 0.20226444E+00 0.21498382E+00 0.22468643E+00 0.23035727E+00 0.23132498E+00 0.22743448E+00 0.21910340E+00 0.20723474E+00 0.19301548E+00 0.17767297E+00 0.16226555E+00 0.14755587E+00 0.13397838E+00 0.12168281E+00 0.11062085E+00 0.10064154E+00 0.91568631E-01 0.83247422E-01 0.75562019E-01 0.68433044E-01 0.61807305E-01 0.55647667E-01 0.49926569E-01 0.44622998E-01 0.39721248E-01 0.35209939E-01 0.31080569E-01 0.27325615E-01 0.23936584E-01 0.20902436E-01 0.18208638E-01 0.15836919E-01 0.13765608E-01 0.11970395E-01 0.10425299E-01 0.91037054E-02 0.79793249E-02 0.70270251E-02 0.62234790E-02 0.55476223E-02 0.49809223E-02 0.45074779E-02 0.41139585E-02 0.37894360E-02 0.35251209E-02
0.16155714E+00 0.18183900E+00 0.20341809E+00 0.22503804E+00 0.24494060E+00 0.26107008E+00 0.27144102E+00 0.27460004E+00 0.27002839E+00 0.25831175E+00 0.24099138E+00 0.22016092E+00 0.19798043E+00 0.17627811E+00 0.15632765E+00 0.13880096E+00 0.12384888E+00 0.11125363E+00 0.10060148E+00 0.91433504E-01 0.83346992E-01 0.76041052E-01 0.69318127E-01 0.63061806E-01 0.57209114E-01 0.51727839E-01 0.46601882E-01 0.41823234E-01 0.37387856E-01 0.33293334E-01 0.29537159E-01 0.26115289E-01 0.23021017E-01 0.20244277E-01 0.17771416E-01 0.15585410E-01 0.13666416E-01 0.11992535E-01 0.10540674E-01 0.92874137E-02 0.82098099E-02 0.72860797E-02 0.64961456E-02 0.58220161E-02 0.52480031E-02 0.47607736E-02 0.43492686E-02 0.40045050E-02
0.18285264E+00 0.21420725E+00 0.24933160E+00 0.28623954E+00 0.32179331E+00 0.35195410E+00 0.37249704E+00 0.38009863E+00 0.37339081E+00 0.35345300E+00 0.32346173E+00 0.28768789E+00 0.25035403E+00 0.21481596E+00 0.18323171E+00 0.15660933E+00 0.13504328E+00 0.11800707E+00 0.10464192E+00 0.94007953E-01 0.85266500E-01 0.77774935E-01 0.71101483E-01 0.64988946E-01 0.59300412E-01 0.53970173E-01 0.48969348E-01 0.44285926E-01 0.39914803E-01 0.35853282E-01 0.32098993E-01 0.28648710E-01 0.25497495E-01 0.22638089E-01 0.20060556E-01 0.17752219E-01 0.15697861E-01 0.13880137E-01 0.12280145E-01 0.10878076E-01 0.96539091E-02 0.85880703E-02 0.76620312E-02 0.68587941E-02 0.61632238E-02 0.55622354E-02 0.50448166E-02 0.46019129E-02
0.22863949E+00 0.28176321E+00 0.34424046E+00 0.41315006E+00 0.48268185E+00 0.54421570E+00 0.58785125E+00 0.60529994E+00 0.59293189E+00 0.55326341E+00 0.49395235E+00 0.42492720E+00 0.35531163E+00 0.29155252E+00 0.23707989E+00 0.19293461E+00 0.15862619E+00 0.13281600E+00 0.11378218E+00 0.99753566E-01 0.89157111E-01 0.80764691E-01 0.73727915E-01 0.67525592E-01 0.61871228E-01 0.56622373E-01 0.51713345E-01 0.47114328E-01 0.42810439E-01 0.38792569E-01 0.35053875E-01 0.31588429E-01 0.28390482E-01 0.25453849E-01 0.22771359E-01 0.20334406E-01 0.18132685E-01 0.16154110E-01 0.14384928E-01 0.12810021E-01 0.11413354E-01 0.10178529E-01 0.90893738E-02 0.81305093E-02 0.72878191E-02 0.65487834E-02 0.59026424E-02 0.53403958E-02
0.31227448E+00 0.40748215E+00 0.52612738E+00 0.66472318E+00 0.81200681E+00 0.94801195E+00 0.10476423E+01 0.10888304E+01 0.10616218E+01 0.97270343E+00 0.84235441E+00 0.69586544E+00 0.55476447E+00 0.43216791E+00 0.33292912E+00 0.25643567E+00 0.19955604E+00 0.15848893E+00 0.12954884E+00 0.10942859E+00 0.95335791E-01 0.85097331E-01 0.77183453E-01 0.70627706E-01 0.64881323E-01 0.59661207E-01 0.54830939E-01 0.50325138E-01 0.46109225E-01 0.42161348E-01 0.38465554E-01 0.35009594E-01 0.31784122E-01 0.28782082E-01 0.25997970E-01 0.23426995E-01 0.21064243E-01 0.18903941E-01 0.16938928E-01 0.15160385E-01 0.13557856E-01 0.12119541E-01 0.10832805E-01 0.96847820E-02 0.86629948E-02 0.77558782E-02 0.69531363E-02 0.62459106E-02
0.45721240E+00 0.63591900E+00 0.87420731E+00 0.11702437E+01 0.15011697E+01 0.18185173E+01 0.20569139E+01 0.21569378E+01 0.20913991E+01 0.18785623E+01 0.15731821E+01 0.12415830E+01 0.93688713E+00 0.68713903E+00 0.49771515E+00 0.36088238E+00 0.26481858E+00 0.19863728E+00 0.15383127E+00 0.12398874E+00 0.10423679E+00 0.90928316E-01 0.81492700E-01 0.74273912E-01 0.68306663E-01 0.63078774E-01 0.58336610E-01 0.53956011E-01 0.49870781E-01 0.46039295E-01 0.42431471E-01 0.39024679E-01 0.35802681E-01 0.32755129E-01 0.29876800E-01 0.27166428E-01 0.24625243E-01 0.22255398E-01 0.20058506E-01 0.18034491E-01 0.16180892E-01 0.14492675E-01 0.12962487E-01 0.11581276E-01 0.10339059E-01 0.92256953E-02 0.82315377E-02 0.73478554E-02
0.70519569E+00 0.10522618E+01 0.15472223E+01 0.21968371E+01 0.29533775E+01 0.36996766E+01 0.42702251E+01 0.45112851E+01 0.43518568E+01 0.38399345E+01 0.31177746E+01 0.23542100E+01 0.16790856E+01 0.11536851E+01 0.78000708E+00 0.52876147E+00 0.36434838E+00 0.25764805E+00 0.18865072E+00 0.14439918E+00 0.11630498E+00 0.98433836E-01 0.86703314E-01 0.78464995E-01 0.72145253E-01 0.66891024E-01 0.62272274E-01 0.58076888E-01 0.54192659E-01 0.50550025E-01 0.47098893E-01 0.43801248E-01 0.40629662E-01 0.37567181E-01 0.34606895E-01 0.31750652E-01 0.29006953E-01 0.26388302E-01 0.23908406E-01 0.21579671E-01 0.19411328E-01 0.17408393E-01 0.15571462E-01 0.13897217E-01 0.12379370E-01 0.11009798E-01 0.97796137E-02 0.86800121E-02
0.11258085E+01 0.18051970E+01 0.28301389E+01 0.42324386E+01 0.59154777E+01 0.76142466E+01 0.89355414E+01 0.94984338E+01 0.91221125E+01 0.79295250E+01 0.62763307E+01 0.45676505E+01 0.31000965E+01 0.20019470E+01 0.12612880E+01 0.79533074E+00 0.51206309E+00 0.34064633E+00 0.23586686E+00 0.17137718E+00 0.13183728E+00 0.10773226E+00 0.92855306E-01 0.83217172E-01 0.76421030E-01 0.71146127E-01 0.66717835E-01 0.62802263E-01 0.59224515E-01 0.55877484E-01 0.52683721E-01 0.49583137E-01 0.46531034E-01 0.43498990E-01 0.40475401E-01 0.37464509E-01 0.34483694E-01 0.31559412E-01 0.28722466E-01 0.26003405E-01 0.23428780E-01 0.21018669E-01 0.18785644E-01 0.16734999E-01 0.14865893E-01 0.13172985E-01 0.11648160E-01 0.10282029E-01
0.18188535E+01 0.31145750E+01 0.51527825E+01 0.80352061E+01 0.11613272E+02 0.15364173E+02 0.18387100E+02 0.19703169E+02 0.18816904E+02 0.16065618E+02 0.12380447E+02 0.87173547E+01 0.56810581E+01 0.34833263E+01 0.20586466E+01 0.12088164E+01 0.72537566E+00 0.45296902E+00 0.29675194E+00 0.20509147E+00 0.15079861E+00 0.11878779E+00 0.99939306E-01 0.88549357E-01 0.81184635E-01 0.75931095E-01 0.71800682E-01 0.68302891E-01 0.65182308E-01 0.62283066E-01 0.59490793E-01 0.56713884E-01 0.53881413E-01 0.50946099E-01 0.47886947E-01 0.44709282E-01 0.41441567E-01 0.38129460E-01 0.34828250E-01 0.31595085E-01 0.28482247E-01 0.25532404E-01 0.22776153E-01 0.20231709E-01 0.17906253E-01 0.15798285E-01 0.13900331E-01 0.12201477E-01
0.28934874E+01 0.52292368E+01 0.90335842E+01 0.14652685E+02 0.22066455E+02 0.30378336E+02 0.37446957E+02 0.40619280E+02 0.38482198E+02 0.31990883E+02 0.23707017E+02 0.15999718E+02 0.10012532E+02 0.58825955E+01 0.32998938E+01 0.18192636E+01 0.10204748E+01 0.59828521E+00 0.37124353E+00 0.24482791E+00 0.17265122E+00 0.13132229E+00 0.10785559E+00 0.94468144E-01 0.86511256E-01 0.81375620E-01 0.77702822E-01 0.74815666E-01 0.72361212E-01 0.70122027E-01 0.67934006E-01 0.65660416E-01 0.63190793E-01 0.60447846E-01 0.57393951E-01 0.54033282E-01 0.50408339E-01 0.46591447E-01 0.42673062E-01 0.38749180E-01 0.34910123E-01 0.31232186E-01 0.27772892E-01 0.24569734E-01 0.21641710E-01 0.18992683E-01 0.16615542E-01 0.14496321E-01
0.44106819E+01 0.83159729E+01 0.14953007E+02 0.25455798E+02 0.40500857E+02 0.58567224E+02 0.74857097E+02 0.82557521E+02 0.77387191E+02 0.62252470E+02 0.43992095E+02 0.28075140E+02 0.16683929E+02 0.93975191E+01 0.50562804E+01 0.26497325E+01 0.14013944E+01 0.77480963E+00 0.45676229E+00 0.28864193E+00 0.19624072E+00 0.14476670E+00 0.11639052E+00 0.10095745E+00 0.92497700E-01 0.87653454E-01 0.84665295E-01 0.82650971E-01 0.81146201E-01 0.79857475E-01 0.78553626E-01 0.77033278E-01 0.75127070E-01 0.72711439E-01 0.69721508E-01 0.66156850E-01 0.62077936E-01 0.57594087E-01 0.52845794E-01 0.47985120E-01 0.43157760E-01 0.38489303E-01 0.34076942E-01 0.29986621E-01 0.26254688E-01 0.22892615E-01 0.19893267E-01 0.17237369E-01
0.63011190E+01 0.12303228E+02 0.23100574E+02 0.41599862E+02 0.70136038E+02 0.10910485E+03 0.15549222E+03 0.18439400E+03 0.16471786E+03 0.11864778E+03 0.77223807E+02 0.46411188E+02 0.26002599E+02 0.13968725E+02 0.72485260E+01 0.36553674E+01 0.18451036E+01 0.97053688E+00 0.54692600E+00 0.33311346E+00 0.21979049E+00 0.15828077E+00 0.12522591E+00 0.10798036E+00 0.99262060E-01 0.94982700E-01 0.92990354E-01 0.92197162E-01 0.92018773E-01 0.92068894E-01 0.92025910E-01 0.91596595E-01 0.90525725E-01 0.88620986E-01 0.85775710E-01 0.81980172E-01 0.77318088E-01 0.71949592E-01 0.66085075E-01 0.59955678E-01 0.53785816E-01 0.47771678E-01 0.42067695E-01 0.36781133E-01 0.31973619E-01 0.27667615E-01 0.23855598E-01 0.20509919E-01
0.83034957E+01 0.16710941E+02 0.32764574E+02 0.62104181E+02 0.11316555E+03 0.22224534E+03 0.49524632E+03 0.79632123E+03 0.57960744E+03 0.26366944E+03 0.12886880E+03 0.70066364E+02 0.37198128E+02 0.19066725E+02 0.95754508E+01 0.46950171E+01 0.22916627E+01 0.11605621E+01 0.63111054E+00 0.37345942E+00 0.24106531E+00 0.17085770E+00 0.13398868E+00 0.11549764E+00 0.10694867E+00 0.10362654E+00 0.10304165E+00 0.10392090E+00 0.10555659E+00 0.10744971E+00 0.10915721E+00 0.11025776E+00 0.11037473E+00 0.10921801E+00 0.10662082E+00 0.10255872E+00 0.97145937E-01 0.90611265E-01 0.83260226E-01 0.75432093E-01 0.67459593E-01 0.59636891E-01 0.52198711E-01 0.45311012E-01 0.39071837E-01 0.33519770E-01 0.28646924E-01 0.24413488E-01
0.99803324E+01 0.20561409E+02 0.41692516E+02 0.82286674E+02 0.17131286E+03 0.55889816E+03 0.30156283E+04 0.88311053E+04 0.42402362E+04 0.79716440E+03 0.20914493E+03 0.94108320E+02 0.47595301E+02 0.23546264E+02 0.11527169E+02 0.55474460E+01 0.26516546E+01 0.13103929E+01 0.69597660E+00 0.40426999E+00 0.25774292E+00 0.18150876E+00 0.14233496E+00 0.12350066E+00 0.11573807E+00 0.11389399E+00 0.11524081E+00 0.11835996E+00 0.12242088E+00 0.12678727E+00 0.13085511E+00 0.13402901E+00 0.13576684E+00 0.13564544E+00 0.13341678E+00 0.12903683E+00 0.12266087E+00 0.11460912E+00 0.10531292E+00 0.95254139E-01 0.84908660E-01 0.74701211E-01 0.64975023E-01 0.55976937E-01 0.47856493E-01 0.40676147E-01 0.34428758E-01 0.29058245E-01
