Basic/Day4/qtaim/mof/mof_pl2d.SURFKKIN
DSAA
 161 161
-0.75589045E+01  0.75589045E+01  0.94486307E-01
-0.75589045E+01  0.75589045E+01  0.94486307E-01
 0.00000000E+00  0.00000000E+00
[rows 21 to 41 of 161, columns 48 to 95 of 161]
-0.16545942E-04 -0.18257229E-04 -0.20045651E-04 -0.21898199E-04 -0.23799833E-04 -0.25732629E-04 -0.27677453E-04 -0.29613360E-04 -0.31518188E-04 -0.33369012E-04 -0.35142646E-04 -0.36816159E-04 -0.38367438E-04 -0.39775710E-04 -0.41022034E-04 -0.42089752E-04 -0.42964855E-04 -0.43636274E-04 -0.44096068E-04 -0.44339527E-04 -0.44365180E-04 -0.44174332E-04 -0.43772539E-04 -0.43166910E-04 -0.42367563E-04 -0.41386956E-04 -0.40239530E-04 -0.38941440E-04 -0.37510239E-04 -0.35964500E-04 -0.34323561E-04 -0.32607152E-04 -0.30835068E-04 -0.29026843E-04 -0.27201437E-04 -0.25376928E-04 -0.23570238E-04 -0.21796894E-04 -0.20070816E-04 -0.18404183E-04 -0.16807297E-04 -0.15288576E-04 -0.13854531E-04 -0.12509822E-04 -0.11257355E-04 -0.10098403E-04 -0.90327679E-05 -0.80589252E-05
-0.14376946E-04 -0.15858817E-04 -0.17409575E-04 -0.19018211E-04 -0.20671725E-04 -0.22355236E-04 -0.24052177E-04 -0.25744557E-04 -0.27413262E-04 -0.29038457E-04 -0.30599993E-04 -0.32077854E-04 -0.33452626E-04 -0.34705956E-04 -0.35820985E-04 -0.36782746E-04 -0.37578497E-04 -0.38197992E-04 -0.38633675E-04 -0.38880788E-04 -0.38937436E-04 -0.38804508E-04 -0.38485609E-04 -0.37986895E-04 -0.37316884E-04 -0.36486210E-04 -0.35507396E-04 -0.34394504E-04 -0.33162938E-04 -0.31829083E-04 -0.30410020E-04 -0.28923209E-04 -0.27386187E-04 -0.25816262E-04 -0.24230227E-04 -0.22644086E-04 -0.21072801E-04 -0.19530087E-04 -0.18028232E-04 -0.16577968E-04 -0.15188363E-04 -0.13866814E-04 -0.12619032E-04 -0.11449084E-04 -0.10359487E-04 -0.93513089E-05 -0.84242898E-05 -0.75770772E-05
-0.12498589E-04 -0.13776987E-04 -0.15116465E-04 -0.16507735E-04 -0.17939777E-04 -0.19399941E-04 -0.20874091E-04 -0.22346831E-04 -0.23801763E-04 -0.25221802E-04 -0.26589528E-04 -0.27887569E-04 -0.29098996E-04 -0.30207710E-04 -0.31198844E-04 -0.32059077E-04 -0.32776957E-04 -0.33343146E-04 -0.33750609E-04 -0.33994730E-04 -0.34073373E-04 -0.33986866E-04 -0.33737942E-04 -0.33331620E-04 -0.32775058E-04 -0.32077298E-04 -0.31249132E-04 -0.30302792E-04 -0.29251714E-04 -0.28110251E-04 -0.26893404E-04 -0.25616530E-04 -0.24295064E-04 -0.22944244E-04 -0.21578843E-04 -0.20212930E-04 -0.18859646E-04 -0.17531017E-04 -0.16237797E-04 -0.14989359E-04 -0.13793598E-04 -0.12656929E-04 -0.11584267E-04 -0.10579078E-04 -0.96434451E-05 -0.87781510E-05 -0.79828827E-05 -0.72562226E-05
-0.10885784E-04 -0.11984446E-04 -0.13136859E-04 -0.14335235E-04 -0.15570262E-04 -0.16831217E-04 -0.18106091E-04 -0.19381764E-04 -0.20644228E-04 -0.21878842E-04 -0.23070636E-04 -0.24204625E-04 -0.25266149E-04 -0.26241206E-04 -0.27116780E-04 -0.27881147E-04 -0.28524139E-04 -0.29037375E-04 -0.29414431E-04 -0.29650966E-04 -0.29744783E-04 -0.29695841E-04 -0.29506229E-04 -0.29180016E-04 -0.28723208E-04 -0.28143528E-04 -0.27450235E-04 -0.26653914E-04 -0.25766233E-04 -0.24799704E-04 -0.23767423E-04 -0.22682819E-04 -0.21559387E-04 -0.20410451E-04 -0.19248921E-04 -0.18087073E-04 -0.16936355E-04 -0.15807219E-04 -0.14708984E-04 -0.13649725E-04 -0.12636227E-04 -0.11673940E-04 -0.10766987E-04 -0.99181988E-05 -0.91291594E-05 -0.84003792E-05 -0.77312624E-05 -0.71203287E-05
-0.95178000E-05 -0.10458186E-04 -0.11445628E-04 -0.12473499E-04 -0.13533979E-04 -0.14618015E-04 -0.15715445E-04 -0.16815143E-04 -0.17905204E-04 -0.18973156E-04 -0.20006212E-04 -0.20991538E-04 -0.21916534E-04 -0.22769123E-04 -0.23538029E-04 -0.24213040E-04 -0.24785244E-04 -0.25247234E-04 -0.25593264E-04 -0.25819369E-04 -0.25923430E-04 -0.25905217E-04 -0.25766290E-04 -0.25510036E-04 -0.25141498E-04 -0.24667255E-04 -0.24095254E-04 -0.23434622E-04 -0.22695458E-04 -0.21888617E-04 -0.21025473E-04 -0.20117695E-04 -0.19177015E-04 -0.18214998E-04 -0.17242841E-04 -0.16271164E-04 -0.15309845E-04 -0.14367865E-04 -0.13453193E-04 -0.12572675E-04 -0.11732011E-04 -0.10935700E-04 -0.10187056E-04 -0.94882150E-05 -0.88402867E-05 -0.82432846E-05 -0.76963355E-05 -0.71977592E-05
-0.83781734E-05 -0.91797739E-05 -0.10022164E-04 -0.10899873E-04 -0.11806270E-04 -0.12733764E-04 -0.13673803E-04 -0.14617003E-04 -0.15553311E-04 -0.16472174E-04 -0.17362752E-04 -0.18214142E-04 -0.19015612E-04 -0.19756848E-04 -0.20428189E-04 -0.21020854E-04 -0.21527146E-04 -0.21940630E-04 -0.22256279E-04 -0.22470600E-04 -0.22581629E-04 -0.22589056E-04 -0.22494152E-04 -0.22299737E-04 -0.22010085E-04 -0.21630820E-04 -0.21168763E-04 -0.20631779E-04 -0.20028582E-04 -0.19368549E-04 -0.18661516E-04 -0.17917565E-04 -0.17146825E-04 -0.16359264E-04 -0.15564505E-04 -0.14771646E-04 -0.13989105E-04 -0.13224491E-04 -0.12484475E-04 -0.11774744E-04 -0.11099921E-04 -0.10463527E-04 -0.98680919E-05 -0.93150116E-05 -0.88047259E-05 -0.83367646E-05 -0.79098362E-05 -0.75219374E-05
-0.74550917E-05 -0.81353693E-05 -0.88507094E-05 -0.95965198E-05 -0.10367304E-04 -0.11156739E-04 -0.11957610E-04 -0.12762090E-04 -0.13561755E-04 -0.14347753E-04 -0.15110983E-04 -0.15842274E-04 -0.16532592E-04 -0.17173235E-04 -0.17756041E-04 -0.18273574E-04 -0.18719306E-04 -0.19087765E-04 -0.19374690E-04 -0.19577044E-04 -0.19693179E-04 -0.19722815E-04 -0.19667038E-04 -0.19528261E-04 -0.19310158E-04 -0.19017566E-04 -0.18656364E-04 -0.18233323E-04 -0.17755958E-04 -0.17232347E-04 -0.16670957E-04 -0.16080453E-04 -0.15469517E-04 -0.14846667E-04 -0.14220090E-04 -0.13597479E-04 -0.12985894E-04 -0.12391646E-04 -0.11820182E-04 -0.11276040E-04 -0.10762758E-04 -0.10282959E-04 -0.98381910E-05 -0.94290863E-05 -0.90553729E-05 -0.87159517E-05 -0.84089886E-05 -0.81320194E-05
-0.67416127E-05 -0.73161704E-05 -0.79205148E-05 -0.85508319E-05 -0.92025627E-05 -0.98704329E-05 -0.10548512E-04 -0.11230333E-04 -0.11908845E-04 -0.12576741E-04 -0.13226474E-04 -0.13850443E-04 -0.14441150E-04 -0.14991380E-04 -0.15494361E-04 -0.15943928E-04 -0.16334692E-04 -0.16662100E-04 -0.16922639E-04 -0.17113865E-04 -0.17234465E-04 -0.17284296E-04 -0.17264372E-04 -0.17176838E-04 -0.17024917E-04 -0.16812809E-04 -0.16545612E-04 -0.16229184E-04 -0.15870000E-04 -0.15475011E-04 -0.15051475E-04 -0.14606798E-04 -0.14148367E-04 -0.13683388E-04 -0.13218736E-04 -0.12760805E-04 -0.12315391E-04 -0.11887558E-04 -0.11481559E-04 -0.11100847E-04 -0.10747872E-04 -0.10424187E-04 -0.10130373E-04 -0.98662561E-05 -0.96306937E-05 -0.94218286E-05 -0.92371360E-05 -0.90735346E-05
-0.62360985E-05 -0.67187790E-05 -0.72263782E-05 -0.77557277E-05 -0.83030795E-05 -0.88640818E-05 -0.94339404E-05 -0.10007307E-04 -0.10578513E-04 -0.11141531E-04 -0.11690239E-04 -0.12218458E-04 -0.12720106E-04 -0.13189337E-04 -0.13620682E-04 -0.14009204E-04 -0.14350540E-04 -0.14641117E-04 -0.14878183E-04 -0.15059889E-04 -0.15185335E-04 -0.15254599E-04 -0.15268730E-04 -0.15229724E-04 -0.15140478E-04 -0.15004715E-04 -0.14826899E-04 -0.14612122E-04 -0.14365980E-04 -0.14094450E-04 -0.13803740E-04 -0.13500142E-04 -0.13189888E-04 -0.12879001E-04 -0.12573154E-04 -0.12277540E-04 -0.11996732E-04 -0.11734629E-04 -0.11494387E-04 -0.11278229E-04 -0.11087529E-04 -0.10922757E-04 -0.10783500E-04 -0.10668482E-04 -0.10575641E-04 -0.10502198E-04 -0.10444768E-04 -0.10399466E-04
-0.59424992E-05 -0.63456098E-05 -0.67690285E-05 -0.72101865E-05 -0.76660452E-05 -0.81331183E-05 -0.86075100E-05 -0.90849473E-05 -0.95609330E-05 -0.10030696E-04 -0.10489345E-04 -0.10932110E-04 -0.11354123E-04 -0.11750848E-04 -0.12118079E-04 -0.12451964E-04 -0.12749247E-04 -0.13007273E-04 -0.13224076E-04 -0.13398443E-04 -0.13529943E-04 -0.13618957E-04 -0.13666659E-04 -0.13675008E-04 -0.13646701E-04 -0.13585108E-04 -0.13494197E-04 -0.13378438E-04 -0.13242702E-04 -0.13092133E-04 -0.12932033E-04 -0.12767717E-04 -0.12604391E-04 -0.12446977E-04 -0.12300091E-04 -0.12167830E-04 -0.12053618E-04 -0.11960202E-04 -0.11889531E-04 -0.11842701E-04 -0.11819917E-04 -0.11820485E-04 -0.11842822E-04 -0.11884503E-04 -0.11942328E-04 -0.12012409E-04 -0.12090293E-04 -0.12171079E-04
-0.58711989E-05 -0.62055062E-05 -0.65557427E-05 -0.69198424E-05 -0.72953920E-05 -0.76796522E-05 -0.80695885E-05 -0.84619143E-05 -0.88531463E-05 -0.92396693E-05 -0.96177895E-05 -0.99839050E-05 -0.10334453E-04 -0.10666126E-04 -0.10975824E-04 -0.11260896E-04 -0.11519096E-04 -0.11748702E-04 -0.11948562E-04 -0.12118141E-04 -0.12257536E-04 -0.12367499E-04 -0.12449429E-04 -0.12505345E-04 -0.12537856E-04 -0.12550099E-04 -0.12545678E-04 -0.12528577E-04 -0.12503071E-04 -0.12473614E-04 -0.12444702E-04 -0.12420844E-04 -0.12406366E-04 -0.12405238E-04 -0.12421033E-04 -0.12456777E-04 -0.12514835E-04 -0.12596824E-04 -0.12703523E-04 -0.12834817E-04 -0.12989663E-04 -0.13166078E-04 -0.13361162E-04 -0.13571153E-04 -0.13791497E-04 -0.14016970E-04 -0.14241791E-04 -0.14459790E-04
-0.60395701E-05 -0.63145279E-05 -0.66011388E-05 -0.68977757E-05 -0.72025870E-05 -0.75135079E-05 -0.78282914E-05 -0.81445425E-05 -0.84597607E-05 -0.87713934E-05 -0.90768916E-05 -0.93737732E-05 -0.96597240E-05 -0.99325167E-05 -0.10190328E-04 -0.10431567E-04 -0.10655044E-04 -0.10859960E-04 -0.11046089E-04 -0.11213573E-04 -0.11363137E-04 -0.11495925E-04 -0.11613669E-04 -0.11718550E-04 -0.11813167E-04 -0.11900600E-04 -0.11984181E-04 -0.12067507E-04 -0.12154439E-04 -0.12248855E-04 -0.12354640E-04 -0.12475558E-04 -0.12615123E-04 -0.12776486E-04 -0.12962306E-04 -0.13174620E-04 -0.13414750E-04 -0.13683187E-04 -0.13979506E-04 -0.14302309E-04 -0.14649186E-04 -0.15016712E-04 -0.15400470E-04 -0.15795127E-04 -0.16194512E-04 -0.16591758E-04 -0.16979456E-04 -0.17349837E-04
-0.64728182E-05 -0.66966987E-05 -0.69279365E-05 -0.71652956E-05 -0.74074289E-05 -0.76528948E-05 -0.79001782E-05 -0.81477216E-05 -0.83939612E-05 -0.86373615E-05 -0.88764599E-05 -0.91099543E-05 -0.93366015E-05 -0.95554550E-05 -0.97657912E-05 -0.99671537E-05 -0.10159472E-04 -0.10342950E-04 -0.10518186E-04 -0.10686155E-04 -0.10848185E-04 -0.11006081E-04 -0.11161903E-04 -0.11318092E-04 -0.11477376E-04 -0.11642821E-04 -0.11817648E-04 -0.12005253E-04 -0.12209124E-04 -0.12432742E-04 -0.12679490E-04 -0.12952553E-04 -0.13254788E-04 -0.13588608E-04 -0.13955851E-04 -0.14357642E-04 -0.14794282E-04 -0.15265126E-04 -0.15768495E-04 -0.16301603E-04 -0.16860520E-04 -0.17440167E-04 -0.18034361E-04 -0.18635882E-04 -0.19236601E-04 -0.19827638E-04 -0.20399553E-04 -0.20942573E-04
-0.72048847E-05 -0.73849554E-05 -0.75679330E-05 -0.77529271E-05 -0.79390546E-05 -0.81254529E-05 -0.83113018E-05 -0.84958512E-05 -0.86784422E-05 -0.88585400E-05 -0.90358052E-05 -0.92099653E-05 -0.93810513E-05 -0.95492915E-05 -0.97151622E-05 -0.98794041E-05 -0.10043025E-04 -0.10207297E-04 -0.10373833E-04 -0.10544450E-04 -0.10721258E-04 -0.10906618E-04 -0.11103065E-04 -0.11313533E-04 -0.11540949E-04 -0.11788460E-04 -0.12059319E-04 -0.12356839E-04 -0.12684325E-04 -0.13044995E-04 -0.13441893E-04 -0.13877776E-04 -0.14354993E-04 -0.14875355E-04 -0.15439976E-04 -0.16049148E-04 -0.16702181E-04 -0.17397280E-04 -0.18131430E-04 -0.18900311E-04 -0.19698271E-04 -0.20518300E-04 -0.21352099E-04 -0.22190170E-04 -0.23021974E-04 -0.23836124E-04 -0.24620638E-04 -0.25363201E-04
-0.82794163E-05 -0.84221601E-05 -0.85630470E-05 -0.87014962E-05 -0.88370491E-05 -0.89693900E-05 -0.90983684E-05 -0.92240194E-05 -0.93465877E-05 -0.94665895E-05 -0.95846661E-05 -0.97018127E-05 -0.98192539E-05 -0.99384734E-05 -0.10061219E-04 -0.10189473E-04 -0.10325462E-04 -0.10471625E-04 -0.10630575E-04 -0.10805177E-04 -0.10998342E-04 -0.11213214E-04 -0.11452982E-04 -0.11720951E-04 -0.12020454E-04 -0.12354989E-04 -0.12727930E-04 -0.13142674E-04 -0.13602527E-04 -0.14110637E-04 -0.14669901E-04 -0.15282848E-04 -0.15951504E-04 -0.16677240E-04 -0.17460597E-04 -0.18301115E-04 -0.19197156E-04 -0.20145740E-04 -0.21142413E-04 -0.22181136E-04 -0.23254236E-04 -0.24352408E-04 -0.25464781E-04 -0.26579041E-04 -0.27681634E-04 -0.28758023E-04 -0.29793078E-04 -0.30771091E-04
-0.97507438E-05 -0.98621399E-05 -0.99664472E-05 -0.10063314E-04 -0.10152683E-04 -0.10234756E-04 -0.10310033E-04 -0.10379331E-04 -0.10443856E-04 -0.10505035E-04 -0.10564750E-04 -0.10625192E-04 -0.10688890E-04 -0.10758668E-04 -0.10837636E-04 -0.10929144E-04 -0.11036745E-04 -0.11164139E-04 -0.11315166E-04 -0.11493766E-04 -0.11703860E-04 -0.11949473E-04 -0.12234552E-04 -0.12563052E-04 -0.12938890E-04 -0.13365934E-04 -0.13847948E-04 -0.14388711E-04 -0.14991725E-04 -0.15660321E-04 -0.16397513E-04 -0.17205866E-04 -0.18087342E-04 -0.19043098E-04 -0.20073286E-04 -0.21176832E-04 -0.22351197E-04 -0.23592178E-04 -0.24893729E-04 -0.26247824E-04 -0.27644395E-04 -0.29071327E-04 -0.30514625E-04 -0.31958326E-04 -0.33385070E-04 -0.34776288E-04 -0.36112609E-04 -0.37374317E-04
-0.11684898E-04 -0.11770760E-04 -0.11843609E-04 -0.11903296E-04 -0.11950086E-04 -0.11984664E-04 -0.12008163E-04 -0.12022238E-04 -0.12028903E-04 -0.12030767E-04 -0.12030890E-04 -0.12032782E-04 -0.12040368E-04 -0.12057948E-04 -0.12090136E-04 -0.12141791E-04 -0.12217932E-04 -0.12323750E-04 -0.12464426E-04 -0.12645154E-04 -0.12871066E-04 -0.13147171E-04 -0.13478487E-04 -0.13869783E-04 -0.14325752E-04 -0.14850972E-04 -0.15449895E-04 -0.16126833E-04 -0.16885882E-04 -0.17730992E-04 -0.18665622E-04 -0.19692749E-04 -0.20814626E-04 -0.22032529E-04 -0.23346488E-04 -0.24754985E-04 -0.26254662E-04 -0.27840034E-04 -0.29503259E-04 -0.31234033E-04 -0.33019229E-04 -0.34843293E-04 -0.36688059E-04 -0.38533142E-04 -0.40356202E-04 -0.42133414E-04 -0.43839992E-04 -0.45450768E-04
-0.14160234E-04 -0.14226813E-04 -0.14273439E-04 -0.14300179E-04 -0.14307542E-04 -0.14296614E-04 -0.14269264E-04 -0.14227774E-04 -0.14175235E-04 -0.14115364E-04 -0.14052518E-04 -0.13991637E-04 -0.13938200E-04 -0.13898137E-04 -0.13877724E-04 -0.13883559E-04 -0.13922363E-04 -0.14000938E-04 -0.14126071E-04 -0.14304456E-04 -0.14542639E-04 -0.14846984E-04 -0.15223632E-04 -0.15678610E-04 -0.16217685E-04 -0.16846492E-04 -0.17570568E-04 -0.18395267E-04 -0.19325784E-04 -0.20367060E-04 -0.21523599E-04 -0.22799401E-04 -0.24197480E-04 -0.25719697E-04 -0.27366333E-04 -0.29135692E-04 -0.31023690E-04 -0.33023568E-04 -0.35125252E-04 -0.37315568E-04 -0.39577774E-04 -0.41891758E-04 -0.44234123E-04 -0.46578516E-04 -0.48896107E-04 -0.51156150E-04 -0.53326724E-04 -0.55375492E-04
-0.17268140E-04 -0.17322534E-04 -0.17348891E-04 -0.17347237E-04 -0.17318284E-04 -0.17263549E-04 -0.17185342E-04 -0.17086853E-04 -0.16972152E-04 -0.16846146E-04 -0.16714672E-04 -0.16584221E-04 -0.16461976E-04 -0.16355738E-04 -0.16273695E-04 -0.16224360E-04 -0.16216414E-04 -0.16258580E-04 -0.16359517E-04 -0.16527721E-04 -0.16771467E-04 -0.17098780E-04 -0.17517432E-04 -0.18034946E-04 -0.18658752E-04 -0.19396062E-04 -0.20254034E-04 -0.21239739E-04 -0.22360180E-04 -0.23622094E-04 -0.25031831E-04 -0.26595018E-04 -0.28316345E-04 -0.30198857E-04 -0.32243617E-04 -0.34449190E-04 -0.36810754E-04 -0.39320041E-04 -0.41964542E-04 -0.44727378E-04 -0.47587065E-04 -0.50517554E-04 -0.53488483E-04 -0.56465611E-04 -0.59411441E-04 -0.62286060E-04 -0.65048059E-04 -0.67655586E-04
-0.21113186E-04 -0.21164157E-04 -0.21177402E-04 -0.21152767E-04 -0.21091067E-04 -0.20994009E-04 -0.20864481E-04 -0.20706446E-04 -0.20525105E-04 -0.20326684E-04 -0.20118509E-04 -0.19908814E-04 -0.19706874E-04 -0.19522471E-04 -0.19365993E-04 -0.19248186E-04 -0.19179995E-04 -0.19172395E-04 -0.19236272E-04 -0.19382310E-04 -0.19620940E-04 -0.19962316E-04 -0.20416348E-04 -0.20992760E-04 -0.21701147E-04 -0.22551187E-04 -0.23552513E-04 -0.24714877E-04 -0.26048066E-04 -0.27561736E-04 -0.29265204E-04 -0.31166957E-04 -0.33274191E-04 -0.35592218E-04 -0.38123533E-04 -0.40867272E-04 -0.43818249E-04 -0.46966370E-04 -0.50295955E-04 -0.53785339E-04 -0.57406671E-04 -0.61125980E-04 -0.64903543E-04 -0.68694502E-04 -0.72449758E-04 -0.76117095E-04 -0.79642468E-04 -0.82971406E-04
-0.25812675E-04 -0.25871381E-04 -0.25880587E-04 -0.25839806E-04 -0.25749607E-04 -0.25611969E-04 -0.25430235E-04 -0.25209212E-04 -0.24955186E-04 -0.24675856E-04 -0.24380297E-04 -0.24078848E-04 -0.23782828E-04 -0.23504461E-04 -0.23256588E-04 -0.23052618E-04 -0.22906074E-04 -0.22830586E-04 -0.22839702E-04 -0.22946788E-04 -0.23164982E-04 -0.23507212E-04 -0.23986263E-04 -0.24614885E-04 -0.25405933E-04 -0.26372473E-04 -0.27528006E-04 -0.28886295E-04 -0.30461431E-04 -0.32267561E-04 -0.34318502E-04 -0.36627220E-04 -0.39204867E-04 -0.42060132E-04 -0.45197953E-04 -0.48618703E-04 -0.52316798E-04 -0.56279899E-04 -0.60488054E-04 -0.64913130E-04 -0.69518619E-04 -0.74259764E-04 -0.79084101E-04 -0.83932378E-04 -0.88739841E-04 -0.93437791E-04 -0.97955362E-04 -0.10222141E-03
