Basic/Day4/qtaim/mof/mof_pl2d.SURFGKIN
DSAA
 161 161
-0.75589045E+01  0.75589045E+01  0.94486307E-01
-0.75589045E+01  0.75589045E+01  0.94486307E-01
 0.00000000E+00  0.00000000E+00
[rows 132 to 153 of 161, columns 48 to 95 of 161]
0.66995659E-02 0.59420446E-02 0.52527142E-02 0.46302458E-02 0.40721023E-02 0.35748388E-02 0.31343801E-02 0.27462914E-02 0.24060176E-02 0.21090956E-02 0.18513356E-02 0.16289735E-02 0.14387963E-02 0.12782485E-02 0.11455231E-02 0.10396449E-02 0.96055630E-03 0.90918851E-03 0.88754697E-03 0.89878040E-03 0.94723464E-03 0.10384764E-02 0.11792680E-02 0.13774728E-02 0.16418718E-02 0.19818708E-02 0.24070884E-02 0.29268209E-02 0.35493986E-02 0.42814615E-02 0.51272053E-02 0.60876667E-02 0.71601280E-02 0.83377338E-02 0.96094030E-02 0.10960102E-01 0.12371512E-01 0.13823086E-01 0.15293412E-01 0.16761796E-01 0.18209869E-01 0.19623063E-01 0.20991756E-01 0.22311931E-01 0.23585260E-01 0.24818570E-01 0.26022753E-01 0.27211275E-01
0.73887981E-02 0.65174002E-02 0.57288128E-02 0.50205551E-02 0.43888815E-02 0.38291155E-02 0.33359649E-02 0.29038018E-02 0.25269244E-02 0.21997786E-02 0.19171470E-02 0.16743017E-02 0.14671252E-02 0.12922060E-02 0.11469134E-02 0.10294605E-02 0.93895993E-03 0.87548104E-03 0.84009574E-03 0.83493192E-03 0.86320769E-03 0.92924697E-03 0.10384590E-02 0.11972654E-02 0.14129575E-02 0.16934677E-02 0.20470432E-02 0.24818186E-02 0.30052936E-02 0.36237386E-02 0.43415627E-02 0.51606988E-02 0.60800673E-02 0.70951934E-02 0.81980437E-02 0.93771425E-02 0.10617999E-01 0.11903848E-01 0.13216658E-01 0.14538339E-01 0.15852014E-01 0.17143245E-01 0.18401039E-01 0.19618549E-01 0.20793351E-01 0.21927297E-01 0.23025937E-01 0.24097639E-01
0.81720358E-02 0.71717031E-02 0.62713016E-02 0.54667804E-02 0.47528299E-02 0.41232513E-02 0.35712931E-02 0.30899401E-02 0.26721860E-02 0.23112584E-02 0.20008090E-02 0.17350645E-02 0.15089408E-02 0.13181259E-02 0.11591395E-02 0.10293748E-02 0.92713030E-03 0.85164315E-03 0.80310671E-03 0.78270227E-03 0.79261460E-03 0.83603561E-03 0.91714353E-03 0.10410435E-02 0.12136552E-02 0.14415338E-02 0.17316134E-02 0.20908673E-02 0.25258893E-02 0.30424099E-02 0.36447739E-02 0.43354175E-02 0.51143976E-02 0.59790249E-02 0.69236614E-02 0.79397270E-02 0.90159503E-02 0.10138868E-01 0.11293554E-01 0.12464522E-01 0.13636719E-01 0.14796521E-01 0.15932612E-01 0.17036658E-01 0.18103709E-01 0.19132295E-01 0.20124210E-01 0.21084058E-01
0.90457551E-02 0.79007154E-02 0.68756505E-02 0.59643962E-02 0.51596235E-02 0.44532404E-02 0.38367340E-02 0.33014720E-02 0.28389567E-02 0.24410529E-02 0.21001692E-02 0.18094007E-02 0.15626323E-02 0.13546080E-02 0.11809726E-02 0.10382930E-02 0.92406780E-03 0.83672995E-03 0.77565122E-03 0.74113813E-03 0.73443429E-03 0.75770934E-03 0.81403389E-03 0.90732631E-03 0.10422622E-02 0.12241327E-02 0.14586426E-02 0.17516424E-02 0.21087951E-02 0.25351859E-02 0.30348953E-02 0.36105619E-02 0.42629754E-02 0.49907394E-02 0.57900532E-02 0.66546492E-02 0.75759174E-02 0.85432266E-02 0.95444347E-02 0.10566553E-01 0.11596508E-01 0.12621938E-01 0.13631936E-01 0.14617673E-01 0.15572853E-01 0.16493951E-01 0.17380232E-01 0.18233592E-01
0.10005771E-01 0.86996085E-02 0.75368189E-02 0.65084510E-02 0.56045938E-02 0.48148072E-02 0.41284615E-02 0.35350265E-02 0.30243018E-02 0.25866282E-02 0.22130499E-02 0.18954404E-02 0.16265897E-02 0.14002554E-02 0.12111841E-02 0.10551119E-02 0.92874932E-03 0.82976029E-03 0.75674267E-03 0.70919880E-03 0.68752026E-03 0.69296068E-03 0.72760263E-03 0.79430763E-03 0.89663818E-03 0.10387441E-02 0.12252032E-02 0.14608092E-02 0.17503092E-02 0.20980919E-02 0.25078411E-02 0.29821766E-02 0.35223069E-02 0.41277303E-02 0.47960177E-02 0.55227101E-02 0.63013575E-02 0.71237113E-02 0.79800693E-02 0.88597534E-02 0.97516838E-02 0.10645002E-01 0.11529685E-01 0.12397104E-01 0.13240470E-01 0.14055146E-01 0.14838816E-01 0.15591495E-01
0.11046825E-01 0.95626519E-02 0.82490125E-02 0.70933689E-02 0.60825627E-02 0.52032702E-02 0.44423287E-02 0.37869851E-02 0.32251015E-02 0.27453152E-02 0.23371770E-02 0.19912472E-02 0.16991577E-02 0.14536398E-02 0.12485221E-02 0.10787071E-02 0.94013254E-03 0.82972550E-03 0.74535505E-03 0.68578934E-03 0.65065007E-03 0.64037501E-03 0.65617389E-03 0.69997598E-03 0.77436050E-03 0.88246259E-03 0.10278444E-02 0.12143294E-02 0.14457934E-02 0.17259190E-02 0.20579173E-02 0.24442352E-02 0.28862655E-02 0.33840874E-02 0.39362629E-02 0.45397152E-02 0.51897133E-02 0.58799735E-02 0.66028833E-02 0.73498348E-02 0.81116488E-02 0.88790532E-02 0.96431804E-02 0.10396042E-01 0.11130944E-01 0.11842823E-01 0.12528483E-01 0.13186716E-01
0.12162186E-01 0.10482949E-01 0.90055040E-02 0.77128232E-02 0.65877468E-02 0.56134614E-02 0.47737975E-02 0.40534249E-02 0.34379996E-02 0.29142648E-02 0.24701423E-02 0.20947862E-02 0.17786097E-02 0.15132820E-02 0.12916980E-02 0.11079281E-02 0.95715334E-03 0.83559513E-03 0.74044305E-03 0.66979066E-03 0.62256853E-03 0.59849179E-03 0.59800418E-03 0.62222103E-03 0.67286314E-03 0.75217482E-03 0.86281889E-03 0.10077450E-02 0.11900241E-02 0.14126544E-02 0.16783418E-02 0.19892621E-02 0.23468242E-02 0.27514487E-02 0.32023846E-02 0.36975846E-02 0.42336564E-02 0.48059040E-02 0.54084635E-02 0.60345295E-02 0.66766594E-02 0.73271344E-02 0.79783507E-02 0.86232122E-02 0.92554987E-02 0.98701865E-02 0.10463707E-01 0.11034143E-01
0.13343278E-01 0.11452217E-01 0.97985121E-02 0.83596738E-02 0.71137270E-02 0.60397113E-02 0.51179378E-02 0.43301124E-02 0.36593961E-02 0.30904394E-02 0.26093939E-02 0.22039152E-02 0.18631409E-02 0.15776475E-02 0.13393858E-02 0.11415997E-02 0.97873351E-03 0.84633520E-03 0.74096039E-03 0.66008668E-03 0.60202555E-03 0.56585502E-03 0.55135123E-03 0.55892467E-03 0.58955416E-03 0.64471246E-03 0.72627786E-03 0.83642704E-03 0.97750410E-03 0.11518685E-02 0.13617198E-02 0.16089094E-02 0.18947480E-02 0.22198207E-02 0.25838279E-02 0.29854651E-02 0.34223586E-02 0.38910680E-02 0.43871602E-02 0.49053569E-02 0.54397477E-02 0.59840549E-02 0.65319348E-02 0.70772931E-02 0.76145959E-02 0.81391595E-02 0.86474036E-02 0.91370643E-02
0.14579346E-01 0.12460620E-01 0.10619136E-01 0.90259614E-02 0.76534739E-02 0.64758877E-02 0.54694618E-02 0.46125335E-02 0.38854759E-02 0.32706355E-02 0.27522535E-02 0.23163976E-02 0.19508779E-02 0.16451542E-02 0.13902290E-02 0.11785308E-02 0.10037905E-02 0.86091719E-03 0.74587701E-03 0.65558717E-03 0.58780659E-03 0.54105419E-03 0.51452766E-03 0.50803193E-03 0.52191067E-03 0.55697591E-03 0.61443048E-03 0.69577910E-03 0.80272391E-03 0.93704269E-03 0.11004524E-02 0.12944598E-02 0.15202062E-02 0.17783167E-02 0.20687642E-02 0.23907609E-02 0.27426882E-02 0.31220761E-02 0.35256361E-02 0.39493521E-02 0.43886236E-02 0.48384567E-02 0.52936887E-02 0.57492350E-02 0.62003435E-02 0.66428425E-02 0.70733724E-02 0.74895931E-02
0.15857217E-01 0.13496671E-01 0.11457349E-01 0.97029558E-02 0.81994217E-02 0.69154773E-02 0.58228048E-02 0.48959719E-02 0.41122693E-02 0.34515322E-02 0.28959547E-02 0.24299320E-02 0.20399020E-02 0.17141907E-02 0.14428555E-02 0.12175269E-02 0.10312502E-02 0.87833202E-03 0.75419543E-03 0.65524618E-03 0.57875611E-03 0.52275471E-03 0.48594139E-03 0.46760448E-03 0.46754880E-03 0.48602639E-03 0.52366622E-03 0.58139760E-03 0.66036466E-03 0.76183015E-03 0.88706679E-03 0.10372399E-02 0.12132838E-02 0.14157799E-02 0.16448441E-02 0.19000305E-02 0.21802640E-02 0.24838067E-02 0.28082654E-02 0.31506417E-02 0.35074256E-02 0.38747275E-02 0.42484428E-02 0.46244390E-02 0.49987575E-02 0.53678179E-02 0.57286193E-02 0.60789268E-02
0.17161206E-01 0.14547238E-01 0.12302070E-01 0.10381256E-01 0.87435840E-02 0.73517028E-02 0.61722349E-02 0.51756020E-02 0.43357341E-02 0.36297599E-02 0.30376980E-02 0.25421959E-02 0.21282829E-02 0.17831428E-02 0.14958988E-02 0.12574071E-02 0.10600606E-02 0.89760305E-03 0.76495863E-03 0.65807605E-03 0.57379443E-03 0.50971912E-03 0.46412301E-03 0.43585685E-03 0.42427203E-03 0.42915121E-03 0.45064073E-03 0.48918399E-03 0.54544918E-03 0.62025143E-03 0.71446643E-03 0.82893806E-03 0.96438051E-03 0.11212807E-02 0.12998058E-02 0.14997219E-02 0.17203311E-02 0.19604347E-02 0.22183229E-02 0.24917994E-02 0.27782386E-02 0.30746740E-02 0.33779147E-02 0.36846840E-02 0.39917743E-02 0.42962106E-02 0.45954172E-02 0.48873807E-02
0.18473216E-01 0.15597669E-01 0.13141299E-01 0.11050943E-01 0.92777035E-02 0.77776653E-02 0.65119820E-02 0.54466040E-02 0.45518558E-02 0.38019814E-02 0.31747171E-02 0.26508983E-02 0.22141202E-02 0.18504254E-02 0.15480221E-02 0.12970233E-02 0.10892074E-02 0.91779851E-03 0.77726822E-03 0.66315821E-03 0.57192886E-03 0.50082000E-03 0.44774202E-03 0.41117782E-03 0.39010055E-03 0.38390235E-03 0.39232913E-03 0.41541891E-03 0.45343985E-03 0.50682560E-03 0.57610569E-03 0.66183255E-03 0.76450393E-03 0.88448550E-03 0.10219358E-02 0.11767385E-02 0.13484476E-02 0.15362488E-02 0.17389422E-02 0.19549491E-02 0.21823449E-02 0.24189140E-02 0.26622308E-02 0.29097591E-02 0.31589679E-02 0.34074579E-02 0.36530954E-02 0.38941483E-02
0.19773086E-01 0.16632068E-01 0.13962352E-01 0.11701778E-01 0.97934303E-02 0.81865026E-02 0.68363792E-02 0.57042859E-02 0.47567449E-02 0.39649793E-02 0.33043504E-02 0.27538372E-02 0.22955884E-02 0.19145175E-02 0.15979457E-02 0.13352806E-02 0.11177296E-02 0.93804343E-03 0.79028904E-03 0.66965038E-03 0.57226013E-03 0.49504630E-03 0.43561403E-03 0.39213942E-03 0.36328300E-03 0.34811533E-03 0.34605294E-03 0.35680015E-03 0.38029369E-03 0.41664742E-03 0.46609586E-03 0.52893485E-03 0.60546083E-03 0.69590869E-03 0.80039191E-03 0.91884694E-03 0.10509859E-02 0.11962607E-02 0.13538425E-02 0.15226177E-02 0.17012031E-02 0.18879797E-02 0.20811460E-02 0.22787866E-02 0.24789560E-02 0.26797757E-02 0.28795358E-02 0.30768064E-02
0.21039163E-01 0.17633705E-01 0.14752168E-01 0.12323441E-01 0.10282517E-01 0.85715546E-02 0.71400028E-02 0.59442050E-02 0.49467489E-02 0.41157417E-02 0.34241114E-02 0.28489567E-02 0.23709828E-02 0.19739983E-02 0.16444742E-02 0.13711579E-02 0.11447344E-02 0.95753045E-03 0.80325781E-03 0.67679147E-03 0.57398512E-03 0.49150457E-03 0.42670070E-03 0.37749695E-03 0.34229731E-03 0.31991028E-03 0.30948457E-03 0.31045287E-03 0.32248088E-03 0.34541900E-03 0.37925478E-03 0.42406442E-03 0.47996421E-03 0.54706084E-03 0.62540353E-03 0.71493874E-03 0.81547043E-03 0.92662811E-03 0.10478452E-02 0.11783497E-02 0.13171683E-02 0.14631450E-02 0.16149738E-02 0.17712455E-02 0.19305064E-02 0.20913278E-02 0.22523854E-02 0.24125438E-02
0.22249097E-01 0.18585546E-01 0.15497675E-01 0.12905801E-01 0.10737023E-01 0.89265252E-02 0.74178071E-02 0.61622798E-02 0.51185418E-02 0.42515424E-02 0.35317554E-02 0.29344008E-02 0.24387626E-02 0.20275806E-02 0.16865227E-02 0.14037276E-02 0.11694115E-02 0.97552955E-03 0.81548905E-03 0.68390442E-03 0.57639701E-03 0.48941623E-03 0.42010522E-03 0.36618129E-03 0.32584087E-03 0.29768130E-03 0.28063578E-03 0.27391844E-03 0.27697639E-03 0.28944605E-03 0.31111215E-03 0.34186697E-03 0.38167098E-03 0.43051253E-03 0.48836954E-03 0.55517265E-03 0.63077219E-03 0.71491047E-03 0.80720112E-03 0.90711698E-03 0.10139877E-02 0.11270081E-02 0.12452569E-02 0.13677265E-02 0.14933633E-02 0.16211160E-02 0.17499944E-02 0.18791330E-02
0.23380749E-01 0.19470858E-01 0.16186193E-01 0.13439192E-01 0.11149513E-01 0.92456332E-02 0.76652429E-02 0.63548874E-02 0.52692057E-02 0.43700077E-02 0.36253348E-02 0.30085598E-02 0.24975876E-02 0.20741403E-02 0.17231390E-02 0.14321724E-02 0.11910451E-02 0.99139623E-03 0.82637969E-03 0.69039743E-03 0.57888310E-03 0.48811303E-03 0.41506342E-03 0.35728719E-03 0.31281539E-03 0.28007725E-03 0.25783471E-03 0.24512828E-03 0.24123104E-03 0.24560830E-03 0.25788084E-03 0.27779044E-03 0.30516622E-03 0.33989240E-03 0.38187644E-03 0.43101937E-03 0.48718831E-03 0.55019279E-03 0.61976588E-03 0.69555128E-03 0.77709732E-03 0.86385844E-03 0.95520479E-03 0.10504398E-02 0.11488264E-02 0.12496196E-02 0.13521083E-02 0.14556618E-02
0.24413131E-01 0.20273822E-01 0.16805839E-01 0.13914683E-01 0.11513243E-01 0.95237441E-02 0.78783569E-02 0.65189418E-02 0.53962951E-02 0.44691699E-02 0.37032436E-02 0.30701062E-02 0.25463480E-02 0.21127400E-02 0.17535227E-02 0.14557994E-02 0.12090245E-02 0.10045778E-02 0.83541211E-03 0.69576379E-03 0.58092218E-03 0.48702971E-03 0.41093363E-03 0.35005900E-03 0.30230772E-03 0.26597749E-03 0.23969617E-03 0.22236822E-03 0.21313015E-03 0.21131240E-03 0.21640578E-03 0.22803096E-03 0.24590955E-03 0.26983703E-03 0.29965628E-03 0.33523312E-03 0.37643345E-03 0.42310309E-03 0.47505096E-03 0.53203642E-03 0.59376140E-03 0.65986796E-03 0.72994154E-03 0.80352038E-03 0.88011094E-03 0.95920963E-03 0.10403304E-02 0.11230380E-02
0.25327267E-01 0.20980094E-01 0.17345890E-01 0.14324312E-01 0.11822317E-01 0.97564786E-02 0.80538685E-02 0.66519507E-02 0.54978806E-02 0.45475025E-02 0.37642467E-02 0.31180193E-02 0.25841853E-02 0.21426460E-02 0.17770381E-02 0.14740498E-02 0.12228503E-02 0.10146178E-02 0.84215564E-03 0.69958102E-03 0.58207960E-03 0.48569692E-03 0.40718562E-03 0.34387502E-03 0.29356921E-03 0.25446536E-03 0.22508837E-03 0.20423790E-03 0.19094499E-03 0.18443557E-03 0.18409916E-03 0.18946106E-03 0.20015675E-03 0.21590859E-03 0.23650323E-03 0.26177103E-03 0.29156680E-03 0.32575252E-03 0.36418257E-03 0.40669176E-03 0.45308683E-03 0.50314166E-03 0.55659658E-03 0.61316216E-03 0.67252744E-03 0.73437293E-03 0.79838828E-03 0.86429463E-03
0.26106867E-01 0.21577259E-01 0.17797087E-01 0.14661288E-01 0.12071813E-01 0.99402933E-02 0.81892232E-02 0.67520518E-02 0.55725747E-02 0.46039397E-02 0.38074949E-02 0.31515980E-02 0.26105017E-02 0.21633366E-02 0.17932212E-02 0.14865052E-02 0.12321390E-02 0.10211578E-02 0.84626689E-03 0.70150844E-03 0.58200286E-03 0.48373352E-03 0.40338912E-03 0.33823185E-03 0.28599495E-03 0.24480140E-03 0.21309912E-03 0.18960884E-03 0.17328184E-03 0.16326461E-03 0.15886923E-03 0.15954757E-03 0.16486777E-03 0.17449373E-03 0.18816510E-03 0.20567968E-03 0.22687676E-03 0.25162218E-03 0.27979524E-03 0.31127772E-03 0.34594529E-03 0.38366153E-03 0.42427491E-03 0.46761877E-03 0.51351470E-03 0.56177934E-03 0.61223475E-03 0.66472239E-03
0.26738763E-01 0.22055159E-01 0.18151859E-01 0.14920140E-01 0.12257883E-01 0.10072539E-01 0.82826238E-02 0.68180281E-02 0.56195388E-02 0.46378783E-02 0.38325262E-02 0.31704609E-02 0.26249622E-02 0.21745036E-02 0.18017816E-02 0.14928879E-02 0.12366230E-02 0.10239377E-02 0.84748823E-03 0.70128401E-03 0.58041670E-03 0.48083886E-03 0.39920308E-03 0.33272955E-03 0.27910405E-03 0.23639774E-03 0.20300323E-03 0.17758378E-03 0.15903188E-03 0.14643526E-03 0.13904829E-03 0.13626763E-03 0.13761027E-03 0.14269452E-03 0.15122247E-03 0.16296379E-03 0.17774131E-03 0.19541775E-03 0.21588407E-03 0.23904935E-03 0.26483249E-03 0.29315575E-03 0.32394027E-03 0.35710384E-03 0.39256098E-03 0.43022538E-03 0.47001517E-03 0.51186069E-03
0.27213104E-01 0.22406070E-01 0.18404469E-01 0.15096819E-01 0.12377813E-01 0.10151498E-01 0.83330457E-02 0.68493090E-02 0.56384754E-02 0.46491679E-02 0.38392537E-02 0.31745369E-02 0.26274854E-02 0.21760459E-02 0.18025973E-02 0.14930583E-02 0.12361489E-02 0.10227927E-02 0.84564449E-03 0.69872069E-03 0.57711752E-03 0.47678528E-03 0.39436525E-03 0.32705776E-03 0.27252141E-03 0.22879444E-03 0.19423240E-03 0.16745868E-03 0.14732436E-03 0.13287519E-03 0.12332406E-03 0.11802733E-03 0.11646445E-03 0.11821961E-03 0.12296574E-03 0.13044957E-03 0.14047860E-03 0.15290907E-03 0.16763538E-03 0.18458083E-03 0.20368961E-03 0.22492027E-03 0.24824054E-03 0.27362372E-03 0.30104662E-03 0.33048926E-03 0.36193639E-03 0.39538102E-03
0.27523326E-01 0.22624763E-01 0.18551091E-01 0.15188764E-01 0.12430071E-01 0.10176397E-01 0.83402364E-02 0.68459572E-02 0.56296093E-02 0.46380879E-02 0.38279455E-02 0.31640455E-02 0.26182285E-02 0.21680574E-02 0.17957057E-02 0.14870074E-02 0.12306711E-02 0.10176489E-02 0.84063921E-03 0.69370185E-03 0.57196790E-03 0.47141094E-03 0.38868290E-03 0.32098350E-03 0.26596162E-03 0.22163863E-03 0.18634834E-03 0.15868896E-03 0.13748434E-03 0.12175206E-03 0.11067659E-03 0.10358653E-03 0.99934819E-04 0.99281237E-04 0.10127718E-03 0.10565160E-03 0.11219888E-03 0.12076772E-03 0.13125132E-03 0.14357875E-03 0.15770738E-03 0.17361640E-03 0.19130133E-03 0.21076970E-03 0.23203771E-03 0.25512812E-03 0.28006936E-03 0.30689606E-03
