Basic/Day4/qtaim/mof/mof_pl2d.SURFGKIN
DSAA
 161 161
-0.75589045E+01  0.75589045E+01  0.94486307E-01
-0.75589045E+01  0.75589045E+01  0.94486307E-01
 0.00000000E+00  0.00000000E+00
[rows 110 to 131 of 161, columns 48 to 95 of 161]
0.81319221E-01 0.74350901E-01 0.67056131E-01 0.59739012E-01 0.52653367E-01 0.45990353E-01 0.39875551E-01 0.34374238E-01 0.29502304E-01 0.25239834E-01 0.21544672E-01 0.18364088E-01 0.15643594E-01 0.13332782E-01 0.11388587E-01 0.97766438E-02 0.84714545E-02 0.74559446E-02 0.67207927E-02 0.62636942E-02 0.60885512E-02 0.62044661E-02 0.66243943E-02 0.73633292E-02 0.84359768E-02 0.98539636E-02 0.11622728E-01 0.13738333E-01 0.16184518E-01 0.18930331E-01 0.21928700E-01 0.25116324E-01 0.28415401E-01 0.31738683E-01 0.35002006E-01 0.38155884E-01 0.41263509E-01 0.44680118E-01 0.49422639E-01 0.57836727E-01 0.74650748E-01 0.10856782E+00 0.17526209E+00 0.30534469E+00 0.56716450E+00 0.11247598E+01 0.23619541E+01 0.50919529E+01
0.62129065E-01 0.57188813E-01 0.51987415E-01 0.46731609E-01 0.41595552E-01 0.36712932E-01 0.32175191E-01 0.28034876E-01 0.24312436E-01 0.21004632E-01 0.18092944E-01 0.15550860E-01 0.13349472E-01 0.11461323E-01 0.98627299E-02 0.85349995E-02 0.74649552E-02 0.66450970E-02 0.60735784E-02 0.57540402E-02 0.56952295E-02 0.59102793E-02 0.64155107E-02 0.72286675E-02 0.83665564E-02 0.98421559E-02 0.11661355E-01 0.13819566E-01 0.16298544E-01 0.19063778E-01 0.22062849E-01 0.25225183E-01 0.28463795E-01 0.31680521E-01 0.34778984E-01 0.37696728E-01 0.40483621E-01 0.43480847E-01 0.47688433E-01 0.55427364E-01 0.71384661E-01 0.10418753E+00 0.16934755E+00 0.29705481E+00 0.55447496E+00 0.11024349E+01 0.23168409E+01 0.49937884E+01
0.47861723E-01 0.44354373E-01 0.40635121E-01 0.36843460E-01 0.33098848E-01 0.29495583E-01 0.26101493E-01 0.22959767E-01 0.20092927E-01 0.17507811E-01 0.15200625E-01 0.13161396E-01 0.11377502E-01 0.98362232E-02 0.85264591E-02 0.74398564E-02 0.65715558E-02 0.59207224E-02 0.54909111E-02 0.52902311E-02 0.53312076E-02 0.56302106E-02 0.62063318E-02 0.70796295E-02 0.82687292E-02 0.97878477E-02 0.11643401E-01 0.13830443E-01 0.16329276E-01 0.19102615E-01 0.22093737E-01 0.25226080E-01 0.28404931E-01 0.31522676E-01 0.34471599E-01 0.37175008E-01 0.39662000E-01 0.42236903E-01 0.45826502E-01 0.52606112E-01 0.66987324E-01 0.97086285E-01 0.15737080E+00 0.27547108E+00 0.51154742E+00 0.10074759E+01 0.20920252E+01 0.44581127E+01
0.37262398E-01 0.34749714E-01 0.32064054E-01 0.29299663E-01 0.26539061E-01 0.23849646E-01 0.21282606E-01 0.18873732E-01 0.16645568E-01 0.14610225E-01 0.12772310E-01 0.11131601E-01 0.96852634E-02 0.84295883E-02 0.73613263E-02 0.64787404E-02 0.57824724E-02 0.52762724E-02 0.49675697E-02 0.48678068E-02 0.49924183E-02 0.53603308E-02 0.59928712E-02 0.69120121E-02 0.81379453E-02 0.96860478E-02 0.11563393E-01 0.13765054E-01 0.16270540E-01 0.19040760E-01 0.22015985E-01 0.25115280E-01 0.28238087E-01 0.31269321E-01 0.34091548E-01 0.36613763E-01 0.38839180E-01 0.41017564E-01 0.43956977E-01 0.49587603E-01 0.61852204E-01 0.88003592E-01 0.14079703E+00 0.24381322E+00 0.44638543E+00 0.86143692E+00 0.17460874E+01 0.36371275E+01
0.29340746E-01 0.27512470E-01 0.25543087E-01 0.23496875E-01 0.21431617E-01 0.19396277E-01 0.17430069E-01 0.15562667E-01 0.13815238E-01 0.12201932E-01 0.10731529E-01 0.94090189E-02 0.82370193E-02 0.72170126E-02 0.63504324E-02 0.56396491E-02 0.50888764E-02 0.47049827E-02 0.44981467E-02 0.44822574E-02 0.46749379E-02 0.50970735E-02 0.57717363E-02 0.67224402E-02 0.79707106E-02 0.95330276E-02 0.11417286E-01 0.13619009E-01 0.16117654E-01 0.18873423E-01 0.21825048E-01 0.24889073E-01 0.27961294E-01 0.30921569E-01 0.33645037E-01 0.36027665E-01 0.38044905E-01 0.39881841E-01 0.42199230E-01 0.46616878E-01 0.56479767E-01 0.77951295E-01 0.12170823E+00 0.20667780E+00 0.37022520E+00 0.69392432E+00 0.13581774E+01 0.27336884E+01
0.23356763E-01 0.21999390E-01 0.20527533E-01 0.18985771E-01 0.17415296E-01 0.15852315E-01 0.14327235E-01 0.12864546E-01 0.11483225E-01 0.10197455E-01 0.90175198E-02 0.79507481E-02 0.70024579E-02 0.61768867E-02 0.54781130E-02 0.49109725E-02 0.44819500E-02 0.41999977E-02 0.40772009E-02 0.41291853E-02 0.43751479E-02 0.48373966E-02 0.55402945E-02 0.65085418E-02 0.77647742E-02 0.93265250E-02 0.11202681E-01 0.13389661E-01 0.15867646E-01 0.18597277E-01 0.21517303E-01 0.24543721E-01 0.27571046E-01 0.30476761E-01 0.33131401E-01 0.35420481E-01 0.37293114E-01 0.38867940E-01 0.40648951E-01 0.43919677E-01 0.51372261E-01 0.67991242E-01 0.10230069E+00 0.16874616E+00 0.29383084E+00 0.53159499E+00 0.99630348E+00 0.19167845E+01
0.18779343E-01 0.17748398E-01 0.16625436E-01 0.15442037E-01 0.14228168E-01 0.13011038E-01 0.11814417E-01 0.10658363E-01 0.95592957E-02 0.85303000E-02 0.75816062E-02 0.67211770E-02 0.59553782E-02 0.52897212E-02 0.47296644E-02 0.42814551E-02 0.39529732E-02 0.37545124E-02 0.36994150E-02 0.38044585E-02 0.40898780E-02 0.45789163E-02 0.52968014E-02 0.62690785E-02 0.75192709E-02 0.90659039E-02 0.10919009E-01 0.13076322E-01 0.15519497E-01 0.18210735E-01 0.21090340E-01 0.24075733E-01 0.27062531E-01 0.29928608E-01 0.32542997E-01 0.34784269E-01 0.36579383E-01 0.37986104E-01 0.39359546E-01 0.41657758E-01 0.46934098E-01 0.59024988E-01 0.84442526E-01 0.13378479E+00 0.22498426E+00 0.39142647E+00 0.69914747E+00 0.12751167E+01
0.15237460E-01 0.14435592E-01 0.13560727E-01 0.12635757E-01 0.11682898E-01 0.10722864E-01 0.97742976E-02 0.88534660E-02 0.79741751E-02 0.71478781E-02 0.63839365E-02 0.56900178E-02 0.50726101E-02 0.45376410E-02 0.40911853E-02 0.37402294E-02 0.34934479E-02 0.33619262E-02 0.33597472E-02 0.35043453E-02 0.38165193E-02 0.43200018E-02 0.50404839E-02 0.60040239E-02 0.72348032E-02 0.87522544E-02 0.10567662E-01 0.12680443E-01 0.15074382E-01 0.17714273E-01 0.20543401E-01 0.23482450E-01 0.26430392E-01 0.29268144E-01 0.31866356E-01 0.34100595E-01 0.35881570E-01 0.37216779E-01 0.38333034E-01 0.39901534E-01 0.43404521E-01 0.51649935E-01 0.69402816E-01 0.10419379E+00 0.16782934E+00 0.28002674E+00 0.47623406E+00 0.82043972E+00
0.12475332E-01 0.11836265E-01 0.11140298E-01 0.10404378E-01 0.96452275E-02 0.88787402E-02 0.81195263E-02 0.73806243E-02 0.66733727E-02 0.60074317E-02 0.53909487E-02 0.48308529E-02 0.43332783E-02 0.39040970E-02 0.35495459E-02 0.32769139E-02 0.30952453E-02 0.30159953E-02 0.30535642E-02 0.32256184E-02 0.35530998E-02 0.40598233E-02 0.47715668E-02 0.57145777E-02 0.69134545E-02 0.83884173E-02 0.10152052E-01 0.12205718E-01 0.14535877E-01 0.17110776E-01 0.19877913E-01 0.22762843E-01 0.25669886E-01 0.28485369E-01 0.31084429E-01 0.33343500E-01 0.35163505E-01 0.36514584E-01 0.37522411E-01 0.38625873E-01 0.40836226E-01 0.46105696E-01 0.57769629E-01 0.81020115E-01 0.12353334E+00 0.19678878E+00 0.31898817E+00 0.51994310E+00
0.10316215E-01 0.97936459E-02 0.92277758E-02 0.86313610E-02 0.80171183E-02 0.73972815E-02 0.67832435E-02 0.61853234E-02 0.56126439E-02 0.50731322E-02 0.45736445E-02 0.41202101E-02 0.37183948E-02 0.33737663E-02 0.30924513E-02 0.28817481E-02 0.27507560E-02 0.27109661E-02 0.27767439E-02 0.29656224E-02 0.32983146E-02 0.37983497E-02 0.44912418E-02 0.54031127E-02 0.65587243E-02 0.79789225E-02 0.96775701E-02 0.11658115E-01 0.13910082E-01 0.16405825E-01 0.19098022E-01 0.21918402E-01 0.24778258E-01 0.27571295E-01 0.30179550E-01 0.32483726E-01 0.34380976E-01 0.35816823E-01 0.36843903E-01 0.37727313E-01 0.39118355E-01 0.42305575E-01 0.49517527E-01 0.64216051E-01 0.91346802E-01 0.13767275E+00 0.21252254E+00 0.32915802E+00
0.86356965E-02 0.81959466E-02 0.77243814E-02 0.72307197E-02 0.67246815E-02 0.62156625E-02 0.57124804E-02 0.52231862E-02 0.47549818E-02 0.43142268E-02 0.39065500E-02 0.35370662E-02 0.32106952E-02 0.29325755E-02 0.27085536E-02 0.25457297E-02 0.24530179E-02 0.24416754E-02 0.25257393E-02 0.27222977E-02 0.30515110E-02 0.35362954E-02 0.42015790E-02 0.50730557E-02 0.61753853E-02 0.75298422E-02 0.91514519E-02 0.11045786E-01 0.13205627E-01 0.15607863E-01 0.18211019E-01 0.20953939E-01 0.23756095E-01 0.26520053E-01 0.29136602E-01 0.31493388E-01 0.33488736E-01 0.35054434E-01 0.36194910E-01 0.37054848E-01 0.38029853E-01 0.39928160E-01 0.44169713E-01 0.52974923E-01 0.69477793E-01 0.97739494E-01 0.14273765E+00 0.21043288E+00
0.73433743E-02 0.69607192E-02 0.65559963E-02 0.61366696E-02 0.57101722E-02 0.52836807E-02 0.48639335E-02 0.44571164E-02 0.40688006E-02 0.37039783E-02 0.33671713E-02 0.30626298E-02 0.27946174E-02 0.25677768E-02 0.23875639E-02 0.22607273E-02 0.21958072E-02 0.22036093E-02 0.22976007E-02 0.24941637E-02 0.28126311E-02 0.32750209E-02 0.39053863E-02 0.47287064E-02 0.57692737E-02 0.70485457E-02 0.85825354E-02 0.10378839E-01 0.12433525E-01 0.14728186E-01 0.17227561E-01 0.19878167E-01 0.22608428E-01 0.25330738E-01 0.27945893E-01 0.30350352E-01 0.32447212E-01 0.34162782E-01 0.35472690E-01 0.36444199E-01 0.37303522E-01 0.38534232E-01 0.41000949E-01 0.46069522E-01 0.55671369E-01 0.72258556E-01 0.98634206E-01 0.13769084E+00
0.63711314E-02 0.60249053E-02 0.56649943E-02 0.52971606E-02 0.49270703E-02 0.45601466E-02 0.42014572E-02 0.38556468E-02 0.35269224E-02 0.32191046E-02 0.29357356E-02 0.26802695E-02 0.24563274E-02 0.22680211E-02 0.21203347E-02 0.20195496E-02 0.19736844E-02 0.19929194E-02 0.20899577E-02 0.22802643E-02 0.25821179E-02 0.30163976E-02 0.36060277E-02 0.43750146E-02 0.53470076E-02 0.65433904E-02 0.79809170E-02 0.96690027E-02 0.11606856E-01 0.13780726E-01 0.16161626E-01 0.18703946E-01 0.21345398E-01 0.24008696E-01 0.26605321E-01 0.29041656E-01 0.31227882E-01 0.33090432E-01 0.34589786E-01 0.35746879E-01 0.36682738E-01 0.37675281E-01 0.39231258E-01 0.42158580E-01 0.47607111E-01 0.57035599E-01 0.72072407E-01 0.94269101E-01
0.56660508E-02 0.53388662E-02 0.50053827E-02 0.46700652E-02 0.43372011E-02 0.40108183E-02 0.36946297E-02 0.33920121E-02 0.31060260E-02 0.28394810E-02 0.25950582E-02 0.23754779E-02 0.21837361E-02 0.20233896E-02 0.18988917E-02 0.18159656E-02 0.17819940E-02 0.18063985E-02 0.19009677E-02 0.20800850E-02 0.23607960E-02 0.27626457E-02 0.33072204E-02 0.40173124E-02 0.49156782E-02 0.60233498E-02 0.73575306E-02 0.89291594E-02 0.10740302E-01 0.12781609E-01 0.15030167E-01 0.17448109E-01 0.19982390E-01 0.22566093E-01 0.25121568E-01 0.27565592E-01 0.29816681E-01 0.31804788E-01 0.33483954E-01 0.34849219E-01 0.35959809E-01 0.36970559E-01 0.38171083E-01 0.40025743E-01 0.43197881E-01 0.48532971E-01 0.56975704E-01 0.69410857E-01
0.51862931E-02 0.48629213E-02 0.45399937E-02 0.42209796E-02 0.39090794E-02 0.36071973E-02 0.33179340E-02 0.30436069E-02 0.27862982E-02 0.25479391E-02 0.23304310E-02 0.21358135E-02 0.19664679E-02 0.18253760E-02 0.17164132E-02 0.16446759E-02 0.16168252E-02 0.16414246E-02 0.17292392E-02 0.18934504E-02 0.21497376E-02 0.25161666E-02 0.30128088E-02 0.36610489E-02 0.44825144E-02 0.54976112E-02 0.67236752E-02 0.81728106E-02 0.98495471E-02 0.11748525E-01 0.13852484E-01 0.16130896E-01 0.18539588E-01 0.21021699E-01 0.23510225E-01 0.25932307E-01 0.28215277E-01 0.30294406E-01 0.32122368E-01 0.33680649E-01 0.34993504E-01 0.36145098E-01 0.37299572E-01 0.38721043E-01 0.40785673E-01 0.43973019E-01 0.48822122E-01 0.55843576E-01
0.48986743E-02 0.45653005E-02 0.42388072E-02 0.39218916E-02 0.36168825E-02 0.33257592E-02 0.30501885E-02 0.27915788E-02 0.25511558E-02 0.23300613E-02 0.21294796E-02 0.19507929E-02 0.17957756E-02 0.16668130E-02 0.15671645E-02 0.15012481E-02 0.14749419E-02 0.14958834E-02 0.15737395E-02 0.17204136E-02 0.19501296E-02 0.22793664E-02 0.27265587E-02 0.33115224E-02 0.40545533E-02 0.49751726E-02 0.60905268E-02 0.74134933E-02 0.89506036E-02 0.10699958E-01 0.12649370E-01 0.14775036E-01 0.17041032E-01 0.19399951E-01 0.21794904E-01 0.24163014E-01 0.26440386E-01 0.28568392E-01 0.30501050E-01 0.32213242E-01 0.33709678E-01 0.35034526E-01 0.36281359E-01 0.37602020E-01 0.39211063E-01 0.41379857E-01 0.44413416E-01 0.48604801E-01
0.47771111E-02 0.44208036E-02 0.40778207E-02 0.37502478E-02 0.34396933E-02 0.31473497E-02 0.28740694E-02 0.26204516E-02 0.23869420E-02 0.21739471E-02 0.19819642E-02 0.18117312E-02 0.16644061E-02 0.15417570E-02 0.14463955E-02 0.13820229E-02 0.13536935E-02 0.13680767E-02 0.14337038E-02 0.15611504E-02 0.17631404E-02 0.20545065E-02 0.24519633E-02 0.29736413E-02 0.36383392E-02 0.44644650E-02 0.54686685E-02 0.66642030E-02 0.80591058E-02 0.96543422E-02 0.11442115E-01 0.13404586E-01 0.15513282E-01 0.17729446E-01 0.20005550E-01 0.22288074E-01 0.24521538E-01 0.26653613E-01 0.28641010E-01 0.30455757E-01 0.32091468E-01 0.33569208E-01 0.34942536E-01 0.36300952E-01 0.37770317E-01 0.39507914E-01 0.41689171E-01 0.44483853E-01
0.48014544E-02 0.44097612E-02 0.40381398E-02 0.36881689E-02 0.33608316E-02 0.30566175E-02 0.27756338E-02 0.25177240E-02 0.22825912E-02 0.20699273E-02 0.18795489E-02 0.17115441E-02 0.15664318E-02 0.14453445E-02 0.13502164E-02 0.12840038E-02 0.12509154E-02 0.12566330E-02 0.13085327E-02 0.14158566E-02 0.15898146E-02 0.18435726E-02 0.21920848E-02 0.26517243E-02 0.32396703E-02 0.39730286E-02 0.48676769E-02 0.59368659E-02 0.71896442E-02 0.86292263E-02 0.10251469E-01 0.12043663E-01 0.13983879E-01 0.16041080E-01 0.18176203E-01 0.20344310E-01 0.22497800E-01 0.24590523E-01 0.26582531E-01 0.28445045E-01 0.30165182E-01 0.31749980E-01 0.33229244E-01 0.34656724E-01 0.36109004E-01 0.37681200E-01 0.39478536E-01 0.41603098E-01
0.49564780E-02 0.45171083E-02 0.41051428E-02 0.37217051E-02 0.33671976E-02 0.30414411E-02 0.27438221E-02 0.24734413E-02 0.22292614E-02 0.20102518E-02 0.18155321E-02 0.16445162E-02 0.14970627E-02 0.13736312E-02 0.12754630E-02 0.12047482E-02 0.11648331E-02 0.11604124E-02 0.11977171E-02 0.12846698E-02 0.14309845E-02 0.16481754E-02 0.19494361E-02 0.23493517E-02 0.28634065E-02 0.35072604E-02 0.42957882E-02 0.52418987E-02 0.63551874E-02 0.76405176E-02 0.90966637E-02 0.10715190E-01 0.12479759E-01 0.14366059E-01 0.16342528E-01 0.18371953E-01 0.20413971E-01 0.22428343E-01 0.24378763E-01 0.26236852E-01 0.27985911E-01 0.29623982E-01 0.31165786E-01 0.32643171E-01 0.34103746E-01 0.35607402E-01 0.37220557E-01 0.39008092E-01
0.52309265E-02 0.47315026E-02 0.42676709E-02 0.38401039E-02 0.34486164E-02 0.30923489E-02 0.27699496E-02 0.24797531E-02 0.22199531E-02 0.19887634E-02 0.17845702E-02 0.16060755E-02 0.14524441E-02 0.13234367E-02 0.12195645E-02 0.11422455E-02 0.10939625E-02 0.10784332E-02 0.11007675E-02 0.11676058E-02 0.12872106E-02 0.14694884E-02 0.17259069E-02 0.20692741E-02 0.25133473E-02 0.30722470E-02 0.37596662E-02 0.45878856E-02 0.55666345E-02 0.67018709E-02 0.79945887E-02 0.94397919E-02 0.11025796E-01 0.12734019E-01 0.14539408E-01 0.16411585E-01 0.18316746E-01 0.20220206E-01 0.22089432E-01 0.23897251E-01 0.25624902E-01 0.27264520E-01 0.28820709E-01 0.30310888E-01 0.31764220E-01 0.33219029E-01 0.34718782E-01 0.36306835E-01
0.56166259E-02 0.50444770E-02 0.45172471E-02 0.40350974E-02 0.35971967E-02 0.32019478E-02 0.28472034E-02 0.25304754E-02 0.22491315E-02 0.20005737E-02 0.17824043E-02 0.15925651E-02 0.14294779E-02 0.12921718E-02 0.11804094E-02 0.10948215E-02 0.10370325E-02 0.10098038E-02 0.10171625E-02 0.10645189E-02 0.11587483E-02 0.13082186E-02 0.15227357E-02 0.18133762E-02 0.21921810E-02 0.26716860E-02 0.32642787E-02 0.39813866E-02 0.48325249E-02 0.58242592E-02 0.69591701E-02 0.82349284E-02 0.96436150E-02 0.11171417E-01 0.12798824E-01 0.14501412E-01 0.16251229E-01 0.18018747E-01 0.19775228E-01 0.21495291E-01 0.23159394E-01 0.24755921E-01 0.26282575E-01 0.27746827E-01 0.29165288E-01 0.30561950E-01 0.31965439E-01 0.33405491E-01
0.61076486E-02 0.54496571E-02 0.48473450E-02 0.43002295E-02 0.38067231E-02 0.33643821E-02 0.29701652E-02 0.26206744E-02 0.23123683E-02 0.20417635E-02 0.18056056E-02 0.16010182E-02 0.14256338E-02 0.12777093E-02 0.11562359E-02 0.10610438E-02 0.99291245E-03 0.95367220E-03 0.94631381E-03 0.97508126E-03 0.10455411E-02 0.11646105E-02 0.13405210E-02 0.15826936E-02 0.19014998E-02 0.23078909E-02 0.28128798E-02 0.34268789E-02 0.41589128E-02 0.50157471E-02 0.60009987E-02 0.71143172E-02 0.83507401E-02 0.97003329E-02 0.11148219E-01 0.12675069E-01 0.14258089E-01 0.15872471E-01 0.17493212E-01 0.19097138E-01 0.20664920E-01 0.22182828E-01 0.23644000E-01 0.25049022E-01 0.26405694E-01 0.27727972E-01 0.29034171E-01 0.30344617E-01
