Basic/Day4/qtaim/mof/mof_pl2d.SURFGRHO
DSAA
 161 161
-0.75589045E+01  0.75589045E+01  0.94486307E-01
-0.75589045E+01  0.75589045E+01  0.94486307E-01
 0.00000000E+00  0.00000000E+00
[rows 110 to 131 of 161, columns 0 to 47 of 161]
0.13087677E+00 0.11028739E+00 0.92706588E-01 0.77828757E-01 0.65296019E-01 0.54749770E-01 0.45861668E-01 0.38347683E-01 0.31970339E-01 0.26534150E-01 0.21878420E-01 0.17870410E-01 0.14401165E-01 0.11386646E-01 0.87800736E-02 0.66128016E-02 0.51018783E-02 0.47390365E-02 0.57696986E-02 0.77815750E-02 0.10398998E-01 0.13492127E-01 0.17050556E-01 0.21111671E-01 0.25735085E-01 0.30994207E-01 0.36973675E-01 0.43768166E-01 0.51480064E-01 0.60214162E-01 0.70067951E-01 0.81116731E-01 0.93393780E-01 0.10686717E+00 0.12141624E+00 0.13681180E+00 0.15270481E+00 0.16862757E+00 0.18401011E+00 0.19821237E+00 0.21056994E+00 0.22044923E+00 0.22730576E+00 0.23073854E+00 0.23053311E+00 0.22668698E+00 0.21941290E+00 0.20911883E+00
0.13266832E+00 0.11179307E+00 0.93969224E-01 0.78889038E-01 0.66190332E-01 0.55509514E-01 0.46513591E-01 0.38914815E-01 0.32473132E-01 0.26991566E-01 0.22308777E-01 0.18291813E-01 0.14831168E-01 0.11840146E-01 0.92622607E-02 0.70967737E-02 0.54658465E-02 0.47096401E-02 0.51721988E-02 0.66740589E-02 0.88309614E-02 0.11449357E-01 0.14478682E-01 0.17929717E-01 0.21839026E-01 0.26255533E-01 0.31235329E-01 0.36839153E-01 0.43129999E-01 0.50169279E-01 0.58010454E-01 0.66689539E-01 0.76212489E-01 0.86540384E-01 0.97574224E-01 0.10914196E+00 0.12099077E+00 0.13278761E+00 0.14412987E+00 0.15456702E+00 0.16363210E+00 0.17088002E+00 0.17592845E+00 0.17849599E+00 0.17843222E+00 0.17573502E+00 0.17055221E+00 0.16316684E+00
0.13273138E+00 0.11190838E+00 0.94119860E-01 0.79061334E-01 0.66374078E-01 0.55697829E-01 0.46702695E-01 0.39103789E-01 0.32663698E-01 0.27187899E-01 0.22517270E-01 0.18520701E-01 0.15089725E-01 0.12136704E-01 0.95989453E-02 0.74547179E-02 0.57654243E-02 0.47506500E-02 0.47375529E-02 0.57465371E-02 0.74598168E-02 0.96368034E-02 0.12186373E-01 0.15093790E-01 0.18376358E-01 0.22064818E-01 0.26195551E-01 0.30806797E-01 0.35935973E-01 0.41616617E-01 0.47874076E-01 0.54719445E-01 0.62141715E-01 0.70098600E-01 0.78507161E-01 0.87235815E-01 0.96099690E-01 0.10486122E+00 0.11323740E+00 0.12091432E+00 0.12756824E+00 0.13289148E+00 0.13662003E+00 0.13855939E+00 0.13860483E+00 0.13675292E+00 0.13310242E+00 0.12784423E+00
0.13106399E+00 0.11062996E+00 0.93154005E-01 0.78340343E-01 0.65841417E-01 0.55308578E-01 0.46422742E-01 0.38908421E-01 0.32536048E-01 0.27117472E-01 0.22498655E-01 0.18552401E-01 0.15172882E-01 0.12273134E-01 0.97870421E-02 0.76793438E-02 0.59723133E-02 0.47991928E-02 0.44211271E-02 0.49793674E-02 0.62716235E-02 0.80404103E-02 0.10156850E-01 0.12581362E-01 0.15314486E-01 0.18373133E-01 0.21780163E-01 0.25559357E-01 0.29732341E-01 0.34315893E-01 0.39318840E-01 0.44738122E-01 0.50553949E-01 0.56724296E-01 0.63179375E-01 0.69817057E-01 0.76500431E-01 0.83058689E-01 0.89292258E-01 0.94982562E-01 0.99906038E-01 0.10385121E+00 0.10663693E+00 0.10812935E+00 0.10825525E+00 0.10700964E+00 0.10445631E+00 0.10072134E+00
0.12775338E+00 0.10802352E+00 0.91119784E-01 0.76760392E-01 0.64616239E-01 0.54357975E-01 0.45684424E-01 0.38335522E-01 0.32094317E-01 0.26782643E-01 0.22254193E-01 0.18387625E-01 0.15081257E-01 0.12250290E-01 0.98274598E-02 0.77692292E-02 0.60727751E-02 0.48124014E-02 0.41755409E-02 0.43475487E-02 0.52499528E-02 0.66445086E-02 0.83721160E-02 0.10369295E-01 0.12621508E-01 0.15134829E-01 0.17922831E-01 0.21000317E-01 0.24379781E-01 0.28068824E-01 0.32067725E-01 0.36366771E-01 0.40943239E-01 0.45758161E-01 0.50753229E-01 0.55848384E-01 0.60940831E-01 0.65906141E-01 0.70602029E-01 0.74875010E-01 0.78569692E-01 0.81539961E-01 0.83660840E-01 0.84839509E-01 0.85023935E-01 0.84207838E-01 0.82431184E-01 0.79776150E-01
0.12296680E+00 0.10421687E+00 0.88112759E-01 0.74391757E-01 0.62749607E-01 0.52882839E-01 0.44514203E-01 0.37404112E-01 0.31352237E-01 0.26193431E-01 0.21791362E-01 0.18032209E-01 0.14819782E-01 0.12072766E-01 0.97246344E-02 0.77274471E-02 0.60627130E-02 0.47656907E-02 0.39605220E-02 0.38249531E-02 0.43793267E-02 0.54353828E-02 0.68164378E-02 0.84370568E-02 0.10268982E-01 0.12309584E-01 0.14566082E-01 0.17047993E-01 0.19763086E-01 0.22714765E-01 0.25899971E-01 0.29307226E-01 0.32914684E-01 0.36688229E-01 0.40579826E-01 0.44526422E-01 0.48449814E-01 0.52257860E-01 0.55847359E-01 0.59108691E-01 0.61932057E-01 0.64214838E-01 0.65869305E-01 0.66829762E-01 0.67058144E-01 0.66547291E-01 0.65321420E-01 0.63433724E-01
0.11693461E+00 0.99386942E-01 0.84266403E-01 0.71333817E-01 0.60314937E-01 0.50937261E-01 0.42952006E-01 0.36143836E-01 0.30332025E-01 0.25366711E-01 0.21123241E-01 0.17496630E-01 0.14397281E-01 0.11748503E-01 0.94860987E-02 0.75607087E-02 0.59448222E-02 0.46488380E-02 0.37490696E-02 0.33903570E-02 0.36507782E-02 0.44073617E-02 0.54823812E-02 0.67723505E-02 0.82368643E-02 0.98663555E-02 0.11663852E-01 0.13636152E-01 0.15789243E-01 0.18125547E-01 0.20641953E-01 0.23328231E-01 0.26165666E-01 0.29125907E-01 0.32170126E-01 0.35248659E-01 0.38301325E-01 0.41258653E-01 0.44044141E-01 0.46577610E-01 0.48779492E-01 0.50575772E-01 0.51903084E-01 0.52713402E-01 0.52977734E-01 0.52688339E-01 0.51859170E-01 0.50524508E-01
0.10992818E+00 0.93743036E-01 0.79739675E-01 0.67706088E-01 0.57401655E-01 0.48588156E-01 0.41048118E-01 0.34592776E-01 0.29062819E-01 0.24325073E-01 0.20267656E-01 0.16795322E-01 0.13825920E-01 0.11288339E-01 0.91220901E-02 0.72788458E-02 0.57271118E-02 0.44629146E-02 0.35300890E-02 0.30346094E-02 0.30704995E-02 0.35735562E-02 0.43819992E-02 0.53818356E-02 0.65233304E-02 0.77919027E-02 0.91882592E-02 0.10718469E-01 0.12388867E-01 0.14203088E-01 0.16160085E-01 0.18252699E-01 0.20466568E-01 0.22779380E-01 0.25160463E-01 0.27570811E-01 0.29963635E-01 0.32285534E-01 0.34478343E-01 0.36481651E-01 0.38235881E-01 0.39685715E-01 0.40783587E-01 0.41492853E-01 0.41790311E-01 0.41667762E-01 0.41132421E-01 0.40206169E-01
0.10223580E+00 0.87508484E-01 0.74703497E-01 0.63638433E-01 0.54108195E-01 0.45910294E-01 0.38859660E-01 0.32794926E-01 0.27578840E-01 0.23095447E-01 0.19246124E-01 0.15945869E-01 0.13120577E-01 0.10705540E-01 0.86452472E-02 0.68946308E-02 0.54225023E-02 0.42190457E-02 0.33098403E-02 0.27679796E-02 0.26704999E-02 0.29817033E-02 0.35654903E-02 0.43105341E-02 0.51638487E-02 0.61087576E-02 0.71456825E-02 0.82818714E-02 0.95259432E-02 0.10884643E-01 0.12360694E-01 0.13951313E-01 0.15647217E-01 0.17432054E-01 0.19282243E-01 0.21167221E-01 0.23050127E-01 0.24888927E-01 0.26638001E-01 0.28250146E-01 0.29678901E-01 0.30881061E-01 0.31819171E-01 0.32463785E-01 0.32795255E-01 0.32804881E-01 0.32495291E-01 0.31880041E-01
0.94139673E-01 0.80903328E-01 0.69327920E-01 0.59261704E-01 0.50535243E-01 0.42981425E-01 0.36447044E-01 0.30797590E-01 0.25917451E-01 0.21707637E-01 0.18082729E-01 0.14968133E-01 0.12298201E-01 0.10015393E-01 0.80705032E-02 0.64240791E-02 0.50495754E-02 0.39393915E-02 0.31141435E-02 0.26246471E-02 0.25093520E-02 0.27177157E-02 0.31331880E-02 0.36619959E-02 0.42577218E-02 0.49059341E-02 0.56091671E-02 0.63780626E-02 0.72260570E-02 0.81657366E-02 0.92061383E-02 0.10350821E-01 0.11596670E-01 0.12933369E-01 0.14343453E-01 0.15802815E-01 0.17281593E-01 0.18745386E-01 0.20156744E-01 0.21476896E-01 0.22667639E-01 0.23693299E-01 0.24522621E-01 0.25130456E-01 0.25499103E-01 0.25619183E-01 0.25489981E-01 0.25119230E-01
0.85896912E-01 0.74129963E-01 0.63771447E-01 0.54699853E-01 0.46779916E-01 0.39877975E-01 0.33870759E-01 0.28648950E-01 0.24117283E-01 0.20192858E-01 0.16802987E-01 0.13883400E-01 0.11377237E-01 0.92349782E-02 0.74153707E-02 0.58875668E-02 0.46349310E-02 0.36606166E-02 0.29905770E-02 0.26556287E-02 0.26381579E-02 0.28478214E-02 0.31784755E-02 0.35581715E-02 0.39514875E-02 0.43472624E-02 0.47494565E-02 0.51718771E-02 0.56344967E-02 0.61598475E-02 0.67690678E-02 0.74780614E-02 0.82946056E-02 0.92169818E-02 0.10234107E-01 0.11326698E-01 0.12468947E-01 0.13630336E-01 0.14777446E-01 0.15875723E-01 0.16891183E-01 0.17792043E-01 0.18550219E-01 0.19142636E-01 0.19552239E-01 0.19768665E-01 0.19788519E-01 0.19615231E-01
0.77726189E-01 0.67363078E-01 0.58173430E-01 0.50064170E-01 0.42931358E-01 0.36671633E-01 0.31188702E-01 0.26395948E-01 0.22216553E-01 0.18582405E-01 0.15432813E-01 0.12713645E-01 0.10377244E-01 0.83833158E-02 0.67009885E-02 0.53124187E-02 0.42179017E-02 0.34389160E-02 0.30042354E-02 0.29032904E-02 0.30526707E-02 0.33384217E-02 0.36714598E-02 0.39984708E-02 0.42914420E-02 0.45380860E-02 0.47369380E-02 0.48956212E-02 0.50306182E-02 0.51671739E-02 0.53379380E-02 0.55790573E-02 0.59234658E-02 0.63932668E-02 0.69946392E-02 0.77174541E-02 0.85387341E-02 0.94274192E-02 0.10348544E-01 0.11266271E-01 0.12145980E-01 0.12955780E-01 0.13667662E-01 0.14258416E-01 0.14710298E-01 0.15011454E-01 0.15156047E-01 0.15144098E-01
0.69800857E-01 0.60744327E-01 0.52649844E-01 0.45449847E-01 0.39067898E-01 0.33426980E-01 0.28454178E-01 0.24082612E-01 0.20251672E-01 0.16906527E-01 0.13997676E-01 0.11481032E-01 0.93189126E-02 0.74822664E-02 0.59546362E-02 0.47380471E-02 0.38577369E-02 0.33507910E-02 0.32177113E-02 0.33774725E-02 0.37053164E-02 0.40977671E-02 0.44896556E-02 0.48431503E-02 0.51361016E-02 0.53554135E-02 0.54941062E-02 0.55505012E-02 0.55286538E-02 0.54396101E-02 0.53032232E-02 0.51500637E-02 0.50222267E-02 0.49705598E-02 0.50454081E-02 0.52816747E-02 0.56864927E-02 0.62387610E-02 0.68992984E-02 0.76226107E-02 0.83645487E-02 0.90857993E-02 0.97530760E-02 0.10339394E-01 0.10824050E-01 0.11192482E-01 0.11436034E-01 0.11551577E-01
0.62248057E-01 0.54381363E-01 0.47292145E-01 0.40934681E-01 0.35255666E-01 0.30200088E-01 0.25714564E-01 0.21748831E-01 0.18256181E-01 0.15193578E-01 0.12522048E-01 0.10207833E-01 0.82248129E-02 0.65588930E-02 0.52150148E-02 0.42246589E-02 0.36387960E-02 0.34767763E-02 0.36635137E-02 0.40614486E-02 0.45511954E-02 0.50571994E-02 0.55356574E-02 0.59602738E-02 0.63138976E-02 0.65844906E-02 0.67634565E-02 0.68452076E-02 0.68274095E-02 0.67116564E-02 0.65044805E-02 0.62187009E-02 0.58751406E-02 0.55046327E-02 0.51497137E-02 0.48640227E-02 0.47054275E-02 0.47197834E-02 0.49216070E-02 0.52877914E-02 0.57702320E-02 0.63142922E-02 0.68706470E-02 0.73994480E-02 0.78705212E-02 0.82623303E-02 0.85607947E-02 0.87582244E-02
0.55152535E-01 0.48350250E-01 0.42168539E-01 0.36579477E-01 0.31548401E-01 0.27037971E-01 0.23010577E-01 0.19429589E-01 0.16260071E-01 0.13469542E-01 0.11029319E-01 0.89170889E-02 0.71216090E-02 0.56507390E-02 0.45421195E-02 0.38627321E-02 0.36582613E-02 0.38670006E-02 0.43382836E-02 0.49336939E-02 0.55660545E-02 0.61861550E-02 0.67651863E-02 0.72844018E-02 0.77300879E-02 0.80913517E-02 0.83593203E-02 0.85270607E-02 0.85898792E-02 0.85458302E-02 0.83963413E-02 0.81469100E-02 0.78078510E-02 0.73950903E-02 0.69309831E-02 0.64450424E-02 0.59741681E-02 0.55613428E-02 0.52509531E-02 0.50792158E-02 0.50619347E-02 0.51873994E-02 0.54209156E-02 0.57174455E-02 0.60333562E-02 0.63326994E-02 0.65889032E-02 0.67841792E-02
0.48563417E-01 0.42700005E-01 0.37326763E-01 0.32429554E-01 0.27988072E-01 0.23978648E-01 0.20376041E-01 0.17154631E-01 0.14289518E-01 0.11758046E-01 0.95424550E-02 0.76347142E-02 0.60452490E-02 0.48165445E-02 0.40309580E-02 0.37662307E-02 0.39841772E-02 0.45230677E-02 0.52221188E-02 0.59804513E-02 0.67430261E-02 0.74788843E-02 0.81684139E-02 0.87972121E-02 0.93533429E-02 0.98262533E-02 0.10206517E-01 0.10486007E-01 0.10658296E-01 0.10719169E-01 0.10667168E-01 0.10504132E-01 0.10235667E-01 0.98715275E-02 0.94258570E-02 0.89172700E-02 0.83687001E-02 0.78069119E-02 0.72614609E-02 0.67627632E-02 0.63389062E-02 0.60111959E-02 0.57894342E-02 0.56690698E-02 0.56322305E-02 0.56525278E-02 0.57012563E-02 0.57524087E-02
0.42502173E-01 0.37457997E-01 0.32797556E-01 0.28516798E-01 0.24605985E-01 0.21051652E-01 0.17838068E-01 0.14948553E-01 0.12367122E-01 0.10081133E-01 0.80860760E-02 0.63945819E-02 0.50522212E-02 0.41539507E-02 0.38122377E-02 0.40239371E-02 0.46211784E-02 0.54179176E-02 0.62973150E-02 0.71979035E-02 0.80866900E-02 0.89435735E-02 0.97539577E-02 0.10505441E-01 0.11186446E-01 0.11785794E-01 0.12292790E-01 0.12697559E-01 0.12991550E-01 0.13168100E-01 0.13223010E-01 0.13155088E-01 0.12966587E-01 0.12663527E-01 0.12255821E-01 0.11757217E-01 0.11185004E-01 0.10559490E-01 0.99032196E-02 0.92399478E-02 0.85933130E-02 0.79852282E-02 0.74340272E-02 0.69525617E-02 0.65466483E-02 0.62144090E-02 0.59469395E-02 0.57302878E-02
0.36970318E-01 0.32635228E-01 0.28598119E-01 0.24861855E-01 0.21424108E-01 0.18278829E-01 0.15417618E-01 0.12831386E-01 0.10512907E-01 0.84614115E-02 0.66914763E-02 0.52500791E-02 0.42407279E-02 0.38094846E-02 0.39992200E-02 0.46439381E-02 0.55304312E-02 0.65237791E-02 0.75555626E-02 0.85908778E-02 0.96094668E-02 0.10596964E-01 0.11540987E-01 0.12429461E-01 0.13250020E-01 0.13989966E-01 0.14636557E-01 0.15177482E-01 0.15601459E-01 0.15898893E-01 0.16062548E-01 0.16088166E-01 0.15974992E-01 0.15726143E-01 0.15348779E-01 0.14854046E-01 0.14256783E-01 0.13574990E-01 0.12829089E-01 0.12041015E-01 0.11233181E-01 0.10427369E-01 0.96435977E-02 0.88990403E-02 0.82070618E-02 0.75764889E-02 0.70112409E-02 0.65104415E-02
0.31955908E-01 0.28230840E-01 0.24735187E-01 0.21476184E-01 0.18456479E-01 0.15675396E-01 0.13130485E-01 0.10819897E-01 0.87466513E-02 0.69271088E-02 0.54083448E-02 0.42980643E-02 0.37711242E-02 0.39245657E-02 0.46050185E-02 0.55718335E-02 0.66703213E-02 0.78247768E-02 0.89985648E-02 0.10171599E-01 0.11330153E-01 0.12462346E-01 0.13556152E-01 0.14598603E-01 0.15575612E-01 0.16472155E-01 0.17272690E-01 0.17961755E-01 0.18524671E-01 0.18948342E-01 0.19222058E-01 0.19338272E-01 0.19293262E-01 0.19087623E-01 0.18726520E-01 0.18219688E-01 0.17581138E-01 0.16828606E-01 0.15982775E-01 0.15066329E-01 0.14102905E-01 0.13116018E-01 0.12128027E-01 0.11159196E-01 0.10226900E-01 0.93450210E-02 0.85235707E-02 0.77685557E-02
0.27438456E-01 0.24235639E-01 0.21207551E-01 0.18363925E-01 0.15710693E-01 0.13251323E-01 0.10988943E-01 0.89301910E-02 0.70930787E-02 0.55239298E-02 0.43308042E-02 0.37098776E-02 0.38155922E-02 0.45195476E-02 0.55557434E-02 0.67488446E-02 0.80157970E-02 0.93184614E-02 0.10637218E-01 0.11959341E-01 0.13273901E-01 0.14569466E-01 0.15833100E-01 0.17050013E-01 0.18203607E-01 0.19275783E-01 0.20247460E-01 0.21099278E-01 0.21812446E-01 0.22369705E-01 0.22756338E-01 0.22961154E-01 0.22977353E-01 0.22803182E-01 0.22442320E-01 0.21903915E-01 0.21202285E-01 0.20356295E-01 0.19388463E-01 0.18323877E-01 0.17189016E-01 0.16010559E-01 0.14814261E-01 0.13623970E-01 0.12460808E-01 0.11342568E-01 0.10283322E-01 0.92932545E-02
0.23392322E-01 0.20634674E-01 0.18008107E-01 0.15523648E-01 0.13189589E-01 0.11013306E-01 0.90046628E-02 0.71831567E-02 0.55939353E-02 0.43425894E-02 0.36379693E-02 0.36888931E-02 0.44038683E-02 0.54967837E-02 0.67720891E-02 0.81396556E-02 0.95600879E-02 0.11014455E-01 0.12491303E-01 0.13981014E-01 0.15473239E-01 0.16955679E-01 0.18413568E-01 0.19829539E-01 0.21183773E-01 0.22454369E-01 0.23617944E-01 0.24650439E-01 0.25528141E-01 0.26228859E-01 0.26733205E-01 0.27025858E-01 0.27096703E-01 0.26941713E-01 0.26563476E-01 0.25971282E-01 0.25180777E-01 0.24213198E-01 0.23094279E-01 0.21852931E-01 0.20519834E-01 0.19126035E-01 0.17701654E-01 0.16274781E-01 0.14870580E-01 0.13510642E-01 0.12212569E-01 0.10989799E-01
0.19788929E-01 0.17409162E-01 0.15125658E-01 0.12950212E-01 0.10893489E-01 0.89679954E-02 0.71944913E-02 0.56168543E-02 0.43365673E-02 0.35668906E-02 0.35616365E-02 0.42751171E-02 0.54100928E-02 0.67531223E-02 0.82076676E-02 0.97333170E-02 0.11311959E-01 0.12933564E-01 0.14590075E-01 0.16272587E-01 0.17969946E-01 0.19668066E-01 0.21349620E-01 0.22993993E-01 0.24577461E-01 0.26073580E-01 0.27453841E-01 0.28688596E-01 0.29748271E-01 0.30604828E-01 0.31233385E-01 0.31613864E-01 0.31732487E-01 0.31582953E-01 0.31167140E-01 0.30495245E-01 0.29585329E-01 0.28462329E-01 0.27156656E-01 0.25702524E-01 0.24136199E-01 0.22494294E-01 0.20812252E-01 0.19123081E-01 0.17456372E-01 0.15837612E-01 0.14287774E-01 0.12823150E-01
