Basic/Day4/qtaim/mof/mof_pl2d.SURFGKIN
DSAA
 161 161
-0.75589045E+01  0.75589045E+01  0.94486307E-01
-0.75589045E+01  0.75589045E+01  0.94486307E-01
 0.00000000E+00  0.00000000E+00
[rows 132 to 153 of 161, columns 96 to 143 of 161]
0.28398458E-01 0.29597783E-01 0.30820482E-01 0.32074639E-01 0.33365023E-01 0.34693769E-01 0.36062034E-01 0.37472619E-01 0.38933586E-01 0.40462830E-01 0.42093573E-01 0.43880766E-01 0.45908379E-01 0.48297609E-01 0.51216057E-01 0.54887803E-01 0.59603747E-01 0.65730208E-01 0.73711217E-01 0.84056970E-01 0.97309231E-01 0.11397744E+00 0.13444897E+00 0.15889097E+00 0.18717085E+00 0.21881712E+00 0.25302131E+00 0.28865986E+00 0.32431261E+00 0.35827941E+00 0.38862806E+00 0.41331956E+00 0.43043351E+00 0.43846480E+00 0.43661007E+00 0.42494076E+00 0.40439144E+00 0.37656636E+00 0.34344104E+00 0.30706482E+00 0.26934375E+00 0.23192698E+00 0.19617014E+00 0.16312935E+00 0.13355318E+00 0.10787040E+00 0.86193241E-01 0.68355015E-01
0.25152502E-01 0.26201235E-01 0.27254177E-01 0.28320606E-01 0.29408481E-01 0.30524724E-01 0.31676138E-01 0.32871029E-01 0.34121601E-01 0.35447178E-01 0.36878308E-01 0.38461780E-01 0.40266554E-01 0.42390577E-01 0.44968385E-01 0.48179229E-01 0.52255019E-01 0.57486436E-01 0.64223917E-01 0.72868213E-01 0.83843928E-01 0.97550867E-01 0.11429394E+00 0.13420207E+00 0.15715554E+00 0.18274207E+00 0.21025190E+00 0.23870568E+00 0.26690013E+00 0.29346195E+00 0.31691670E+00 0.33578962E+00 0.34874847E+00 0.35477473E+00 0.35332367E+00 0.34442251E+00 0.32867089E+00 0.30714189E+00 0.28121826E+00 0.25241477E+00 0.22222856E+00 0.19203339E+00 0.16301022E+00 0.13609849E+00 0.11196065E+00 0.90965831E-01 0.73203321E-01 0.58529057E-01
0.22018624E-01 0.22936166E-01 0.23845759E-01 0.24756777E-01 0.25678612E-01 0.26620730E-01 0.27593120E-01 0.28607246E-01 0.29677564E-01 0.30823708E-01 0.32073429E-01 0.33466329E-01 0.35058445E-01 0.36927600E-01 0.39179404E-01 0.41953543E-01 0.45429702E-01 0.49831767E-01 0.55427993E-01 0.62523514E-01 0.71440733E-01 0.82483785E-01 0.95886649E-01 0.11175075E+00 0.12998468E+00 0.15026209E+00 0.17200976E+00 0.19442849E+00 0.21653952E+00 0.23724658E+00 0.25540849E+00 0.26992373E+00 0.27982836E+00 0.28440058E+00 0.28325396E+00 0.27639534E+00 0.26422951E+00 0.24750775E+00 0.22723463E+00 0.20455633E+00 0.18065176E+00 0.15663784E+00 0.13349185E+00 0.11199151E+00 0.92676579E-01 0.75838123E-01 0.61538577E-01 0.49657750E-01
0.19058239E-01 0.19860298E-01 0.20647396E-01 0.21428288E-01 0.22212617E-01 0.23010837E-01 0.23834392E-01 0.24696216E-01 0.25611639E-01 0.26599798E-01 0.27685625E-01 0.28902505E-01 0.30295622E-01 0.31925952E-01 0.33874765E-01 0.36248303E-01 0.39182038E-01 0.42843476E-01 0.47431859E-01 0.53172350E-01 0.60301838E-01 0.69043740E-01 0.79571165E-01 0.91961504E-01 0.10615019E+00 0.12189466E+00 0.13875908E+00 0.15612539E+00 0.17322918E+00 0.18921387E+00 0.20319589E+00 0.21433569E+00 0.22191128E+00 0.22538901E+00 0.22448302E+00 0.21919202E+00 0.20980447E+00 0.19686939E+00 0.18113826E+00 0.16348843E+00 0.14483955E+00 0.12607277E+00 0.10795995E+00 0.91109898E-01 0.75937884E-01 0.62661902E-01 0.51324309E-01 0.41831535E-01
0.16315444E-01 0.17014978E-01 0.17696235E-01 0.18366944E-01 0.19036224E-01 0.19714470E-01 0.20413376E-01 0.21146159E-01 0.21928046E-01 0.22777117E-01 0.23715583E-01 0.24771551E-01 0.25981340E-01 0.27392288E-01 0.29065956E-01 0.31081444E-01 0.33538337E-01 0.36558499E-01 0.40285557E-01 0.44880495E-01 0.50511537E-01 0.57336661E-01 0.65478228E-01 0.74991299E-01 0.85830220E-01 0.97820506E-01 0.11064380E+00 0.12384150E+00 0.13683854E+00 0.14898417E+00 0.15960423E+00 0.16805876E+00 0.17379968E+00 0.17642358E+00 0.17571390E+00 0.17166664E+00 0.16449462E+00 0.15460821E+00 0.14257471E+00 0.12906167E+00 0.11477177E+00 0.10037764E+00 0.86464967E-01 0.73491094E-01 0.61764271E-01 0.51444608E-01 0.42563476E-01 0.35054580E-01
0.13818359E-01 0.14426243E-01 0.15015101E-01 0.15591443E-01 0.16163417E-01 0.16740697E-01 0.17334441E-01 0.17957343E-01 0.18623863E-01 0.19350675E-01 0.20157417E-01 0.21067788E-01 0.22111027E-01 0.23323764E-01 0.24752158E-01 0.26454115E-01 0.28501217E-01 0.30979807E-01 0.33990413E-01 0.37644476E-01 0.42057257E-01 0.47335892E-01 0.53562279E-01 0.60771653E-01 0.68929497E-01 0.77911109E-01 0.87488992E-01 0.97332578E-01 0.10702253E+00 0.11607890E+00 0.12399973E+00 0.13030540E+00 0.13458364E+00 0.13653029E+00 0.13598133E+00 0.13293205E+00 0.12754013E+00 0.12011132E+00 0.11106894E+00 0.10091078E+00 0.90159261E-01 0.79311949E-01 0.68799308E-01 0.58955538E-01 0.50005524E-01 0.42067648E-01 0.35169116E-01 0.29268528E-01
0.11581333E-01 0.12106944E-01 0.12614463E-01 0.13109156E-01 0.13597992E-01 0.14089563E-01 0.14594012E-01 0.15123016E-01 0.15689846E-01 0.16309569E-01 0.16999431E-01 0.17779458E-01 0.18673321E-01 0.19709448E-01 0.20922334E-01 0.22353906E-01 0.24054698E-01 0.26084428E-01 0.28511444E-01 0.31410349E-01 0.34857098E-01 0.38920971E-01 0.43653205E-01 0.49072842E-01 0.55151303E-01 0.61798320E-01 0.68852492E-01 0.76079656E-01 0.83181155E-01 0.89812323E-01 0.95609501E-01 0.10022246E+00 0.10334820E+00 0.10476205E+00 0.10434205E+00 0.10208341E+00 0.98100693E-01 0.92616824E-01 0.85940011E-01 0.78431540E-01 0.70469061E-01 0.62410792E-01 0.54565852E-01 0.47174586E-01 0.40400509E-01 0.34333130E-01 0.28998923E-01 0.24376806E-01
0.96073464E-02 0.10059044E-01 0.10494598E-01 0.10918115E-01 0.11335352E-01 0.11753662E-01 0.12181944E-01 0.12630582E-01 0.13111429E-01 0.13637857E-01 0.14224891E-01 0.14889490E-01 0.15650964E-01 0.16531555E-01 0.17557140E-01 0.18757974E-01 0.20169300E-01 0.21831586E-01 0.23790008E-01 0.26092754E-01 0.28787697E-01 0.31917071E-01 0.35510058E-01 0.39573602E-01 0.44082387E-01 0.48969563E-01 0.54120227E-01 0.59369798E-01 0.64508862E-01 0.69295083E-01 0.73471468E-01 0.76789066E-01 0.79031295E-01 0.80036687E-01 0.79716914E-01 0.78067427E-01 0.75168964E-01 0.71179391E-01 0.66316834E-01 0.60836507E-01 0.55004726E-01 0.49074060E-01 0.43263160E-01 0.37743692E-01 0.32635195E-01 0.28007104E-01 0.23886009E-01 0.20265746E-01
0.78903526E-02 0.82758308E-02 0.86476368E-02 0.90088696E-02 0.93641419E-02 0.97195695E-02 0.10082732E-01 0.10462621E-01 0.10869580E-01 0.11315273E-01 0.11812679E-01 0.12376155E-01 0.13021571E-01 0.13766526E-01 0.14630633E-01 0.15635822E-01 0.16806568E-01 0.18169880E-01 0.19754832E-01 0.21591351E-01 0.23707990E-01 0.26128464E-01 0.28866889E-01 0.31921951E-01 0.35270552E-01 0.38861919E-01 0.42613410E-01 0.46409370E-01 0.50104136E-01 0.53529734E-01 0.56507991E-01 0.58865925E-01 0.60452560E-01 0.61154872E-01 0.60910530E-01 0.59715445E-01 0.57624822E-01 0.54747411E-01 0.51233726E-01 0.47260051E-01 0.43010711E-01 0.38661332E-01 0.34365372E-01 0.30245432E-01 0.26389753E-01 0.22853323E-01 0.19662328E-01 0.16820442E-01
0.64174446E-02 0.67439527E-02 0.70594341E-02 0.73661563E-02 0.76677245E-02 0.79691011E-02 0.82765916E-02 0.85978024E-02 0.89415778E-02 0.93179246E-02 0.97379376E-02 0.10213737E-01 0.10758429E-01 0.11386096E-01 0.12111815E-01 0.12951672E-01 0.13922739E-01 0.15042903E-01 0.16330429E-01 0.17803085E-01 0.19476659E-01 0.21362743E-01 0.23465736E-01 0.25779225E-01 0.28282076E-01 0.30934833E-01 0.33677189E-01 0.36427372E-01 0.39084158E-01 0.41531919E-01 0.43648575E-01 0.45315808E-01 0.46430317E-01 0.46914587E-01 0.46725554E-01 0.45859757E-01 0.44354081E-01 0.42281906E-01 0.39745221E-01 0.36863969E-01 0.33764314E-01 0.30567579E-01 0.27381345E-01 0.24293609E-01 0.21370235E-01 0.18655333E-01 0.16173776E-01 0.13934921E-01
0.51708054E-02 0.54452492E-02 0.57112496E-02 0.59704195E-02 0.62255176E-02 0.64804890E-02 0.67404726E-02 0.70117759E-02 0.73018185E-02 0.76190480E-02 0.79728338E-02 0.83733435E-02 0.88314116E-02 0.93584027E-02 0.99660728E-02 0.10666421E-01 0.11471506E-01 0.12393186E-01 0.13442710E-01 0.14630061E-01 0.15962968E-01 0.17445499E-01 0.19076219E-01 0.20846003E-01 0.22735713E-01 0.24714103E-01 0.26736407E-01 0.28744149E-01 0.30666590E-01 0.32424089E-01 0.33933333E-01 0.35114011E-01 0.35896187E-01 0.36227379E-01 0.36078265E-01 0.35446099E-01 0.34355238E-01 0.32854659E-01 0.31012854E-01 0.28910924E-01 0.26634961E-01 0.24268848E-01 0.21888373E-01 0.19557253E-01 0.17325196E-01 0.15227803E-01 0.13287823E-01 0.11517245E-01
0.41294197E-02 0.43583769E-02 0.45812600E-02 0.47991897E-02 0.50142408E-02 0.52294959E-02 0.54490692E-02 0.56780969E-02 0.59226941E-02 0.61898764E-02 0.64874480E-02 0.68238586E-02 0.72080324E-02 0.76491736E-02 0.81565524E-02 0.87392711E-02 0.94060043E-02 0.10164693E-01 0.11022165E-01 0.11983626E-01 0.13051986E-01 0.14226965E-01 0.15503983E-01 0.16872882E-01 0.18316604E-01 0.19810057E-01 0.21319421E-01 0.22802228E-01 0.24208465E-01 0.25482872E-01 0.26568382E-01 0.27410464E-01 0.27961890E-01 0.28187308E-01 0.28066918E-01 0.27598696E-01 0.26798758E-01 0.25699805E-01 0.24347883E-01 0.22797984E-01 0.21109163E-01 0.19339860E-01 0.17544006E-01 0.15768265E-01 0.14050532E-01 0.12419558E-01 0.10895466E-01 0.94908139E-02
0.32705483E-02 0.34602222E-02 0.36458968E-02 0.38283320E-02 0.40090690E-02 0.41904819E-02 0.43758128E-02 0.45691745E-02 0.47755214E-02 0.50005840E-02 0.52507654E-02 0.55330012E-02 0.58545835E-02 0.62229517E-02 0.66454549E-02 0.71290896E-02 0.76802139E-02 0.83042355E-02 0.90052627E-02 0.97857007E-02 0.10645772E-01 0.11582944E-01 0.12591269E-01 0.13660660E-01 0.14776190E-01 0.15917535E-01 0.17058726E-01 0.18168380E-01 0.19210581E-01 0.20146475E-01 0.20936568E-01 0.21543558E-01 0.21935403E-01 0.22088246E-01 0.21988767E-01 0.21635602E-01 0.21039595E-01 0.20222831E-01 0.19216606E-01 0.18058634E-01 0.16789924E-01 0.15451733E-01 0.14082959E-01 0.12718205E-01 0.11386590E-01 0.10111268E-01 0.89095164E-02 0.77932177E-02
0.25709473E-02 0.27271097E-02 0.28810067E-02 0.30331530E-02 0.31846824E-02 0.33374016E-02 0.34938283E-02 0.36572047E-02 0.38314777E-02 0.40212492E-02 0.42316870E-02 0.44684008E-02 0.47372783E-02 0.50442871E-02 0.53952450E-02 0.57955634E-02 0.62499702E-02 0.67622147E-02 0.73347569E-02 0.79684386E-02 0.86621318E-02 0.94123626E-02 0.10212916E-01 0.11054446E-01 0.11924136E-01 0.12805481E-01 0.13678286E-01 0.14518975E-01 0.15301302E-01 0.15997492E-01 0.16579803E-01 0.17022390E-01 0.17303290E-01 0.17406293E-01 0.17322441E-01 0.17050931E-01 0.16599280E-01 0.15982726E-01 0.15222939E-01 0.14346254E-01 0.13381644E-01 0.12358718E-01 0.11305952E-01 0.10249297E-01 0.92112455E-02 0.82103354E-02 0.72610263E-02 0.63738603E-02
0.20078616E-02 0.21357781E-02 0.22628221E-02 0.23893485E-02 0.25161852E-02 0.26446945E-02 0.27768064E-02 0.29150362E-02 0.30624764E-02 0.32227580E-02 0.33999797E-02 0.35986025E-02 0.38233081E-02 0.40788245E-02 0.43697202E-02 0.47001727E-02 0.50737187E-02 0.54929911E-02 0.59594502E-02 0.64731145E-02 0.70322952E-02 0.76333403E-02 0.82703968E-02 0.89352087E-02 0.96169795E-02 0.10302339E-01 0.10975464E-01 0.11618412E-01 0.12211694E-01 0.12735118E-01 0.13168870E-01 0.13494763E-01 0.13697538E-01 0.13766073E-01 0.13694341E-01 0.13481981E-01 0.13134407E-01 0.12662419E-01 0.12081382E-01 0.11410074E-01 0.10669364E-01 0.98808634E-02 0.90656978E-02 0.82435031E-02 0.74316871E-02 0.66449725E-02 0.58951920E-02 0.51912893E-02
0.15597827E-02 0.16641637E-02 0.17687462E-02 0.18737783E-02 0.19798719E-02 0.20880417E-02 0.21997494E-02 0.23169168E-02 0.24419252E-02 0.25775876E-02 0.27270941E-02 0.28939259E-02 0.30817391E-02 0.32942179E-02 0.35348997E-02 0.38069777E-02 0.41130863E-02 0.44550771E-02 0.48337933E-02 0.52488508E-02 0.56984347E-02 0.61791190E-02 0.66857205E-02 0.72112004E-02 0.77466312E-02 0.82812534E-02 0.88026473E-02 0.92970455E-02 0.97498042E-02 0.10146033E-01 0.10471365E-01 0.10712806E-01 0.10859610E-01 0.10904069E-01 0.10842126E-01 0.10673750E-01 0.10402989E-01 0.10037716E-01 0.95890862E-02 0.90707714E-02 0.84980704E-02 0.78869838E-02 0.72533489E-02 0.66120983E-02 0.59766868E-02 0.53586983E-02 0.47676276E-02 0.42108147E-02
0.12069863E-02 0.12919607E-02 0.13779230E-02 0.14650575E-02 0.15538145E-02 0.16449524E-02 0.17395596E-02 0.18390826E-02 0.19453221E-02 0.20604154E-02 0.21867952E-02 0.23271225E-02 0.24841934E-02 0.26608209E-02 0.28596918E-02 0.30832044E-02 0.33332920E-02 0.36112381E-02 0.39174928E-02 0.42514973E-02 0.46115273E-02 0.49945629E-02 0.53961971E-02 0.58105911E-02 0.62304919E-02 0.66473228E-02 0.70513624E-02 0.74320218E-02 0.77782252E-02 0.80788881E-02 0.83234731E-02 0.85025888E-02 0.86085813E-02 0.86360632E-02 0.85823181E-02 0.84475347E-02 0.82348366E-02 0.79501028E-02 0.76015957E-02 0.71994394E-02 0.67550039E-02 0.62802567E-02 0.57871417E-02 0.52870310E-02 0.47902826E-02 0.43059196E-02 0.38414322E-02 0.34026941E-02
0.93187131E-03 0.10009862E-02 0.10716290E-02 0.11439461E-02 0.12182742E-02 0.12951719E-02 0.13754477E-02 0.14601667E-02 0.15506658E-02 0.16485350E-02 0.17555882E-02 0.18738127E-02 0.20052970E-02 0.21521374E-02 0.23163253E-02 0.24996180E-02 0.27033973E-02 0.29285227E-02 0.31751846E-02 0.34427676E-02 0.37297295E-02 0.40335077E-02 0.43504597E-02 0.46758468E-02 0.50038709E-02 0.53277712E-02 0.56399874E-02 0.59323946E-02 0.61966062E-02 0.64243382E-02 0.66078172E-02 0.67402073E-02 0.68160213E-02 0.68314793E-02 0.67847785E-02 0.66762423E-02 0.65083310E-02 0.62855099E-02 0.60139862E-02 0.57013423E-02 0.53561003E-02 0.49872592E-02 0.46038439E-02 0.42144989E-02 0.38271516E-02 0.34487600E-02 0.30851475E-02 0.27409236E-02
0.71912082E-03 0.77536633E-03 0.83347656E-03 0.89357556E-03 0.95591922E-03 0.10209190E-02 0.10891634E-02 0.11614267E-02 0.12386792E-02 0.13220758E-02 0.14129356E-02 0.15127041E-02 0.16228986E-02 0.17450370E-02 0.18805513E-02 0.20306869E-02 0.21963931E-02 0.23782091E-02 0.25761502E-02 0.27896022E-02 0.30172309E-02 0.32569137E-02 0.35057006E-02 0.37598127E-02 0.40146824E-02 0.42650426E-02 0.45050659E-02 0.47285554E-02 0.49291825E-02 0.51007637E-02 0.52375620E-02 0.53345942E-02 0.53879213E-02 0.53948948E-02 0.53543389E-02 0.52666453E-02 0.51337722E-02 0.49591438E-02 0.47474600E-02 0.45044321E-02 0.42364702E-02 0.39503483E-02 0.36528756E-02 0.33505960E-02 0.30495353E-02 0.27550074E-02 0.24714847E-02 0.22025311E-02
0.55571529E-03 0.60156852E-03 0.64946187E-03 0.69950602E-03 0.75189889E-03 0.80694298E-03 0.86506034E-03 0.92680458E-03 0.99286069E-03 0.10640459E-02 0.11412916E-02 0.12256166E-02 0.13180875E-02 0.14197653E-02 0.15316404E-02 0.16545568E-02 0.17891292E-02 0.19356561E-02 0.20940343E-02 0.22636790E-02 0.24434570E-02 0.26316375E-02 0.28258671E-02 0.30231744E-02 0.32200080E-02 0.34123123E-02 0.35956407E-02 0.37653068E-02 0.39165673E-02 0.40448311E-02 0.41458814E-02 0.42160988E-02 0.42526662E-02 0.42537413E-02 0.42185791E-02 0.41475924E-02 0.40423440E-02 0.39054695E-02 0.37405361E-02 0.35518508E-02 0.33442330E-02 0.31227718E-02 0.28925853E-02 0.26585999E-02 0.24253633E-02 0.21968988E-02 0.19766065E-02 0.17672108E-02
0.43083003E-03 0.46831183E-03 0.50788594E-03 0.54965415E-03 0.59377254E-03 0.64046343E-03 0.69002608E-03 0.74284459E-03 0.79939142E-03 0.86022742E-03 0.92598342E-03 0.99735156E-03 0.10750507E-02 0.11597891E-02 0.12522168E-02 0.13528702E-02 0.14621100E-02 0.15800579E-02 0.17065323E-02 0.18409907E-02 0.19824807E-02 0.21296053E-02 0.22805074E-02 0.24328771E-02 0.25839847E-02 0.27307419E-02 0.28697915E-02 0.29976238E-02 0.31107155E-02 0.32056856E-02 0.32794585E-02 0.33294248E-02 0.33535874E-02 0.33506811E-02 0.33202558E-02 0.32627144E-02 0.31793023E-02 0.30720469E-02 0.29436530E-02 0.27973625E-02 0.26367887E-02 0.24657396E-02 0.22880432E-02 0.21073868E-02 0.19271790E-02 0.17504428E-02 0.15797423E-02 0.14171424E-02
0.33565110E-03 0.36638912E-03 0.39918164E-03 0.43412349E-03 0.47134014E-03 0.51099537E-03 0.55329836E-03 0.59850928E-03 0.64694190E-03 0.69896226E-03 0.75498421E-03 0.81544935E-03 0.88081610E-03 0.95152735E-03 0.10279777E-02 0.11104733E-02 0.11991883E-02 0.12941177E-02 0.13950322E-02 0.15014365E-02 0.16125346E-02 0.17272059E-02 0.18439967E-02 0.19611272E-02 0.20765198E-02 0.21878468E-02 0.22925996E-02 0.23881767E-02 0.24719874E-02 0.25415668E-02 0.25946941E-02 0.26295082E-02 0.26446110E-02 0.26391501E-02 0.26128753E-02 0.25661614E-02 0.24999972E-02 0.24159386E-02 0.23160307E-02 0.22027056E-02 0.20786613E-02 0.19467344E-02 0.18097734E-02 0.16705222E-02 0.15315205E-02 0.13950258E-02 0.12629593E-02 0.11368768E-02
