Advanced/Day1/qtaim/mof/mof_pl2d.SURFVIRI
DSAA
 161 161
-0.75589045E+01  0.75589045E+01  0.94486307E-01
-0.75589045E+01  0.75589045E+01  0.94486307E-01
 0.00000000E+00  0.00000000E+00
[rows 21 to 41 of 161, columns 0 to 46 of 161]
-0.15370763E-06 -0.16506516E-06 -0.17629589E-06 -0.18728831E-06 -0.19793488E-06 -0.20813542E-06 -0.21780037E-06 -0.22685404E-06 -0.23523758E-06 -0.24291130E-06 -0.24985775E-06 -0.25608275E-06 -0.26161861E-06 -0.26652524E-06 -0.27089320E-06 -0.27484636E-06 -0.27854571E-06 -0.28219593E-06 -0.28605164E-06 -0.29042783E-06 -0.29571309E-06 -0.30238537E-06 -0.31103301E-06 -0.32237828E-06 -0.33730775E-06 -0.35690322E-06 -0.38248852E-06 -0.41565780E-06 -0.45833068E-06 -0.51279630E-06 -0.58176171E-06 -0.66839743E-06 -0.77638146E-06 -0.90993277E-06 -0.10738388E-05 -0.12734677E-05 -0.15147641E-05 -0.18042243E-05 -0.21488472E-05 -0.25560577E-05 -0.30336001E-05 -0.35893992E-05 -0.42313874E-05 -0.49672987E-05 -0.58044303E-05 -0.67493739E-05 -0.78076900E-05
-0.19285047E-06 -0.20673562E-06 -0.22036093E-06 -0.23357238E-06 -0.24622065E-06 -0.25816557E-06 -0.26928054E-06 -0.27945659E-06 -0.28860640E-06 -0.29666758E-06 -0.30360561E-06 -0.30941569E-06 -0.31412504E-06 -0.31779464E-06 -0.32052037E-06 -0.32243468E-06 -0.32370909E-06 -0.32455704E-06 -0.32523949E-06 -0.32607030E-06 -0.32742658E-06 -0.32976020E-06 -0.33361395E-06 -0.33964051E-06 -0.34862553E-06 -0.36151624E-06 -0.37945237E-06 -0.40380174E-06 -0.43619641E-06 -0.47858078E-06 -0.53324114E-06 -0.60285407E-06 -0.69052193E-06 -0.79980388E-06 -0.93474089E-06 -0.10998672E-05 -0.13002113E-05 -0.15412735E-05 -0.18289887E-05 -0.21696621E-05 -0.25698807E-05 -0.30363956E-05 -0.35759761E-05 -0.41952342E-05 -0.49004209E-05 -0.56971968E-05 -0.65903796E-05
-0.24137385E-06 -0.25841566E-06 -0.27503783E-06 -0.29103417E-06 -0.30620403E-06 -0.32035818E-06 -0.33332456E-06 -0.34495389E-06 -0.35512444E-06 -0.36374656E-06 -0.37076628E-06 -0.37616737E-06 -0.37997403E-06 -0.38225169E-06 -0.38310769E-06 -0.38269125E-06 -0.38119466E-06 -0.37885368E-06 -0.37594954E-06 -0.37281304E-06 -0.36982915E-06 -0.36744584E-06 -0.36618447E-06 -0.36665495E-06 -0.36957368E-06 -0.37578489E-06 -0.38628733E-06 -0.40226323E-06 -0.42510978E-06 -0.45647438E-06 -0.49828806E-06 -0.55280720E-06 -0.62263551E-06 -0.71076106E-06 -0.82057438E-06 -0.95588330E-06 -0.11209125E-05 -0.13202898E-05 -0.15590144E-05 -0.18424053E-05 -0.21760274E-05 -0.25655931E-05 -0.30168387E-05 -0.35353792E-05 -0.41265308E-05 -0.47951186E-05 -0.55452606E-05
-0.30108148E-06 -0.32203425E-06 -0.34237639E-06 -0.36183787E-06 -0.38015529E-06 -0.39707943E-06 -0.41238289E-06 -0.42586706E-06 -0.43736882E-06 -0.44676576E-06 -0.45398129E-06 -0.45898670E-06 -0.46180467E-06 -0.46250912E-06 -0.46122532E-06 -0.45812867E-06 -0.45344371E-06 -0.44744213E-06 -0.44044252E-06 -0.43280986E-06 -0.42495836E-06 -0.41735412E-06 -0.41052251E-06 -0.40505768E-06 -0.40163574E-06 -0.40103133E-06 -0.40413779E-06 -0.41199103E-06 -0.42579657E-06 -0.44695775E-06 -0.47710656E-06 -0.51813384E-06 -0.57221689E-06 -0.64185140E-06 -0.72986099E-06 -0.83941858E-06 -0.97404630E-06 -0.11376060E-05 -0.13342748E-05 -0.15685033E-05 -0.18449547E-05 -0.21684241E-05 -0.25437350E-05 -0.29756152E-05 -0.34685509E-05 -0.40266217E-05 -0.46533190E-05
-0.37401949E-06 -0.39978108E-06 -0.42470494E-06 -0.44844337E-06 -0.47065658E-06 -0.49102248E-06 -0.50924621E-06 -0.52506951E-06 -0.53827889E-06 -0.54871317E-06 -0.55626827E-06 -0.56090252E-06 -0.56263821E-06 -0.56156231E-06 -0.55782547E-06 -0.55163941E-06 -0.54327387E-06 -0.53305237E-06 -0.52134843E-06 -0.50858206E-06 -0.49521765E-06 -0.48176420E-06 -0.46877648E-06 -0.45686049E-06 -0.44668150E-06 -0.43897586E-06 -0.43456582E-06 -0.43437798E-06 -0.43946591E-06 -0.45103340E-06 -0.47046083E-06 -0.49933119E-06 -0.53945592E-06 -0.59289681E-06 -0.66199176E-06 -0.74935571E-06 -0.85789533E-06 -0.99079976E-06 -0.11515228E-05 -0.13437497E-05 -0.15713488E-05 -0.18383047E-05 -0.21486332E-05 -0.25062767E-05 -0.29149863E-05 -0.33781782E-05 -0.38987838E-05
-0.46248561E-06 -0.49411701E-06 -0.52464220E-06 -0.55361950E-06 -0.58061674E-06 -0.60522346E-06 -0.62706322E-06 -0.64580554E-06 -0.66117637E-06 -0.67296761E-06 -0.68104367E-06 -0.68534751E-06 -0.68590298E-06 -0.68281521E-06 -0.67626877E-06 -0.66652351E-06 -0.65390929E-06 -0.63881895E-06 -0.62170126E-06 -0.60305348E-06 -0.58341515E-06 -0.56336310E-06 -0.54350917E-06 -0.52449973E-06 -0.50701910E-06 -0.49179645E-06 -0.47961522E-06 -0.47132812E-06 -0.46787374E-06 -0.47029569E-06 -0.47976589E-06 -0.49760699E-06 -0.52531507E-06 -0.56458133E-06 -0.61731033E-06 -0.68563298E-06 -0.77191585E-06 -0.87875391E-06 -0.10089626E-05 -0.11655512E-05 -0.13516853E-05 -0.15706324E-05 -0.18256930E-05 -0.21201157E-05 -0.24569959E-05 -0.28391617E-05 -0.32690457E-05
-0.56903361E-06 -0.60777974E-06 -0.64510429E-06 -0.68045259E-06 -0.71328108E-06 -0.74307287E-06 -0.76935339E-06 -0.79170512E-06 -0.80978134E-06 -0.82331786E-06 -0.83214184E-06 -0.83617909E-06 -0.83545707E-06 -0.83010505E-06 -0.82035136E-06 -0.80651793E-06 -0.78901188E-06 -0.76831594E-06 -0.74497696E-06 -0.71959473E-06 -0.69281086E-06 -0.66529903E-06 -0.63775713E-06 -0.61090198E-06 -0.58546832E-06 -0.56220869E-06 -0.54190067E-06 -0.52535529E-06 -0.51343011E-06 -0.50704544E-06 -0.50720242E-06 -0.51500387E-06 -0.53167483E-06 -0.55858300E-06 -0.59725605E-06 -0.64939681E-06 -0.71688887E-06 -0.80180623E-06 -0.90639555E-06 -0.10330661E-05 -0.11843584E-05 -0.13629029E-05 -0.15713645E-05 -0.18123735E-05 -0.20884440E-05 -0.24018792E-05 -0.27546658E-05
-0.69647196E-06 -0.74378362E-06 -0.78930586E-06 -0.83234876E-06 -0.87223543E-06 -0.90832143E-06 -0.94001452E-06 -0.96679312E-06 -0.98822352E-06 -0.10039750E-05 -0.10138309E-05 -0.10176978E-05 -0.10156092E-05 -0.10077259E-05 -0.99433206E-06 -0.97582765E-06 -0.95271742E-06 -0.92559753E-06 -0.89513965E-06 -0.86207499E-06 -0.82717780E-06 -0.79125016E-06 -0.75510849E-06 -0.71957310E-06 -0.68545982E-06 -0.65357829E-06 -0.62473117E-06 -0.59971956E-06 -0.57935189E-06 -0.56445659E-06 -0.55589778E-06 -0.55459351E-06 -0.56153448E-06 -0.57780390E-06 -0.60459597E-06 -0.64323041E-06 -0.69516490E-06 -0.76199681E-06 -0.84547008E-06 -0.94745347E-06 -0.10699275E-05 -0.12149516E-05 -0.13846209E-05 -0.15810130E-05 -0.18061204E-05 -0.20617755E-05 -0.23495637E-05
-0.84785565E-06 -0.90541229E-06 -0.96075382E-06 -0.10130293E-05 -0.10614029E-05 -0.11050785E-05 -0.11433235E-05 -0.11754923E-05 -0.12010480E-05 -0.12195813E-05 -0.12308242E-05 -0.12346620E-05 -0.12311378E-05 -0.12204527E-05 -0.12029611E-05 -0.11791601E-05 -0.11496765E-05 -0.11152472E-05 -0.10766999E-05 -0.10349304E-05 -0.99088070E-06 -0.94551679E-06 -0.89980949E-06 -0.85471757E-06 -0.81117340E-06 -0.77007553E-06 -0.73228422E-06 -0.69862082E-06 -0.66987403E-06 -0.64680908E-06 -0.63018113E-06 -0.62075165E-06 -0.61930681E-06 -0.62667691E-06 -0.64374308E-06 -0.67150060E-06 -0.71100641E-06 -0.76343187E-06 -0.83005212E-06 -0.91225145E-06 -0.10114900E-05 -0.11293266E-05 -0.12673316E-05 -0.14270802E-05 -0.16100930E-05 -0.18177749E-05 -0.20513483E-05
-0.10264697E-05 -0.10962031E-05 -0.11632327E-05 -0.12265170E-05 -0.12850325E-05 -0.13378027E-05 -0.13839290E-05 -0.14226191E-05 -0.14531882E-05 -0.14751851E-05 -0.14882585E-05 -0.14922706E-05 -0.14872784E-05 -0.14735348E-05 -0.14514814E-05 -0.14217363E-05 -0.13850762E-05 -0.13424118E-05 -0.12947629E-05 -0.12432286E-05 -0.11889585E-05 -0.11331435E-05 -0.10769063E-05 -0.10214041E-05 -0.96772356E-06 -0.91688692E-06 -0.86984305E-06 -0.82746307E-06 -0.79054321E-06 -0.75979608E-06 -0.73591654E-06 -0.71951955E-06 -0.71120801E-06 -0.71158064E-06 -0.72125244E-06 -0.74086517E-06 -0.77113974E-06 -0.81283785E-06 -0.86680906E-06 -0.93397494E-06 -0.10153382E-05 -0.11119578E-05 -0.12249354E-05 -0.13553837E-05 -0.15043875E-05 -0.16729592E-05 -0.18619826E-05
-0.12358041E-05 -0.13199220E-05 -0.14007803E-05 -0.14770874E-05 -0.15476477E-05 -0.16112499E-05 -0.16667994E-05 -0.17133318E-05 -0.17500454E-05 -0.17763307E-05 -0.17917938E-05 -0.17962720E-05 -0.17898432E-05 -0.17728254E-05 -0.17457689E-05 -0.17094410E-05 -0.16648017E-05 -0.16129750E-05 -0.15552150E-05 -0.14928695E-05 -0.14273418E-05 -0.13600535E-05 -0.12924082E-05 -0.12257613E-05 -0.11613920E-05 -0.11004672E-05 -0.10441014E-05 -0.99319415E-06 -0.94859165E-06 -0.91100274E-06 -0.88102732E-06 -0.85917229E-06 -0.84586017E-06 -0.84148774E-06 -0.84639494E-06 -0.86092089E-06 -0.88542204E-06 -0.92028367E-06 -0.96593873E-06 -0.10228775E-05 -0.10916465E-05 -0.11728546E-05 -0.12671498E-05 -0.13752074E-05 -0.14977034E-05 -0.16352772E-05 -0.17884944E-05
-0.14794903E-05 -0.15804958E-05 -0.16776160E-05 -0.17693240E-05 -0.18541160E-05 -0.19305554E-05 -0.19973193E-05 -0.20532415E-05 -0.20973545E-05 -0.21289249E-05 -0.21474822E-05 -0.21528394E-05 -0.21451037E-05 -0.21246760E-05 -0.20922421E-05 -0.20487514E-05 -0.19953887E-05 -0.19335371E-05 -0.18647355E-05 -0.17906327E-05 -0.17129391E-05 -0.16333796E-05 -0.15536299E-05 -0.14753433E-05 -0.14000204E-05 -0.13290400E-05 -0.12636248E-05 -0.12048272E-05 -0.11535247E-05 -0.11104288E-05 -0.10760617E-05 -0.10508278E-05 -0.10349906E-05 -0.10287070E-05 -0.10320609E-05 -0.10450789E-05 -0.10677638E-05 -0.11001173E-05 -0.11421612E-05 -0.11939535E-05 -0.12556016E-05 -0.13272614E-05 -0.14091444E-05 -0.15015018E-05 -0.16046100E-05 -0.17187496E-05 -0.18441758E-05
-0.17613485E-05 -0.18820742E-05 -0.19982185E-05 -0.21079516E-05 -0.22094569E-05 -0.23010305E-05 -0.23810738E-05 -0.24481876E-05 -0.25012128E-05 -0.25392750E-05 -0.25618193E-05 -0.25686361E-05 -0.25598738E-05 -0.25360394E-05 -0.24979853E-05 -0.24468851E-05 -0.23841969E-05 -0.23116177E-05 -0.22310400E-05 -0.21444357E-05 -0.20539276E-05 -0.19615883E-05 -0.18694580E-05 -0.17794768E-05 -0.16934403E-05 -0.16129631E-05 -0.15394507E-05 -0.14740725E-05 -0.14177885E-05 -0.13712992E-05 -0.13350867E-05 -0.13094203E-05 -0.12944028E-05 -0.12899278E-05 -0.12958076E-05 -0.13117406E-05 -0.13373606E-05 -0.13722678E-05 -0.14160574E-05 -0.14683440E-05 -0.15287806E-05 -0.15970735E-05 -0.16729858E-05 -0.17563445E-05 -0.18470279E-05 -0.19449568E-05 -0.20500762E-05
-0.20852029E-05 -0.22288117E-05 -0.23670847E-05 -0.24978322E-05 -0.26189022E-05 -0.27282374E-05 -0.28239422E-05 -0.29043496E-05 -0.29680821E-05 -0.30141065E-05 -0.30417767E-05 -0.30508648E-05 -0.30415775E-05 -0.30145560E-05 -0.29708603E-05 -0.29119379E-05 -0.28395791E-05 -0.27558383E-05 -0.26630496E-05 -0.25636406E-05 -0.24601312E-05 -0.23550486E-05 -0.22508215E-05 -0.21497765E-05 -0.20540380E-05 -0.19654851E-05 -0.18857516E-05 -0.18161525E-05 -0.17577043E-05 -0.17111132E-05 -0.16767960E-05 -0.16548830E-05 -0.16452546E-05 -0.16475706E-05 -0.16613200E-05 -0.16858065E-05 -0.17202741E-05 -0.17638852E-05 -0.18157745E-05 -0.18750812E-05 -0.19409777E-05 -0.20126931E-05 -0.20895284E-05 -0.21708643E-05 -0.22561705E-05 -0.23449972E-05 -0.24369705E-05
-0.24548722E-05 -0.26249208E-05 -0.27888000E-05 -0.29439284E-05 -0.30877565E-05 -0.32178461E-05 -0.33319522E-05 -0.34281030E-05 -0.35046748E-05 -0.35604587E-05 -0.35947126E-05 -0.36072000E-05 -0.35982086E-05 -0.35685506E-05 -0.35195428E-05 -0.34529433E-05 -0.33709740E-05 -0.32761746E-05 -0.31713243E-05 -0.30593856E-05 -0.29433978E-05 -0.28263889E-05 -0.27112874E-05 -0.26008531E-05 -0.24975564E-05 -0.24036286E-05 -0.23209139E-05 -0.22508893E-05 -0.21946369E-05 -0.21528587E-05 -0.21258659E-05 -0.21136145E-05 -0.21157344E-05 -0.21315681E-05 -0.21602158E-05 -0.22005837E-05 -0.22514452E-05 -0.23114500E-05 -0.23792109E-05 -0.24533500E-05 -0.25325128E-05 -0.26154082E-05 -0.27008358E-05 -0.27877034E-05 -0.28750444E-05 -0.29620137E-05 -0.30478997E-05
-0.28741193E-05 -0.30745159E-05 -0.32678692E-05 -0.34511434E-05 -0.36213381E-05 -0.37755838E-05 -0.39112397E-05 -0.40259918E-05 -0.41179432E-05 -0.41856945E-05 -0.42283942E-05 -0.42458374E-05 -0.42384122E-05 -0.42071219E-05 -0.41536466E-05 -0.40801584E-05 -0.39893377E-05 -0.38842661E-05 -0.37683266E-05 -0.36450956E-05 -0.35182265E-05 -0.33913429E-05 -0.32679195E-05 -0.31512237E-05 -0.30441795E-05 -0.29493310E-05 -0.28687759E-05 -0.28041566E-05 -0.27566086E-05 -0.27267795E-05 -0.27148381E-05 -0.27205036E-05 -0.27430844E-05 -0.27815277E-05 -0.28344727E-05 -0.29003136E-05 -0.29772588E-05 -0.30634077E-05 -0.31567483E-05 -0.32553093E-05 -0.33571381E-05 -0.34603636E-05 -0.35632294E-05 -0.36641457E-05 -0.37616186E-05 -0.38544049E-05 -0.39414208E-05
-0.33464930E-05 -0.35815453E-05 -0.38086501E-05 -0.40242620E-05 -0.42248737E-05 -0.44071315E-05 -0.45679400E-05 -0.47046305E-05 -0.48149970E-05 -0.48974389E-05 -0.49510283E-05 -0.49755389E-05 -0.49715687E-05 -0.49404059E-05 -0.48840800E-05 -0.48052833E-05 -0.47072846E-05 -0.45938236E-05 -0.44689877E-05 -0.43370674E-05 -0.42024547E-05 -0.40694457E-05 -0.39421837E-05 -0.38244774E-05 -0.37197348E-05 -0.36308667E-05 -0.35602554E-05 -0.35096421E-05 -0.34801961E-05 -0.34724595E-05 -0.34863809E-05 -0.35213520E-05 -0.35762574E-05 -0.36495359E-05 -0.37392505E-05 -0.38431624E-05 -0.39588084E-05 -0.40835776E-05 -0.42147829E-05 -0.43497430E-05 -0.44857891E-05 -0.46204030E-05 -0.47512025E-05 -0.48759914E-05 -0.49927893E-05 -0.50998423E-05 -0.51956802E-05
-0.38752650E-05 -0.41496776E-05 -0.44152368E-05 -0.46678157E-05 -0.49033714E-05 -0.51180022E-05 -0.53081405E-05 -0.54706799E-05 -0.56031075E-05 -0.57035941E-05 -0.57711788E-05 -0.58057087E-05 -0.58079497E-05 -0.57795630E-05 -0.57230673E-05 -0.56417559E-05 -0.55396235E-05 -0.54211887E-05 -0.52913741E-05 -0.51553293E-05 -0.50182592E-05 -0.48852968E-05 -0.47612855E-05 -0.46506765E-05 -0.45573867E-05 -0.44847365E-05 -0.44353293E-05 -0.44110330E-05 -0.44129613E-05 -0.44414439E-05 -0.44961099E-05 -0.45758947E-05 -0.46791157E-05 -0.48035515E-05 -0.49465291E-05 -0.51050180E-05 -0.52757277E-05 -0.54552002E-05 -0.56399021E-05 -0.58263071E-05 -0.60109842E-05 -0.61906040E-05 -0.63620727E-05 -0.65225524E-05 -0.66694529E-05 -0.68004994E-05 -0.69137407E-05
-0.44633090E-05 -0.47821782E-05 -0.50913259E-05 -0.53860167E-05 -0.56615658E-05 -0.59134998E-05 -0.61377272E-05 -0.63307014E-05 -0.64895483E-05 -0.66123197E-05 -0.66979474E-05 -0.67464140E-05 -0.67587628E-05 -0.67371222E-05 -0.66846093E-05 -0.66052670E-05 -0.65039323E-05 -0.63860677E-05 -0.62575680E-05 -0.61246004E-05 -0.59933462E-05 -0.58698304E-05 -0.57597255E-05 -0.56681687E-05 -0.55996546E-05 -0.55578691E-05 -0.55456336E-05 -0.55648459E-05 -0.56164616E-05 -0.57005108E-05 -0.58161043E-05 -0.59615556E-05 -0.61344219E-05 -0.63316170E-05 -0.65495243E-05 -0.67841168E-05 -0.70310756E-05 -0.72859089E-05 -0.75440631E-05 -0.78010233E-05 -0.80523864E-05 -0.82940068E-05 -0.85219194E-05 -0.87325332E-05 -0.89225872E-05 -0.90891988E-05 -0.92298897E-05
-0.51130493E-05 -0.54818617E-05 -0.58401741E-05 -0.61825802E-05 -0.65037327E-05 -0.67985348E-05 -0.70623102E-05 -0.72911027E-05 -0.74817239E-05 -0.76319954E-05 -0.77408875E-05 -0.78085722E-05 -0.78364853E-05 -0.78273139E-05 -0.77849324E-05 -0.77142883E-05 -0.76212425E-05 -0.75123618E-05 -0.73947269E-05 -0.72756423E-05 -0.71624163E-05 -0.70620996E-05 -0.69812869E-05 -0.69258740E-05 -0.69009068E-05 -0.69104390E-05 -0.69574342E-05 -0.70437094E-05 -0.71699183E-05 -0.73355726E-05 -0.75391064E-05 -0.77779275E-05 -0.80485884E-05 -0.83468747E-05 -0.86679594E-05 -0.90065573E-05 -0.93570754E-05 -0.97137591E-05 -0.10070810E-04 -0.10422568E-04 -0.10763534E-04 -0.11088501E-04 -0.11392610E-04 -0.11671409E-04 -0.11920838E-04 -0.12137338E-04 -0.12317813E-04
-0.58263222E-05 -0.62509290E-05 -0.66644186E-05 -0.70606734E-05 -0.74336485E-05 -0.77775621E-05 -0.80872467E-05 -0.83582190E-05 -0.85870236E-05 -0.87713591E-05 -0.89102619E-05 -0.90042028E-05 -0.90551348E-05 -0.90664748E-05 -0.90430236E-05 -0.89908268E-05 -0.89169650E-05 -0.88293477E-05 -0.87363909E-05 -0.86467509E-05 -0.85690024E-05 -0.85113790E-05 -0.84814543E-05 -0.84859222E-05 -0.85303858E-05 -0.86191971E-05 -0.87553470E-05 -0.89404050E-05 -0.91745091E-05 -0.94564035E-05 -0.97835195E-05 -0.10152102E-04 -0.10557323E-04 -0.10993511E-04 -0.11454298E-04 -0.11932819E-04 -0.12421891E-04 -0.12914252E-04 -0.13402647E-04 -0.13880014E-04 -0.14339594E-04 -0.14775019E-04 -0.15180374E-04 -0.15550238E-04 -0.15879721E-04 -0.16164421E-04 -0.16400531E-04
