Advanced/Day1/qtaim/mof/mof_pl2d.SURFVIRI
DSAA
 161 161
-0.75589045E+01  0.75589045E+01  0.94486307E-01
-0.75589045E+01  0.75589045E+01  0.94486307E-01
 0.00000000E+00  0.00000000E+00
[rows 0 to 20 of 161, columns 0 to 46 of 161]
-0.51353484E-07 -0.58589678E-07 -0.66885219E-07 -0.76427760E-07 -0.87445956E-07 -0.10022076E-06 -0.11509655E-06 -0.13250097E-06 -0.15296564E-06 -0.17715559E-06 -0.20590915E-06 -0.24028596E-06 -0.28163355E-06 -0.33167176E-06 -0.39260198E-06 -0.46724667E-06 -0.55922594E-06 -0.67317863E-06 -0.81503554E-06 -0.99235243E-06 -0.12147091E-05 -0.14941808E-05 -0.18458837E-05 -0.22885908E-05 -0.28453755E-05 -0.35444619E-05 -0.44198184E-05 -0.55120349E-05 -0.68688801E-05 -0.85460082E-05 -0.10607283E-04 -0.13124937E-04 -0.16179382E-04 -0.19858605E-04 -0.24257080E-04 -0.29474142E-04 -0.35611771E-04 -0.42771806E-04 -0.51052539E-04 -0.60545059E-04 -0.71328844E-04 -0.83467480E-04 -0.97004220E-04 -0.11195776E-03 -0.12831846E-03 -0.14604520E-03 -0.16506311E-03
-0.44022620E-07 -0.50405128E-07 -0.57741764E-07 -0.66199427E-07 -0.75980315E-07 -0.87331323E-07 -0.10055511E-06 -0.11602436E-06 -0.13420251E-06 -0.15566844E-06 -0.18114922E-06 -0.21156642E-06 -0.24808997E-06 -0.29221411E-06 -0.34585241E-06 -0.41145983E-06 -0.49218712E-06 -0.59207406E-06 -0.71628848E-06 -0.87141671E-06 -0.10658135E-05 -0.13100143E-05 -0.16172113E-05 -0.20037951E-05 -0.24899249E-05 -0.31002570E-05 -0.38644960E-05 -0.48181526E-05 -0.60030689E-05 -0.74680297E-05 -0.92690960E-05 -0.11469776E-04 -0.14140906E-04 -0.17360186E-04 -0.21211296E-04 -0.25782553E-04 -0.31165065E-04 -0.37450386E-04 -0.44727628E-04 -0.53080363E-04 -0.62582829E-04 -0.73296245E-04 -0.85264941E-04 -0.98512641E-04 -0.11303907E-03 -0.12881710E-03 -0.14579047E-03
-0.38044916E-07 -0.43717117E-07 -0.50251969E-07 -0.57797752E-07 -0.66533136E-07 -0.76674493E-07 -0.88486623E-07 -0.10229391E-06 -0.11849847E-06 -0.13760167E-06 -0.16023242E-06 -0.18718720E-06 -0.21947727E-06 -0.25839448E-06 -0.30559425E-06 -0.36320157E-06 -0.43394574E-06 -0.52132845E-06 -0.62983203E-06 -0.76517211E-06 -0.93460299E-06 -0.11472759E-05 -0.14146558E-05 -0.17509925E-05 -0.21738450E-05 -0.27046086E-05 -0.33692133E-05 -0.41985732E-05 -0.52292351E-05 -0.65037686E-05 -0.80712167E-05 -0.99872216E-05 -0.12313976E-04 -0.15119873E-04 -0.18478803E-04 -0.22469059E-04 -0.27171811E-04 -0.32669153E-04 -0.39041667E-04 -0.46365824E-04 -0.54710727E-04 -0.64134963E-04 -0.74683244E-04 -0.86383151E-04 -0.99242103E-04 -0.11324472E-03 -0.12835070E-03
-0.33225091E-07 -0.38311232E-07 -0.44180975E-07 -0.50966062E-07 -0.58824132E-07 -0.67944912E-07 -0.78558998E-07 -0.90948617E-07 -0.10546092E-06 -0.12252850E-06 -0.14269364E-06 -0.16664043E-06 -0.19523996E-06 -0.22960369E-06 -0.27115692E-06 -0.32173069E-06 -0.38367849E-06 -0.46002245E-06 -0.55463303E-06 -0.67245002E-06 -0.81974598E-06 -0.10044384E-05 -0.12364512E-05 -0.15281263E-05 -0.18946790E-05 -0.23546924E-05 -0.29305840E-05 -0.36492809E-05 -0.45425108E-05 -0.56473839E-05 -0.70066056E-05 -0.86687846E-05 -0.10688359E-04 -0.13125353E-04 -0.16044829E-04 -0.19516006E-04 -0.23611013E-04 -0.28403272E-04 -0.33965465E-04 -0.40367356E-04 -0.47673024E-04 -0.55938179E-04 -0.65207260E-04 -0.75510589E-04 -0.86861675E-04 -0.99254808E-04 -0.11266303E-03
-0.29401939E-07 -0.34009681E-07 -0.39333071E-07 -0.45489254E-07 -0.52617326E-07 -0.60883525E-07 -0.70488556E-07 -0.81676606E-07 -0.94747658E-07 -0.11007294E-06 -0.12811786E-06 -0.14946860E-06 -0.17487123E-06 -0.20527796E-06 -0.24191057E-06 -0.28633984E-06 -0.34058676E-06 -0.40724803E-06 -0.48965318E-06 -0.59205421E-06 -0.71985444E-06 -0.87987850E-06 -0.10806861E-05 -0.13329288E-05 -0.16497471E-05 -0.20472007E-05 -0.25446873E-05 -0.31655080E-05 -0.39371668E-05 -0.48918652E-05 -0.60667315E-05 -0.75040978E-05 -0.92514852E-05 -0.11361430E-04 -0.13891078E-04 -0.16901474E-04 -0.20456557E-04 -0.24621829E-04 -0.29462673E-04 -0.35042538E-04 -0.41420601E-04 -0.48649483E-04 -0.56772756E-04 -0.65822465E-04 -0.75816730E-04 -0.86757559E-04 -0.98628927E-04
-0.26446977E-07 -0.30669863E-07 -0.35550181E-07 -0.41192244E-07 -0.47718889E-07 -0.55275868E-07 -0.64037400E-07 -0.74214870E-07 -0.86065978E-07 -0.99909475E-07 -0.11614238E-06 -0.13526572E-06 -0.15791475E-06 -0.18490258E-06 -0.21727179E-06 -0.25636427E-06 -0.30390824E-06 -0.36212644E-06 -0.43387184E-06 -0.52279135E-06 -0.63352315E-06 -0.77193022E-06 -0.94537156E-06 -0.11630113E-05 -0.14361637E-05 -0.17786673E-05 -0.22072786E-05 -0.27420443E-05 -0.34068050E-05 -0.42293967E-05 -0.52420568E-05 -0.64815202E-05 -0.79891794E-05 -0.98109206E-05 -0.11996814E-04 -0.14600575E-04 -0.17678752E-04 -0.21289643E-04 -0.25491908E-04 -0.30343068E-04 -0.35897535E-04 -0.42204678E-04 -0.49306692E-04 -0.57236431E-04 -0.66015302E-04 -0.75651265E-04 -0.86137041E-04
-0.24265341E-07 -0.28185364E-07 -0.32711245E-07 -0.37939378E-07 -0.43976728E-07 -0.50951079E-07 -0.59013971E-07 -0.68347666E-07 -0.79173530E-07 -0.91763600E-07 -0.10645668E-06 -0.12367813E-06 -0.14396777E-06 -0.16801627E-06 -0.19670982E-06 -0.23119030E-06 -0.27292931E-06 -0.32382286E-06 -0.38630683E-06 -0.46349843E-06 -0.55936638E-06 -0.67893210E-06 -0.82850400E-06 -0.10159447E-05 -0.12509696E-05 -0.15454731E-05 -0.19138716E-05 -0.23734630E-05 -0.29447226E-05 -0.36517708E-05 -0.45224541E-05 -0.55886696E-05 -0.68863421E-05 -0.84554734E-05 -0.10339853E-04 -0.12586653E-04 -0.15245769E-04 -0.18368970E-04 -0.22008746E-04 -0.26217069E-04 -0.31043747E-04 -0.36534793E-04 -0.42730592E-04 -0.49664030E-04 -0.57358633E-04 -0.65826756E-04 -0.75067918E-04
-0.22789647E-07 -0.26479302E-07 -0.30733805E-07 -0.35636243E-07 -0.41281051E-07 -0.47783323E-07 -0.55273520E-07 -0.63908449E-07 -0.73878123E-07 -0.85414242E-07 -0.98804222E-07 -0.11440887E-06 -0.13268488E-06 -0.15421586E-06 -0.17975269E-06 -0.21026295E-06 -0.24699532E-06 -0.29156109E-06 -0.34603305E-06 -0.41306738E-06 -0.49604990E-06 -0.59926942E-06 -0.72811961E-06 -0.88932974E-06 -0.10912232E-05 -0.13440003E-05 -0.16600395E-05 -0.20542045E-05 -0.25441317E-05 -0.31505995E-05 -0.38976608E-05 -0.48128979E-05 -0.59275284E-05 -0.72763036E-05 -0.88974633E-05 -0.10832348E-04 -0.13124911E-04 -0.15821010E-04 -0.18967514E-04 -0.22611149E-04 -0.26797381E-04 -0.31568780E-04 -0.36963591E-04 -0.43014082E-04 -0.49744904E-04 -0.57171464E-04 -0.65298380E-04
-0.21992056E-07 -0.25517586E-07 -0.29570323E-07 -0.34225203E-07 -0.39567108E-07 -0.45694307E-07 -0.52721409E-07 -0.60782004E-07 -0.70041351E-07 -0.80695243E-07 -0.92986865E-07 -0.10722052E-06 -0.12378174E-06 -0.14316179E-06 -0.16599414E-06 -0.19309518E-06 -0.22552114E-06 -0.26463646E-06 -0.31219941E-06 -0.37046662E-06 -0.44231879E-06 -0.53140976E-06 -0.64234033E-06 -0.78085732E-06 -0.95407700E-06 -0.11707305E-05 -0.14414254E-05 -0.17789163E-05 -0.21983821E-05 -0.27176422E-05 -0.33574953E-05 -0.41417554E-05 -0.50974406E-05 -0.62547921E-05 -0.76470864E-05 -0.93105093E-05 -0.11283696E-04 -0.13607186E-04 -0.16322696E-04 -0.19472161E-04 -0.23096818E-04 -0.27235829E-04 -0.31925048E-04 -0.37195608E-04 -0.43072463E-04 -0.49572956E-04 -0.56705326E-04
-0.21878373E-07 -0.25301827E-07 -0.29219894E-07 -0.33698589E-07 -0.38813850E-07 -0.44651512E-07 -0.51311085E-07 -0.58909035E-07 -0.67583464E-07 -0.77501959E-07 -0.88869585E-07 -0.10194065E-06 -0.11704163E-06 -0.13458447E-06 -0.15510006E-06 -0.17927565E-06 -0.20800106E-06 -0.24242801E-06 -0.28404349E-06 -0.33475938E-06 -0.39702043E-06 -0.47393234E-06 -0.56941134E-06 -0.68835574E-06 -0.83683916E-06 -0.10223223E-05 -0.12538820E-05 -0.15424468E-05 -0.19010417E-05 -0.23450104E-05 -0.28921912E-05 -0.35632004E-05 -0.43813887E-05 -0.53729671E-05 -0.65669494E-05 -0.79948964E-05 -0.96907219E-05 -0.11690184E-04 -0.14030309E-04 -0.16748613E-04 -0.19882330E-04 -0.23467259E-04 -0.27536690E-04 -0.32120228E-04 -0.37242476E-04 -0.42921749E-04 -0.49168774E-04
-0.22494753E-07 -0.25877553E-07 -0.29724911E-07 -0.34095789E-07 -0.39056359E-07 -0.44681978E-07 -0.51058961E-07 -0.58287091E-07 -0.66484009E-07 -0.75791146E-07 -0.86381176E-07 -0.98468496E-07 -0.11232364E-06 -0.12829233E-06 -0.14681880E-06 -0.16847900E-06 -0.19401854E-06 -0.22440960E-06 -0.26090467E-06 -0.30511937E-06 -0.35912356E-06 -0.42555146E-06 -0.50773021E-06 -0.60982785E-06 -0.73701943E-06 -0.89567170E-06 -0.10935410E-05 -0.13399799E-05 -0.16461518E-05 -0.20252305E-05 -0.24925898E-05 -0.30659214E-05 -0.37654740E-05 -0.46139329E-05 -0.56364929E-05 -0.68607332E-05 -0.83163170E-05 -0.10034719E-04 -0.12048721E-04 -0.14391767E-04 -0.17097320E-04 -0.20197897E-04 -0.23724183E-04 -0.27703937E-04 -0.32160910E-04 -0.37113667E-04 -0.42574411E-04
-0.23932222E-07 -0.27338333E-07 -0.31180472E-07 -0.35510421E-07 -0.40386115E-07 -0.45872530E-07 -0.52043908E-07 -0.58985681E-07 -0.66797520E-07 -0.75598129E-07 -0.85532502E-07 -0.96779499E-07 -0.10956458E-06 -0.12417568E-06 -0.14098351E-06 -0.16046890E-06 -0.18325729E-06 -0.21016188E-06 -0.24223729E-06 -0.28084549E-06 -0.32773519E-06 -0.38513629E-06 -0.45587077E-06 -0.54347917E-06 -0.65236540E-06 -0.78795533E-06 -0.95686928E-06 -0.11671025E-05 -0.14282132E-05 -0.17515008E-05 -0.21501762E-05 -0.26395061E-05 -0.32368824E-05 -0.39620144E-05 -0.48367447E-05 -0.58850731E-05 -0.71329751E-05 -0.86080605E-05 -0.10339277E-04 -0.12356358E-04 -0.14689183E-04 -0.17367183E-04 -0.20418363E-04 -0.23868482E-04 -0.27740065E-04 -0.32051348E-04 -0.36815242E-04
-0.26333444E-07 -0.29833209E-07 -0.33740575E-07 -0.38100060E-07 -0.42961290E-07 -0.48379887E-07 -0.54418520E-07 -0.61149586E-07 -0.68656644E-07 -0.77039393E-07 -0.86418301E-07 -0.96942247E-07 -0.10879834E-06 -0.12222572E-06 -0.13753243E-06 -0.15511891E-06 -0.17550727E-06 -0.19937836E-06 -0.22761678E-06 -0.26136834E-06 -0.30210775E-06 -0.35171918E-06 -0.41259211E-06 -0.48773043E-06 -0.58087661E-06 -0.69664940E-06 -0.84069346E-06 -0.10198376E-05 -0.12422559E-05 -0.15176332E-05 -0.18573105E-05 -0.22744211E-05 -0.27839943E-05 -0.34029780E-05 -0.41503852E-05 -0.50470608E-05 -0.61156554E-05 -0.73803875E-05 -0.88667522E-05 -0.10601036E-04 -0.12609880E-04 -0.14919706E-04 -0.17555908E-04 -0.20542135E-04 -0.23899424E-04 -0.27645282E-04 -0.31792733E-04
-0.29900832E-07 -0.33575357E-07 -0.37627699E-07 -0.42094637E-07 -0.47017224E-07 -0.52441525E-07 -0.58419687E-07 -0.65011250E-07 -0.72286071E-07 -0.80326358E-07 -0.89231434E-07 -0.99124910E-07 -0.11016163E-06 -0.12253903E-06 -0.13651288E-06 -0.15241628E-06 -0.17068387E-06 -0.19188427E-06 -0.21675893E-06 -0.24627033E-06 -0.28165931E-06 -0.32451629E-06 -0.37686176E-06 -0.44124088E-06 -0.52083040E-06 -0.61955777E-06 -0.74223089E-06 -0.89467597E-06 -0.10838791E-05 -0.13181313E-05 -0.16071599E-05 -0.19622520E-05 -0.23963514E-05 -0.29241237E-05 -0.35619776E-05 -0.43279700E-05 -0.52419236E-05 -0.63249721E-05 -0.75994774E-05 -0.90886740E-05 -0.10816185E-04 -0.12805543E-04 -0.15079678E-04 -0.17660078E-04 -0.20566141E-04 -0.23814343E-04 -0.27417383E-04
-0.34906454E-07 -0.38852601E-07 -0.43143926E-07 -0.47808527E-07 -0.52878153E-07 -0.58388904E-07 -0.64382103E-07 -0.70905588E-07 -0.78015327E-07 -0.85778653E-07 -0.94276960E-07 -0.10361111E-06 -0.11390891E-06 -0.12533384E-06 -0.13809768E-06 -0.15247690E-06 -0.16883403E-06 -0.18764344E-06 -0.20952605E-06 -0.23528909E-06 -0.26597707E-06 -0.30293024E-06 -0.34785559E-06 -0.40290737E-06 -0.47077942E-06 -0.55480799E-06 -0.65908421E-06 -0.78857409E-06 -0.94924245E-06 -0.11481803E-05 -0.13937222E-05 -0.16955578E-05 -0.20648219E-05 -0.25141583E-05 -0.30577483E-05 -0.37112935E-05 -0.44918863E-05 -0.54180794E-05 -0.65094106E-05 -0.77862924E-05 -0.92696105E-05 -0.10980280E-04 -0.12938774E-04 -0.15164483E-04 -0.17675093E-04 -0.20485861E-04 -0.23608860E-04
-0.41703323E-07 -0.46039628E-07 -0.50683916E-07 -0.55654204E-07 -0.60971745E-07 -0.66661687E-07 -0.72753947E-07 -0.79284344E-07 -0.86296148E-07 -0.93842051E-07 -0.10198780E-06 -0.11081535E-06 -0.12042989E-06 -0.13096597E-06 -0.14259947E-06 -0.15556102E-06 -0.17015300E-06 -0.18677235E-06 -0.20593921E-06 -0.22833176E-06 -0.25482862E-06 -0.28655974E-06 -0.32496660E-06 -0.37187120E-06 -0.42955622E-06 -0.50085323E-06 -0.58924018E-06 -0.69894562E-06 -0.83505742E-06 -0.10036324E-05 -0.12118047E-05 -0.14678817E-05 -0.17814287E-05 -0.21633305E-05 -0.26258224E-05 -0.31824850E-05 -0.38481917E-05 -0.46389525E-05 -0.55719329E-05 -0.66649752E-05 -0.79364512E-05 -0.94048590E-05 -0.11088338E-04 -0.13004308E-04 -0.15168689E-04 -0.17595429E-04 -0.20295773E-04
-0.50738725E-07 -0.55612023E-07 -0.60749789E-07 -0.66157988E-07 -0.71845533E-07 -0.77825098E-07 -0.84114013E-07 -0.90735385E-07 -0.97719524E-07 -0.10510577E-06 -0.11294491E-06 -0.12130333E-06 -0.13026622E-06 -0.13994595E-06 -0.15048925E-06 -0.16208913E-06 -0.17499961E-06 -0.18955519E-06 -0.20619334E-06 -0.22548553E-06 -0.24817264E-06 -0.27520839E-06 -0.30781055E-06 -0.34752074E-06 -0.39627240E-06 -0.45646755E-06 -0.53105997E-06 -0.62364686E-06 -0.73856270E-06 -0.88097575E-06 -0.10569831E-05 -0.12736970E-05 -0.15393216E-05 -0.18632107E-05 -0.22559004E-05 -0.27291112E-05 -0.32957119E-05 -0.39696348E-05 -0.47657432E-05 -0.56995695E-05 -0.67873140E-05 -0.80451925E-05 -0.94892372E-05 -0.11134901E-04 -0.12996441E-04 -0.15086448E-04 -0.17415217E-04
-0.62568783E-07 -0.68162016E-07 -0.73967830E-07 -0.79977547E-07 -0.86185274E-07 -0.92588991E-07 -0.99191617E-07 -0.10600224E-06 -0.11303750E-06 -0.12032331E-06 -0.12789706E-06 -0.13581071E-06 -0.14413383E-06 -0.15296028E-06 -0.16241441E-06 -0.17266038E-06 -0.18391432E-06 -0.19646067E-06 -0.21067150E-06 -0.22703176E-06 -0.24616941E-06 -0.26889239E-06 -0.29623213E-06 -0.32949443E-06 -0.37031790E-06 -0.42073941E-06 -0.48326690E-06 -0.56095731E-06 -0.65749923E-06 -0.77729630E-06 -0.92555074E-06 -0.11083419E-05 -0.13326929E-05 -0.16066252E-05 -0.19391926E-05 -0.23404855E-05 -0.28216067E-05 -0.33946054E-05 -0.40723680E-05 -0.48684590E-05 -0.57969094E-05 -0.68718632E-05 -0.81075637E-05 -0.95175164E-05 -0.11114430E-04 -0.12909533E-04 -0.14912136E-04
-0.77874738E-07 -0.84415551E-07 -0.91106722E-07 -0.97921207E-07 -0.10483516E-06 -0.11182888E-06 -0.11888832E-06 -0.12600651E-06 -0.13318509E-06 -0.14043607E-06 -0.14778375E-06 -0.15526744E-06 -0.16294402E-06 -0.17089299E-06 -0.17922185E-06 -0.18807401E-06 -0.19763758E-06 -0.20815952E-06 -0.21996141E-06 -0.23346043E-06 -0.24919399E-06 -0.26785144E-06 -0.29031139E-06 -0.31768338E-06 -0.35135861E-06 -0.39306607E-06 -0.44493461E-06 -0.50956046E-06 -0.59007867E-06 -0.69023615E-06 -0.81446431E-06 -0.96794820E-06 -0.11566875E-05 -0.13875454E-05 -0.16682799E-05 -0.20075552E-05 -0.24149219E-05 -0.29007661E-05 -0.34762202E-05 -0.41530299E-05 -0.49433757E-05 -0.58596457E-05 -0.69141578E-05 -0.81187127E-05 -0.94846496E-05 -0.11021843E-04 -0.12738606E-04
-0.97480034E-07 -0.10525115E-06 -0.11309703E-06 -0.12096853E-06 -0.12882196E-06 -0.13661124E-06 -0.14430422E-06 -0.15187505E-06 -0.15930845E-06 -0.16660112E-06 -0.17376428E-06 -0.18082578E-06 -0.18783201E-06 -0.19485246E-06 -0.20198362E-06 -0.20935428E-06 -0.21713518E-06 -0.22554724E-06 -0.23487367E-06 -0.24548558E-06 -0.25784915E-06 -0.27256008E-06 -0.29037301E-06 -0.31223720E-06 -0.33933851E-06 -0.37314841E-06 -0.41547545E-06 -0.46852431E-06 -0.53495729E-06 -0.61795759E-06 -0.72129275E-06 -0.84937527E-06 -0.10073170E-05 -0.12009734E-05 -0.14369739E-05 -0.17227334E-05 -0.20664395E-05 -0.24770128E-05 -0.29640326E-05 -0.35376271E-05 -0.42083223E-05 -0.49868484E-05 -0.58839030E-05 -0.69098694E-05 -0.80744676E-05 -0.93863766E-05 -0.10853100E-04
-0.12237127E-06 -0.13172183E-06 -0.14105594E-06 -0.15029654E-06 -0.15937003E-06 -0.16820871E-06 -0.17675323E-06 -0.18495530E-06 -0.19277963E-06 -0.20020615E-06 -0.20723241E-06 -0.21387485E-06 -0.22017216E-06 -0.22618716E-06 -0.23201048E-06 -0.23776494E-06 -0.24361175E-06 -0.24975763E-06 -0.25646595E-06 -0.26406920E-06 -0.27298623E-06 -0.28374320E-06 -0.29699593E-06 -0.31357037E-06 -0.33448291E-06 -0.36099083E-06 -0.39463496E-06 -0.43728877E-06 -0.49121292E-06 -0.55910783E-06 -0.64417000E-06 -0.75014527E-06 -0.88137634E-06 -0.10428430E-05 -0.12401903E-05 -0.14797408E-05 -0.17684869E-05 -0.21140585E-05 -0.25246639E-05 -0.30089965E-05 -0.35761087E-05 -0.42352471E-05 -0.49956502E-05 -0.58663067E-05 -0.68556780E-05 -0.79713558E-05 -0.92198168E-05
