Advanced/Day1/qtaim/mof/mof_pl2d.SURFRHOO
DSAA
 161 161
-0.75589045E+01  0.75589045E+01  0.94486307E-01
-0.75589045E+01  0.75589045E+01  0.94486307E-01
 0.00000000E+00  0.00000000E+00
[rows 66 to 87 of 161, columns 48 to 95 of 161]
0.12830765E-01 0.13253931E-01 0.13603590E-01 0.13856200E-01 0.13989184E-01 0.13983353E-01 0.13825411E-01 0.13510133E-01 0.13041797E-01 0.12434547E-01 0.11711483E-01 0.10902573E-01 0.10041701E-01 0.91633823E-02 0.82997060E-02 0.74779954E-02 0.67194494E-02 0.60388146E-02 0.54449343E-02 0.49419119E-02 0.45305946E-02 0.42101207E-02 0.39793467E-02 0.38380560E-02 0.37879184E-02 0.38332216E-02 0.39814191E-02 0.42435468E-02 0.46345550E-02 0.51735887E-02 0.58842374E-02 0.67947664E-02 0.79383384E-02 0.93532462E-02 0.11083185E-01 0.13177605E-01 0.15692158E-01 0.18689187E-01 0.22238061E-01 0.26414949E-01 0.31301347E-01 0.36980449E-01 0.43530354E-01 0.51013272E-01 0.59460522E-01 0.68854140E-01 0.79107279E-01 0.90046905E-01
0.16186599E-01 0.16783491E-01 0.17290348E-01 0.17673124E-01 0.17898169E-01 0.17935810E-01 0.17764176E-01 0.17372708E-01 0.16764701E-01 0.15958261E-01 0.14985287E-01 0.13888476E-01 0.12716819E-01 0.11520449E-01 0.10345828E-01 0.92320768E-02 0.82088982E-02 0.72961364E-02 0.65046843E-02 0.58383044E-02 0.52958895E-02 0.48737672E-02 0.45677764E-02 0.43749757E-02 0.42949540E-02 0.43307857E-02 0.44897113E-02 0.47836267E-02 0.52294585E-02 0.58494828E-02 0.66716309E-02 0.77298167E-02 0.90643258E-02 0.10722321E-01 0.12758542E-01 0.15236270E-01 0.18228610E-01 0.21819985E-01 0.26107538E-01 0.31201753E-01 0.37225200E-01 0.44307922E-01 0.52577820E-01 0.62144699E-01 0.73077608E-01 0.85376789E-01 0.98943696E-01 0.11355455E+00
0.20421196E-01 0.21259218E-01 0.21989481E-01 0.22563465E-01 0.22931800E-01 0.23049321E-01 0.22880734E-01 0.22406158E-01 0.21625584E-01 0.20561164E-01 0.19256419E-01 0.17772064E-01 0.16179075E-01 0.14550492E-01 0.12953718E-01 0.11444782E-01 0.10065257E-01 0.88417678E-02 0.77875648E-02 0.69053745E-02 0.61908174E-02 0.56357976E-02 0.52314814E-02 0.49706801E-02 0.48496128E-02 0.48691339E-02 0.50355557E-02 0.53612021E-02 0.58648142E-02 0.65718994E-02 0.75151003E-02 0.87346533E-02 0.10279019E-01 0.12205797E-01 0.14583063E-01 0.17491267E-01 0.21025769E-01 0.25299863E-01 0.30447796E-01 0.36626723E-01 0.44015894E-01 0.52810768E-01 0.63209514E-01 0.75389856E-01 0.89475743E-01 0.10549599E+00 0.12334029E+00 0.14272068E+00
0.25732545E-01 0.26898106E-01 0.27938799E-01 0.28787081E-01 0.29372128E-01 0.29626505E-01 0.29494099E-01 0.28938668E-01 0.27951773E-01 0.26558103E-01 0.24815992E-01 0.22811861E-01 0.20649291E-01 0.18435481E-01 0.16268599E-01 0.14228757E-01 0.12373659E-01 0.10738468E-01 0.93386730E-02 0.81746289E-02 0.72366596E-02 0.65099467E-02 0.59787085E-02 0.56294534E-02 0.54533048E-02 0.54475414E-02 0.56165603E-02 0.59724713E-02 0.65355046E-02 0.73343729E-02 0.84067074E-02 0.97996862E-02 0.11570997E-01 0.13790328E-01 0.16541604E-01 0.19926218E-01 0.24067335E-01 0.29115094E-01 0.35251936E-01 0.42696492E-01 0.51703489E-01 0.62556227E-01 0.75547896E-01 0.90948758E-01 0.10895869E+00 0.12964859E+00 0.15289864E+00 0.17834472E+00
0.32342787E-01 0.33942240E-01 0.35404178E-01 0.36637816E-01 0.37544662E-01 0.38026135E-01 0.37993680E-01 0.37381639E-01 0.36161754E-01 0.34355559E-01 0.32039236E-01 0.29336782E-01 0.26402006E-01 0.23394855E-01 0.20459650E-01 0.17710704E-01 0.15226781E-01 0.13052599E-01 0.11204489E-01 0.96777674E-02 0.84542799E-02 0.75092299E-02 0.68168365E-02 0.63546266E-02 0.61064080E-02 0.60641435E-02 0.62290293E-02 0.66120855E-02 0.72345187E-02 0.81280659E-02 0.93354943E-02 0.10911439E-01 0.12923804E-01 0.15456011E-01 0.18610461E-01 0.22513527E-01 0.27322262E-01 0.33232509E-01 0.40487352E-01 0.49383636E-01 0.60272901E-01 0.73551815E-01 0.89636839E-01 0.10891916E+00 0.13169978E+00 0.15811031E+00 0.18803050E+00 0.22101632E+00
0.40495641E-01 0.42654201E-01 0.44674669E-01 0.46441273E-01 0.47822695E-01 0.48678032E-01 0.48867395E-01 0.48270758E-01 0.46815297E-01 0.44504077E-01 0.41432748E-01 0.37782543E-01 0.33788768E-01 0.29696747E-01 0.25722300E-01 0.22028406E-01 0.18719613E-01 0.15848620E-01 0.13428068E-01 0.11442901E-01 0.98613330E-02 0.86439684E-02 0.77510216E-02 0.71476714E-02 0.68076791E-02 0.67155644E-02 0.68677399E-02 0.72730234E-02 0.79528877E-02 0.89417359E-02 0.10287452E-01 0.12052486E-01 0.14315792E-01 0.17176053E-01 0.20756679E-01 0.25213074E-01 0.30742381E-01 0.37595331E-01 0.46088681E-01 0.56615113E-01 0.69645542E-01 0.85717106E-01 0.10539979E+00 0.12923702E+00 0.15766113E+00 0.19089205E+00 0.22883253E+00 0.27097230E+00
0.50454942E-01 0.53312692E-01 0.56057632E-01 0.58553599E-01 0.60635436E-01 0.62106519E-01 0.62744612E-01 0.62328345E-01 0.60689508E-01 0.57777655E-01 0.53705655E-01 0.48745909E-01 0.43272226E-01 0.37673923E-01 0.32281098E-01 0.27326125E-01 0.22941857E-01 0.19181275E-01 0.16042377E-01 0.13489412E-01 0.11468550E-01 0.99192208E-02 0.87824799E-02 0.80070870E-02 0.75535592E-02 0.73965122E-02 0.75257371E-02 0.79465281E-02 0.86797246E-02 0.97618526E-02 0.11245697E-01 0.13201656E-01 0.15720326E-01 0.18916883E-01 0.22937956E-01 0.27971631E-01 0.34260906E-01 0.42120057E-01 0.51951928E-01 0.64261956E-01 0.79662203E-01 0.98856628E-01 0.12259884E+00 0.15161758E+00 0.18651309E+00 0.22763541E+00 0.27495639E+00 0.32793765E+00
0.62505901E-01 0.66209079E-01 0.69872533E-01 0.73356358E-01 0.76469514E-01 0.78945082E-01 0.80429305E-01 0.80516235E-01 0.78846331E-01 0.75245020E-01 0.69832003E-01 0.63028973E-01 0.55449592E-01 0.47729656E-01 0.40384131E-01 0.33743629E-01 0.27965903E-01 0.23084891E-01 0.19061789E-01 0.15821686E-01 0.13275351E-01 0.11331828E-01 0.99065618E-02 0.89271902E-02 0.83374532E-02 0.80993936E-02 0.81941860E-02 0.86221348E-02 0.94023951E-02 0.10572895E-01 0.12190884E-01 0.14334573E-01 0.17106425E-01 0.20638875E-01 0.25103340E-01 0.30723388E-01 0.37792447E-01 0.46695396E-01 0.57931438E-01 0.72132895E-01 0.90071329E-01 0.11264013E+00 0.14080360E+00 0.17550902E+00 0.21756818E+00 0.26752077E+00 0.32548048E+00 0.39093925E+00
0.76959508E-01 0.81643062E-01 0.86436805E-01 0.91231897E-01 0.95834342E-01 0.99894057E-01 0.10285429E+00 0.10399108E+00 0.10259120E+00 0.98230135E-01 0.91009687E-01 0.81594921E-01 0.71007176E-01 0.60295017E-01 0.50266605E-01 0.41387603E-01 0.33825741E-01 0.27558471E-01 0.22471841E-01 0.18422211E-01 0.15265284E-01 0.12867462E-01 0.11110897E-01 0.98969948E-02 0.91491045E-02 0.88140294E-02 0.88623314E-02 0.92878238E-02 0.10106840E-01 0.11357843E-01 0.13101891E-01 0.15424542E-01 0.18439898E-01 0.22297752E-01 0.27194933E-01 0.33391908E-01 0.41235137E-01 0.51184352E-01 0.63841522E-01 0.79974859E-01 0.10052738E+00 0.12659729E+00 0.15938014E+00 0.20007195E+00 0.24974458E+00 0.30920197E+00 0.37879162E+00 0.45809357E+00
0.94158315E-01 0.99912973E-01 0.10603277E+00 0.11249580E+00 0.11914732E+00 0.12554820E+00 0.13084910E+00 0.13382461E+00 0.13316954E+00 0.12800733E+00 0.11837052E+00 0.10531221E+00 0.90515942E-01 0.75680739E-01 0.62052395E-01 0.50270843E-01 0.40481389E-01 0.32545459E-01 0.26217734E-01 0.21244922E-01 0.17402081E-01 0.14498267E-01 0.12373996E-01 0.10899432E-01 0.99742222E-02 0.95275637E-02 0.95176223E-02 0.99303289E-02 0.10778068E-01 0.12098874E-01 0.13956751E-01 0.16443794E-01 0.19684973E-01 0.23846724E-01 0.29150670E-01 0.35893744E-01 0.44475308E-01 0.55430252E-01 0.69464203E-01 0.87482880E-01 0.11060336E+00 0.14013327E+00 0.17750904E+00 0.22419733E+00 0.28157544E+00 0.35078805E+00 0.43250611E+00 0.52642362E+00
0.11448012E+00 0.12129663E+00 0.12884899E+00 0.13727325E+00 0.14651260E+00 0.15604712E+00 0.16465843E+00 0.17045504E+00 0.17126254E+00 0.16535025E+00 0.15249470E+00 0.13445353E+00 0.11401532E+00 0.93789859E-01 0.75579055E-01 0.60215465E-01 0.47769554E-01 0.37910207E-01 0.30193566E-01 0.24210315E-01 0.19627393E-01 0.16181784E-01 0.13664767E-01 0.11911187E-01 0.10794525E-01 0.10224663E-01 0.10146048E-01 0.10535618E-01 0.11400802E-01 0.12778225E-01 0.14733805E-01 0.17365022E-01 0.20806366E-01 0.25239277E-01 0.30908123E-01 0.38143680E-01 0.47394785E-01 0.59266991E-01 0.74563693E-01 0.94320573E-01 0.11981967E+00 0.15256860E+00 0.19423867E+00 0.24657261E+00 0.31128105E+00 0.38990448E+00 0.48349449E+00 0.59183374E+00
0.13833626E+00 0.14602517E+00 0.15490831E+00 0.16534679E+00 0.17744177E+00 0.19062980E+00 0.20339865E+00 0.21343432E+00 0.21755102E+00 0.21158451E+00 0.19390910E+00 0.16844019E+00 0.14054433E+00 0.11376382E+00 0.90192481E-01 0.70749113E-01 0.55357170E-01 0.43419985E-01 0.34236845E-01 0.27204698E-01 0.21861484E-01 0.17861877E-01 0.14943340E-01 0.12903387E-01 0.11588335E-01 0.10888073E-01 0.10732715E-01 0.11089546E-01 0.11960275E-01 0.13379202E-01 0.15413014E-01 0.18163125E-01 0.21771637E-01 0.26432429E-01 0.32409081E-01 0.40061265E-01 0.49880360E-01 0.62532908E-01 0.78906842E-01 0.10015029E+00 0.12768821E+00 0.16320259E+00 0.20857367E+00 0.26580015E+00 0.33691881E+00 0.42387252E+00 0.52809249E+00 0.64938940E+00
0.16616351E+00 0.17426220E+00 0.18402115E+00 0.19606036E+00 0.21067498E+00 0.22735552E+00 0.24485157E+00 0.26207150E+00 0.27527733E+00 0.27228023E+00 0.24544262E+00 0.20637020E+00 0.16796995E+00 0.13378690E+00 0.10464409E+00 0.81065523E-01 0.62732811E-01 0.48748414E-01 0.38135015E-01 0.30086334E-01 0.24008001E-01 0.19472162E-01 0.16163448E-01 0.13843263E-01 0.12331777E-01 0.11499555E-01 0.11262662E-01 0.11578656E-01 0.12443112E-01 0.13887230E-01 0.15977303E-01 0.18816995E-01 0.22553641E-01 0.27390163E-01 0.33604452E-01 0.41577985E-01 0.51834441E-01 0.65086789E-01 0.82287310E-01 0.10466955E+00 0.13376677E+00 0.17139341E+00 0.21959073E+00 0.28056115E+00 0.35661182E+00 0.45002634E+00 0.56254589E+00 0.69395464E+00
0.19841091E+00 0.20610548E+00 0.21581293E+00 0.22838797E+00 0.24430440E+00 0.26322722E+00 0.28504493E+00 0.31252545E+00 0.34269819E+00 0.34729033E+00 0.30522296E+00 0.24455526E+00 0.19272872E+00 0.15126143E+00 0.11725125E+00 0.90130585E-01 0.69272120E-01 0.53514855E-01 0.41649239E-01 0.32700066E-01 0.25963190E-01 0.20941915E-01 0.17276276E-01 0.14696697E-01 0.13000524E-01 0.12041142E-01 0.11721851E-01 0.11991068E-01 0.12838232E-01 0.14290897E-01 0.16413843E-01 0.19311190E-01 0.23132802E-01 0.28086624E-01 0.34458910E-01 0.42644146E-01 0.53185438E-01 0.66823716E-01 0.84549834E-01 0.10764807E+00 0.13771523E+00 0.17664249E+00 0.22656422E+00 0.28980281E+00 0.36882939E+00 0.46613665E+00 0.58364492E+00 0.72108586E+00
0.23552430E+00 0.24161829E+00 0.24984438E+00 0.26120838E+00 0.27628251E+00 0.29484255E+00 0.31760451E+00 0.35010670E+00 0.39021866E+00 0.39884341E+00 0.34560084E+00 0.27014762E+00 0.20952703E+00 0.16344959E+00 0.12636727E+00 0.96949463E-01 0.74380038E-01 0.57358551E-01 0.44553532E-01 0.34898868E-01 0.27628433E-01 0.22203748E-01 0.18235325E-01 0.15431381E-01 0.13571897E-01 0.12496604E-01 0.12098259E-01 0.12317379E-01 0.13137699E-01 0.14582850E-01 0.16715118E-01 0.19637300E-01 0.23498949E-01 0.28508702E-01 0.34954632E-01 0.43234443E-01 0.53896242E-01 0.67688110E-01 0.85610385E-01 0.10895888E+00 0.13934308E+00 0.17866685E+00 0.22907692E+00 0.29291016E+00 0.37265909E+00 0.47084406E+00 0.58939388E+00 0.72797497E+00
0.27793145E+00 0.28087788E+00 0.28578106E+00 0.29368622E+00 0.30515291E+00 0.31982285E+00 0.33760758E+00 0.36151782E+00 0.38831610E+00 0.38818013E+00 0.33947477E+00 0.27203884E+00 0.21462715E+00 0.16867021E+00 0.13098638E+00 0.10088918E+00 0.77656777E-01 0.60022344E-01 0.46677599E-01 0.36566825E-01 0.28923409E-01 0.23201591E-01 0.19001454E-01 0.16020084E-01 0.14027024E-01 0.12852908E-01 0.12382923E-01 0.12551473E-01 0.13337418E-01 0.14760479E-01 0.16879678E-01 0.19794845E-01 0.23652484E-01 0.28657619E-01 0.35093563E-01 0.43351320E-01 0.53969310E-01 0.67681570E-01 0.85468289E-01 0.10859696E+00 0.13863821E+00 0.17744351E+00 0.22708937E+00 0.28981743E+00 0.36799080E+00 0.46396426E+00 0.57949635E+00 0.71417214E+00
0.32602924E+00 0.32401150E+00 0.32352071E+00 0.32555123E+00 0.33058153E+00 0.33806308E+00 0.34662758E+00 0.35520001E+00 0.35971269E+00 0.34676348E+00 0.30844281E+00 0.25803020E+00 0.20973170E+00 0.16720271E+00 0.13111621E+00 0.10187598E+00 0.79002470E-01 0.61407854E-01 0.47936721E-01 0.37636212E-01 0.29796441E-01 0.23897272E-01 0.19547173E-01 0.16443482E-01 0.14352721E-01 0.13101486E-01 0.12570809E-01 0.12691137E-01 0.13437605E-01 0.14826303E-01 0.16912470E-01 0.19791600E-01 0.23604704E-01 0.28549285E-01 0.34897842E-01 0.43025506E-01 0.53447418E-01 0.66863955E-01 0.84207847E-01 0.10668174E+00 0.13577051E+00 0.17321496E+00 0.22094881E+00 0.28102431E+00 0.35554802E+00 0.44654759E+00 0.55546110E+00 0.68177915E+00
0.38016075E+00 0.37118916E+00 0.36320084E+00 0.35710879E+00 0.35331842E+00 0.35127310E+00 0.34924986E+00 0.34469438E+00 0.33415332E+00 0.31311213E+00 0.28011734E+00 0.24001197E+00 0.19895989E+00 0.16079622E+00 0.12765410E+00 0.10035107E+00 0.78605377E-01 0.61576936E-01 0.48337358E-01 0.38093421E-01 0.30229471E-01 0.24274280E-01 0.19859350E-01 0.16692045E-01 0.14542783E-01 0.13239096E-01 0.12661371E-01 0.12738413E-01 0.13442964E-01 0.14787998E-01 0.16824729E-01 0.19643292E-01 0.23377254E-01 0.28213374E-01 0.34408299E-01 0.42313632E-01 0.52409878E-01 0.65347445E-01 0.81989012E-01 0.10344247E+00 0.13106924E+00 0.16645407E+00 0.21133451E+00 0.26750965E+00 0.33675015E+00 0.42066009E+00 0.52026590E+00 0.63495856E+00
0.44053271E+00 0.42254643E+00 0.40507267E+00 0.38898594E+00 0.37468402E+00 0.36177724E+00 0.34890931E+00 0.33394398E+00 0.31452580E+00 0.28892208E+00 0.25719605E+00 0.22162539E+00 0.18547597E+00 0.15162094E+00 0.12190617E+00 0.97032180E-01 0.76831741E-01 0.60705344E-01 0.47959739E-01 0.37973512E-01 0.30237049E-01 0.24338183E-01 0.19939932E-01 0.16766705E-01 0.14598490E-01 0.13268167E-01 0.12658736E-01 0.12699616E-01 0.13362557E-01 0.14658084E-01 0.16633416E-01 0.19372718E-01 0.23000756E-01 0.27691228E-01 0.33681248E-01 0.41293276E-01 0.50964884E-01 0.63284649E-01 0.79028955E-01 0.99189780E-01 0.12497925E+00 0.15779676E+00 0.19915353E+00 0.25056753E+00 0.31344993E+00 0.38896169E+00 0.47769974E+00 0.57895288E+00
0.50698194E+00 0.47801129E+00 0.44928702E+00 0.42176427E+00 0.39593729E+00 0.37166934E+00 0.34813093E+00 0.32397404E+00 0.29779113E+00 0.26873748E+00 0.23703540E+00 0.20401237E+00 0.17158515E+00 0.14154976E+00 0.11508669E+00 0.92639945E-01 0.74089262E-01 0.59018761E-01 0.46929154E-01 0.37347546E-01 0.29860686E-01 0.24114029E-01 0.19804717E-01 0.16678252E-01 0.14528282E-01 0.13196561E-01 0.12571465E-01 0.12585033E-01 0.13209355E-01 0.14453276E-01 0.16360285E-01 0.19008375E-01 0.22512807E-01 0.27032889E-01 0.32784037E-01 0.40056245E-01 0.49239258E-01 0.60852918E-01 0.75578042E-01 0.94279023E-01 0.11800530E+00 0.14795785E+00 0.18541323E+00 0.23161179E+00 0.28762882E+00 0.35422802E+00 0.43162621E+00 0.51901510E+00
0.57854070E+00 0.53703118E+00 0.49565811E+00 0.45567045E+00 0.41781523E+00 0.38225241E+00 0.34860153E+00 0.31612586E+00 0.28404502E+00 0.25189760E+00 0.21979586E+00 0.18842453E+00 0.15877566E+00 0.13177926E+00 0.10803243E+00 0.87726139E-01 0.70731467E-01 0.56741737E-01 0.45388984E-01 0.36308080E-01 0.29160785E-01 0.23641700E-01 0.19480603E-01 0.16445660E-01 0.14346698E-01 0.13036843E-01 0.12411952E-01 0.12408314E-01 0.12999539E-01 0.14193582E-01 0.16030658E-01 0.18582765E-01 0.21955575E-01 0.26293642E-01 0.31790001E-01 0.38701098E-01 0.47367275E-01 0.58237523E-01 0.71894491E-01 0.89072221E-01 0.11065541E+00 0.13764750E+00 0.17109876E+00 0.21199657E+00 0.26113240E+00 0.31895715E+00 0.38540131E+00 0.45958575E+00
0.65300999E+00 0.59829543E+00 0.54347756E+00 0.49041823E+00 0.44037241E+00 0.39386427E+00 0.35084059E+00 0.31091607E+00 0.27362046E+00 0.23860963E+00 0.20579562E+00 0.17535088E+00 0.14759244E+00 0.12281692E+00 0.10117589E+00 0.82638260E-01 0.67025145E-01 0.54072169E-01 0.43482250E-01 0.34956422E-01 0.28208077E-01 0.22970285E-01 0.19001936E-01 0.16093721E-01 0.14072803E-01 0.12805157E-01 0.12195527E-01 0.12185646E-01 0.12751608E-01 0.13901230E-01 0.15672050E-01 0.18130557E-01 0.21373274E-01 0.25530485E-01 0.30773448E-01 0.37325918E-01 0.45480132E-01 0.55616212E-01 0.68221682E-01 0.83904857E-01 0.10339274E+00 0.12750237E+00 0.15707680E+00 0.19288478E+00 0.23549450E+00 0.28513749E+00 0.34156556E+00 0.40387788E+00
