Advanced/Day1/qtaim/mof/mof_pl2d.SURFRHOO
DSAA
 161 161
-0.75589045E+01  0.75589045E+01  0.94486307E-01
-0.75589045E+01  0.75589045E+01  0.94486307E-01
 0.00000000E+00  0.00000000E+00
[rows 22 to 43 of 161, columns 96 to 143 of 161]
0.82030483E-05 0.70971375E-05 0.61391972E-05 0.53144933E-05 0.46084414E-05 0.40069224E-05 0.34965291E-05 0.30647516E-05 0.27001037E-05 0.23921990E-05 0.21317827E-05 0.19107262E-05 0.17219920E-05 0.15595753E-05 0.14184291E-05 0.12943774E-05 0.11840217E-05 0.10846464E-05 0.99412370E-06 0.91082310E-06 0.83352643E-06 0.76134987E-06 0.69367421E-06 0.63008322E-06 0.57031120E-06 0.51419820E-06 0.46165374E-06 0.41262730E-06 0.36708587E-06 0.32499694E-06 0.28631701E-06 0.25098377E-06 0.21891222E-06 0.18999328E-06 0.16409461E-06 0.14106313E-06 0.12072827E-06 0.10290619E-06 0.87403890E-07 0.74023561E-07 0.62566611E-07 0.52837092E-07 0.44645509E-07 0.37810237E-07 0.32160359E-07 0.27536859E-07 0.23793495E-07 0.20797298E-07
0.76453321E-05 0.67168762E-05 0.59123621E-05 0.52190331E-05 0.46242610E-05 0.41158274E-05 0.36821453E-05 0.33124274E-05 0.29968029E-05 0.27263878E-05 0.24933167E-05 0.22907398E-05 0.21127923E-05 0.19545421E-05 0.18119204E-05 0.16816423E-05 0.15611193E-05 0.14483697E-05 0.13419292E-05 0.12407649E-05 0.11441935E-05 0.10518075E-05 0.96340763E-06 0.87894491E-06 0.79846999E-06 0.72209151E-06 0.64994218E-06 0.58215248E-06 0.51883050E-06 0.46004901E-06 0.40583626E-06 0.35617220E-06 0.31098774E-06 0.27016690E-06 0.23355134E-06 0.20094587E-06 0.17212520E-06 0.14684103E-06 0.12482894E-06 0.10581565E-06 0.89524688E-07 0.75682224E-07 0.64021772E-07 0.54287856E-07 0.46239656E-07 0.39652093E-07 0.34318087E-07 0.30048969E-07
0.73612742E-05 0.65982619E-05 0.59371021E-05 0.53666357E-05 0.48758341E-05 0.44540517E-05 0.40912277E-05 0.37780400E-05 0.35060143E-05 0.32675899E-05 0.30561503E-05 0.28660216E-05 0.26924441E-05 0.25315225E-05 0.23801600E-05 0.22359807E-05 0.20972451E-05 0.19627612E-05 0.18317963E-05 0.17039912E-05 0.15792792E-05 0.14578115E-05 0.13398905E-05 0.12259114E-05 0.11163126E-05 0.10115351E-05 0.91199021E-06 0.81803497E-06 0.72995544E-06 0.64795597E-06 0.57215444E-06 0.50258156E-06 0.43918521E-06 0.38183641E-06 0.33033821E-06 0.28443577E-06 0.24382715E-06 0.20817449E-06 0.17711475E-06 0.15026987E-06 0.12725584E-06 0.10769121E-06 0.91203548E-07 0.77435267E-07 0.66048059E-07 0.56725800E-07 0.49177247E-07 0.43136295E-07
0.74022685E-05 0.67960728E-05 0.62711541E-05 0.58175634E-05 0.54255070E-05 0.50855791E-05 0.47889481E-05 0.45275008E-05 0.42939457E-05 0.40818761E-05 0.38857994E-05 0.37011348E-05 0.35241850E-05 0.33520864E-05 0.31827411E-05 0.30147380E-05 0.28472647E-05 0.26800156E-05 0.25130995E-05 0.23469486E-05 0.21822341E-05 0.20197871E-05 0.18605282E-05 0.17054067E-05 0.15553490E-05 0.14112175E-05 0.12737787E-05 0.11436797E-05 0.10214341E-05 0.90741506E-06 0.80185370E-06 0.70484428E-06 0.61635279E-06 0.53622907E-06 0.46422092E-06 0.39999038E-06 0.34312973E-06 0.29317802E-06 0.24963661E-06 0.21198404E-06 0.17968914E-06 0.15222268E-06 0.12906701E-06 0.10972445E-06 0.93723162E-07 0.80621882E-07 0.70012809E-07 0.61523988E-07
0.78370410E-05 0.73832605E-05 0.69911839E-05 0.66516642E-05 0.63557611E-05 0.60949604E-05 0.58613533E-05 0.56477755E-05 0.54479080E-05 0.52563390E-05 0.50685923E-05 0.48811231E-05 0.46912869E-05 0.44972847E-05 0.42980895E-05 0.40933593E-05 0.38833400E-05 0.36687635E-05 0.34507443E-05 0.32306790E-05 0.30101510E-05 0.27908420E-05 0.25744545E-05 0.23626439E-05 0.21569631E-05 0.19588176E-05 0.17694328E-05 0.15898321E-05 0.14208241E-05 0.12629998E-05 0.11167361E-05 0.98220701E-06 0.85939857E-06 0.74812835E-06 0.64806722E-06 0.55876253E-06 0.47966206E-06 0.41013681E-06 0.34950397E-06 0.29704713E-06 0.25203484E-06 0.21373710E-06 0.18143884E-06 0.15445143E-06 0.13212108E-06 0.11383584E-06 0.99029393E-07 0.87183666E-07
0.87569292E-05 0.84563947E-05 0.81983819E-05 0.79741003E-05 0.77750482E-05 0.75932292E-05 0.74213314E-05 0.72528691E-05 0.70822848E-05 0.69050130E-05 0.67175074E-05 0.65172337E-05 0.63026317E-05 0.60730513E-05 0.58286665E-05 0.55703735E-05 0.52996761E-05 0.50185663E-05 0.47294019E-05 0.44347877E-05 0.41374623E-05 0.38401952E-05 0.35456947E-05 0.32565297E-05 0.29750664E-05 0.27034171E-05 0.24434060E-05 0.21965466E-05 0.19640321E-05 0.17467365E-05 0.15452248E-05 0.13597718E-05 0.11903857E-05 0.10368369E-05 0.89868975E-06 0.77533559E-06 0.66602590E-06 0.56990505E-06 0.48604142E-06 0.41345530E-06 0.35114532E-06 0.29811046E-06 0.25336913E-06 0.21597459E-06 0.18502735E-06 0.15968380E-06 0.13916296E-06 0.12274928E-06
0.10282299E-04 0.10142308E-04 0.10025313E-04 0.99223747E-05 0.98249643E-05 0.97251854E-05 0.96159653E-05 0.94912068E-05 0.93458980E-05 0.91761807E-05 0.89793767E-05 0.87539759E-05 0.84995879E-05 0.82168610E-05 0.79073769E-05 0.75735232E-05 0.72183521E-05 0.68454322E-05 0.64586964E-05 0.60622952E-05 0.56604564E-05 0.52573586E-05 0.48570188E-05 0.44631976E-05 0.40793229E-05 0.37084315E-05 0.33531302E-05 0.30155732E-05 0.26974544E-05 0.24000155E-05 0.21240640E-05 0.18700017E-05 0.16378606E-05 0.14273435E-05 0.12378689E-05 0.10686168E-05 0.91857483E-06 0.78658300E-06 0.67137594E-06 0.57162189E-06 0.48595777E-06 0.41301960E-06 0.35146827E-06 0.30001127E-06 0.25741893E-06 0.22253688E-06 0.19429478E-06 0.17171093E-06
0.12570321E-04 0.12606176E-04 0.12644268E-04 0.12674922E-04 0.12689034E-04 0.12678327E-04 0.12635560E-04 0.12554701E-04 0.12431059E-04 0.12261350E-04 0.12043733E-04 0.11777786E-04 0.11464443E-04 0.11105885E-04 0.10705407E-04 0.10267254E-04 0.97964347E-05 0.92985330E-05 0.87795133E-05 0.82455307E-05 0.77027528E-05 0.71571987E-05 0.66145973E-05 0.60802691E-05 0.55590321E-05 0.50551327E-05 0.45721995E-05 0.41132214E-05 0.36805432E-05 0.32758818E-05 0.29003553E-05 0.25545249E-05 0.22384456E-05 0.19517244E-05 0.16935811E-05 0.14629117E-05 0.12583508E-05 0.10783324E-05 0.92114729E-06 0.78499515E-06 0.66803195E-06 0.56841104E-06 0.48431829E-06 0.41400038E-06 0.35578765E-06 0.30811126E-06 0.26951445E-06 0.23865996E-06
0.15824390E-04 0.16061329E-04 0.16277438E-04 0.16461589E-04 0.16603448E-04 0.16693780E-04 0.16724695E-04 0.16689863E-04 0.16584657E-04 0.16406252E-04 0.16153644E-04 0.15827630E-04 0.15430708E-04 0.14966943E-04 0.14441780E-04 0.13861827E-04 0.13234616E-04 0.12568345E-04 0.11871628E-04 0.11153240E-04 0.10421892E-04 0.96860141E-05 0.89535799E-05 0.82319523E-05 0.75277674E-05 0.68468493E-05 0.61941575E-05 0.55737631E-05 0.49888523E-05 0.44417513E-05 0.39339722E-05 0.34662722E-05 0.30387261E-05 0.26508041E-05 0.23014567E-05 0.19891996E-05 0.17121981E-05 0.14683484E-05 0.12553540E-05 0.10707957E-05 0.91219445E-06 0.77706646E-06 0.66296967E-06 0.56754218E-06 0.48853266E-06 0.42382318E-06 0.37144479E-06 0.32958786E-06
0.20305520E-04 0.20781169E-04 0.21209293E-04 0.21576420E-04 0.21870178E-04 0.22079665E-04 0.22195763E-04 0.22211401E-04 0.22121743E-04 0.21924301E-04 0.21618965E-04 0.21207955E-04 0.20695698E-04 0.20088634E-04 0.19394967E-04 0.18624371E-04 0.17787667E-04 0.16896477E-04 0.15962889E-04 0.14999123E-04 0.14017225E-04 0.13028793E-04 0.12044739E-04 0.11075094E-04 0.10128866E-04 0.92139286E-05 0.83369642E-05 0.75034393E-05 0.67176169E-05 0.59825985E-05 0.53003890E-05 0.46719826E-05 0.40974606E-05 0.35761000E-05 0.31064869E-05 0.26866297E-05 0.23140727E-05 0.19860031E-05 0.16993526E-05 0.14508897E-05 0.12373028E-05 0.10552726E-05 0.90153374E-06 0.77292584E-06 0.66643368E-06 0.57921759E-06 0.50863496E-06 0.45225351E-06
0.26346181E-04 0.27113669E-04 0.27801682E-04 0.28393282E-04 0.28873035E-04 0.29227482E-04 0.29445555E-04 0.29518912E-04 0.29442180E-04 0.29213101E-04 0.28832563E-04 0.28304534E-04 0.27635881E-04 0.26836109E-04 0.25917016E-04 0.24892293E-04 0.23777083E-04 0.22587517E-04 0.21340257E-04 0.20052053E-04 0.18739334E-04 0.17417846E-04 0.16102340E-04 0.14806329E-04 0.13541893E-04 0.12319559E-04 0.11148221E-04 0.10035132E-04 0.89859204E-05 0.80046607E-05 0.70939653E-05 0.62551043E-05 0.54881405E-05 0.47920759E-05 0.41650027E-05 0.36042555E-05 0.31065600E-05 0.26681739E-05 0.22850201E-05 0.19528078E-05 0.16671404E-05 0.14236110E-05 0.12178823E-05 0.10457537E-05 0.90321413E-06 0.78648227E-06 0.69203523E-06 0.61662625E-06
0.34367137E-04 0.35499082E-04 0.36512336E-04 0.37385049E-04 0.38097410E-04 0.38632275E-04 0.38975711E-04 0.39117438E-04 0.39051162E-04 0.38774750E-04 0.38290277E-04 0.37603917E-04 0.36725699E-04 0.35669139E-04 0.34450765E-04 0.33089568E-04 0.31606397E-04 0.30023335E-04 0.28363074E-04 0.26648321E-04 0.24901256E-04 0.23143047E-04 0.21393450E-04 0.19670490E-04 0.17990218E-04 0.16366561E-04 0.14811244E-04 0.13333777E-04 0.11941504E-04 0.10639702E-04 0.94317164E-05 0.83191246E-05 0.73019221E-05 0.63787182E-05 0.55469372E-05 0.48030194E-05 0.41426144E-05 0.35607676E-05 0.30520905E-05 0.26109185E-05 0.22314508E-05 0.19078733E-05 0.16344626E-05 0.14056727E-05 0.12162036E-05 0.10610544E-05 0.93556019E-06 0.83541653E-06
0.44898114E-04 0.46491743E-04 0.47917686E-04 0.49147305E-04 0.50154718E-04 0.50917628E-04 0.51418062E-04 0.51642969E-04 0.51584653E-04 0.51241017E-04 0.50615607E-04 0.49717463E-04 0.48560767E-04 0.47164335E-04 0.45550961E-04 0.43746656E-04 0.41779828E-04 0.39680420E-04 0.37479076E-04 0.35206332E-04 0.32891897E-04 0.30564013E-04 0.28248930E-04 0.25970497E-04 0.23749864E-04 0.21605296E-04 0.19552094E-04 0.17602601E-04 0.15766286E-04 0.14049887E-04 0.12457609E-04 0.10991349E-04 0.96509489E-05 0.84344544E-05 0.73383855E-05 0.63579959E-05 0.54875273E-05 0.47204475E-05 0.40496717E-05 0.34677644E-05 0.29671177E-05 0.25401092E-05 0.21792347E-05 0.18772201E-05 0.16271090E-05 0.14223315E-05 0.12567524E-05 0.11247035E-05
0.58603359E-04 0.60787112E-04 0.62741259E-04 0.64427926E-04 0.65812934E-04 0.66866927E-04 0.67566372E-04 0.67894368E-04 0.67841228E-04 0.67404810E-04 0.66590561E-04 0.65411298E-04 0.63886720E-04 0.62042693E-04 0.59910345E-04 0.57525016E-04 0.54925132E-04 0.52151033E-04 0.49243836E-04 0.46244359E-04 0.43192146E-04 0.40124637E-04 0.37076481E-04 0.34079011E-04 0.31159880E-04 0.28342847E-04 0.25647697E-04 0.23090282E-04 0.20682661E-04 0.18433314E-04 0.16347417E-04 0.14427160E-04 0.12672081E-04 0.11079419E-04 0.96444650E-05 0.83609000E-05 0.72211244E-05 0.62165624E-05 0.53379443E-05 0.45755616E-05 0.39194953E-05 0.33598126E-05 0.28867371E-05 0.24907893E-05 0.21628990E-05 0.18944923E-05 0.16775542E-05 0.15046700E-05
0.76313606E-04 0.79255715E-04 0.81889410E-04 0.84164357E-04 0.86035159E-04 0.87462895E-04 0.88416481E-04 0.88873770E-04 0.88822346E-04 0.88259957E-04 0.87194572E-04 0.85644054E-04 0.83635476E-04 0.81204127E-04 0.78392254E-04 0.75247614E-04 0.71821927E-04 0.68169284E-04 0.64344599E-04 0.60402166E-04 0.56394362E-04 0.52370554E-04 0.48376208E-04 0.44452232E-04 0.40634526E-04 0.36953747E-04 0.33435247E-04 0.30099173E-04 0.26960686E-04 0.24030283E-04 0.21314188E-04 0.18814778E-04 0.16531049E-04 0.14459078E-04 0.12592481E-04 0.10922854E-04 0.94401921E-05 0.81332780E-05 0.69900376E-05 0.59978605E-05 0.51438846E-05 0.44152439E-05 0.37992804E-05 0.32837187E-05 0.28568089E-05 0.25074349E-05 0.22251948E-05 0.20004536E-05
0.99066503E-04 0.10298620E-03 0.10649677E-03 0.10953115E-03 0.11202887E-03 0.11393813E-03 0.11521766E-03 0.11583827E-03 0.11578387E-03 0.11505205E-03 0.11365419E-03 0.11161496E-03 0.10897134E-03 0.10577124E-03 0.10207180E-03 0.97937313E-04 0.93437167E-04 0.88643644E-04 0.83629826E-04 0.78467661E-04 0.73226241E-04 0.67970362E-04 0.62759382E-04 0.57646397E-04 0.52677704E-04 0.47892556E-04 0.43323141E-04 0.38994783E-04 0.34926284E-04 0.31130396E-04 0.27614375E-04 0.24380572E-04 0.21427054E-04 0.18748219E-04 0.16335397E-04 0.14177412E-04 0.12261121E-04 0.10571896E-04 0.90940759E-05 0.78113571E-05 0.67071504E-05 0.57648846E-05 0.49682673E-05 0.43015025E-05 0.37494641E-05 0.32978335E-05 0.29331984E-05 0.26431202E-05
0.12815833E-03 0.13334059E-03 0.13798470E-03 0.14200122E-03 0.14530947E-03 0.14784037E-03 0.14953903E-03 0.15036677E-03 0.15030263E-03 0.14934410E-03 0.14750719E-03 0.14482578E-03 0.14135023E-03 0.13714546E-03 0.13228849E-03 0.12686576E-03 0.12097012E-03 0.11469795E-03 0.10814627E-03 0.10141013E-03 0.94580369E-04 0.87741717E-04 0.80971318E-04 0.74337719E-04 0.67900250E-04 0.61708782E-04 0.55803808E-04 0.50216783E-04 0.44970667E-04 0.40080614E-04 0.35554745E-04 0.31394974E-04 0.27597840E-04 0.24155319E-04 0.21055604E-04 0.18283832E-04 0.15822755E-04 0.13653352E-04 0.11755377E-04 0.10107846E-04 0.86894669E-05 0.74790114E-05 0.64556304E-05 0.55991172E-05 0.48901217E-05 0.43103154E-05 0.38425148E-05 0.34707651E-05
0.16521073E-03 0.17202575E-03 0.17813711E-03 0.18342544E-03 0.18778301E-03 0.19111760E-03 0.19335606E-03 0.19444709E-03 0.19436328E-03 0.19310211E-03 0.19068599E-03 0.18716134E-03 0.18259660E-03 0.17707961E-03 0.17071417E-03 0.16361625E-03 0.15591002E-03 0.14772375E-03 0.13918601E-03 0.13042215E-03 0.12155128E-03 0.11268381E-03 0.10391963E-03 0.95346800E-04 0.87040891E-04 0.79064788E-04 0.71468936E-04 0.64291911E-04 0.57561257E-04 0.51294486E-04 0.45500170E-04 0.40179080E-04 0.35325303E-04 0.30927319E-04 0.26969009E-04 0.23430587E-04 0.20289437E-04 0.17520867E-04 0.15098786E-04 0.12996289E-04 0.11186173E-04 0.96413785E-05 0.83353723E-05 0.72424553E-05 0.63380203E-05 0.55987514E-05 0.50027708E-05 0.45297424E-05
0.21225755E-03 0.22118662E-03 0.22919950E-03 0.23613680E-03 0.24185453E-03 0.24622950E-03 0.24916413E-03 0.25059031E-03 0.25047211E-03 0.24880723E-03 0.24562696E-03 0.24099480E-03 0.23500378E-03 0.22777269E-03 0.21944133E-03 0.21016531E-03 0.20011054E-03 0.18944765E-03 0.17834683E-03 0.16697313E-03 0.15548243E-03 0.14401829E-03 0.13270956E-03 0.12166890E-03 0.11099200E-03 0.10075757E-03 0.91027787E-04 0.81849312E-04 0.73254490E-04 0.65262826E-04 0.57882530E-04 0.51112072E-04 0.44941695E-04 0.39354840E-04 0.34329445E-04 0.29839125E-04 0.25854226E-04 0.22342739E-04 0.19271119E-04 0.16604981E-04 0.14309710E-04 0.12350980E-04 0.10695193E-04 0.93098461E-05 0.81638279E-05 0.72276528E-05 0.64736378E-05 0.58760216E-05
0.27185810E-03 0.28352809E-03 0.29400868E-03 0.30308693E-03 0.31057027E-03 0.31629398E-03 0.32012776E-03 0.32198104E-03 0.32180675E-03 0.31960318E-03 0.31541393E-03 0.30932592E-03 0.30146561E-03 0.29199367E-03 0.28109849E-03 0.26898891E-03 0.25588661E-03 0.24201856E-03 0.22760996E-03 0.21287795E-03 0.19802629E-03 0.18324124E-03 0.16868859E-03 0.15451188E-03 0.14083162E-03 0.12774555E-03 0.11532951E-03 0.10363901E-03 0.92711038E-04 0.82566223E-04 0.73210975E-04 0.64639647E-04 0.56836567E-04 0.49777922E-04 0.43433436E-04 0.37767864E-04 0.32742291E-04 0.28315250E-04 0.24443684E-04 0.21083772E-04 0.18191621E-04 0.15723867E-04 0.13638175E-04 0.11893646E-04 0.10451164E-04 0.92736578E-05 0.83263023E-05 0.75766616E-05
0.34724503E-03 0.36247431E-03 0.37616263E-03 0.38802523E-03 0.39780437E-03 0.40527954E-03 0.41027657E-03 0.41267493E-03 0.41241285E-03 0.40948988E-03 0.40396672E-03 0.39596239E-03 0.38564888E-03 0.37324373E-03 0.35900098E-03 0.34320107E-03 0.32614041E-03 0.30812099E-03 0.28944085E-03 0.27038562E-03 0.25122144E-03 0.23218969E-03 0.21350318E-03 0.19534415E-03 0.17786361E-03 0.16118197E-03 0.14539065E-03 0.13055441E-03 0.11671414E-03 0.10388989E-03 0.92083938E-04 0.81283717E-04 0.71464605E-04 0.62592378E-04 0.54625393E-04 0.47516465E-04 0.41214468E-04 0.35665671E-04 0.30814871E-04 0.26606330E-04 0.22984562E-04 0.19894989E-04 0.17284492E-04 0.15101864E-04 0.13298179E-04 0.11827084E-04 0.10645022E-04 0.97113903E-05
0.44251687E-03 0.46237649E-03 0.48024215E-03 0.49573269E-03 0.50850276E-03 0.51825684E-03 0.52476183E-03 0.52785708E-03 0.52746147E-03 0.52357681E-03 0.51628757E-03 0.50575680E-03 0.49221864E-03 0.47596789E-03 0.45734743E-03 0.43673425E-03 0.41452499E-03 0.39112182E-03 0.36691941E-03 0.34229353E-03 0.31759180E-03 0.29312672E-03 0.26917105E-03 0.24595549E-03 0.22366830E-03 0.20245666E-03 0.18242929E-03 0.16366003E-03 0.14619192E-03 0.13004155E-03 0.11520335E-03 0.10165370E-03 0.89354590E-04 0.78256917E-04 0.68303295E-04 0.59430413E-04 0.51570987E-04 0.44655352E-04 0.38612753E-04 0.33372398E-04 0.28864306E-04 0.25020005E-04 0.21773111E-04 0.19059789E-04 0.16819144E-04 0.14993523E-04 0.13528746E-04 0.12374272E-04
