Advanced/Day1/qtaim/mof/mof_pl2d.SURFVIRI
DSAA
 161 161
-0.75589045E+01  0.75589045E+01  0.94486307E-01
-0.75589045E+01  0.75589045E+01  0.94486307E-01
 0.00000000E+00  0.00000000E+00
[rows 42 to 62 of 161, columns 47 to 93 of 161]
-0.22007257E-04 -0.22180258E-04 -0.22278782E-04 -0.22300893E-04 -0.22245625E-04 -0.22113342E-04 -0.21905797E-04 -0.21626498E-04 -0.21280934E-04 -0.20876827E-04 -0.20424266E-04 -0.19935906E-04 -0.19426968E-04 -0.18915260E-04 -0.18421009E-04 -0.17966772E-04 -0.17577136E-04 -0.17278462E-04 -0.17098483E-04 -0.17066088E-04 -0.17210898E-04 -0.17562977E-04 -0.18152544E-04 -0.19009734E-04 -0.20164403E-04 -0.21645987E-04 -0.23483397E-04 -0.25704967E-04 -0.28338330E-04 -0.31410452E-04 -0.34947446E-04 -0.38974308E-04 -0.43514825E-04 -0.48590722E-04 -0.54221150E-04 -0.60421507E-04 -0.67202214E-04 -0.74566955E-04 -0.82510836E-04 -0.91018152E-04 -0.10006009E-03 -0.10959245E-03 -0.11955354E-03 -0.12986251E-03 -0.14041830E-03 -0.15109945E-03 -0.16176502E-03
-0.29095278E-04 -0.29332990E-04 -0.29473762E-04 -0.29514408E-04 -0.29452968E-04 -0.29288872E-04 -0.29023423E-04 -0.28660187E-04 -0.28205340E-04 -0.27668086E-04 -0.27060909E-04 -0.26399759E-04 -0.25704146E-04 -0.24997084E-04 -0.24304922E-04 -0.23657079E-04 -0.23085600E-04 -0.22624797E-04 -0.22310685E-04 -0.22180509E-04 -0.22272165E-04 -0.22623871E-04 -0.23273699E-04 -0.24259287E-04 -0.25617635E-04 -0.27384988E-04 -0.29596810E-04 -0.32287835E-04 -0.35492163E-04 -0.39243243E-04 -0.43574190E-04 -0.48517407E-04 -0.54104526E-04 -0.60365807E-04 -0.67329289E-04 -0.75019513E-04 -0.83455718E-04 -0.92649639E-04 -0.10260273E-03 -0.11330297E-03 -0.12472155E-03 -0.13680929E-03 -0.14949345E-03 -0.16267492E-03 -0.17622368E-03 -0.18998787E-03 -0.20378131E-03
-0.38314875E-04 -0.38649464E-04 -0.38859206E-04 -0.38938948E-04 -0.38884671E-04 -0.38694104E-04 -0.38367298E-04 -0.37907202E-04 -0.37320332E-04 -0.36617278E-04 -0.35813145E-04 -0.34927834E-04 -0.33986157E-04 -0.33017742E-04 -0.32056776E-04 -0.31141552E-04 -0.30313895E-04 -0.29618411E-04 -0.29101827E-04 -0.28812157E-04 -0.28797994E-04 -0.29107883E-04 -0.29789712E-04 -0.30890464E-04 -0.32455911E-04 -0.34530596E-04 -0.37157959E-04 -0.40380581E-04 -0.44240481E-04 -0.48779714E-04 -0.54040362E-04 -0.60065043E-04 -0.66896650E-04 -0.74577965E-04 -0.83150668E-04 -0.92653722E-04 -0.10312102E-03 -0.11457825E-03 -0.12703896E-03 -0.14050000E-03 -0.15493638E-03 -0.17029607E-03 -0.18649118E-03 -0.20340655E-03 -0.22087900E-03 -0.23870647E-03 -0.25664625E-03
-0.50252363E-04 -0.50732289E-04 -0.51052997E-04 -0.51205962E-04 -0.51183745E-04 -0.50980933E-04 -0.50594968E-04 -0.50027165E-04 -0.49283597E-04 -0.48375930E-04 -0.47322065E-04 -0.46146566E-04 -0.44880804E-04 -0.43562817E-04 -0.42236894E-04 -0.40952877E-04 -0.39765292E-04 -0.38732289E-04 -0.37914535E-04 -0.37374027E-04 -0.37173122E-04 -0.37373559E-04 -0.38035752E-04 -0.39218344E-04 -0.40977935E-04 -0.43369299E-04 -0.46445669E-04 -0.50259297E-04 -0.54862456E-04 -0.60308061E-04 -0.66650617E-04 -0.73946804E-04 -0.82255836E-04 -0.91639087E-04 -0.10215905E-03 -0.11387727E-03 -0.12685121E-03 -0.14112981E-03 -0.15674788E-03 -0.17371658E-03 -0.19202531E-03 -0.21162112E-03 -0.23240843E-03 -0.25424089E-03 -0.27691379E-03 -0.30016440E-03 -0.32367027E-03
-0.65640831E-04 -0.66338441E-04 -0.66834837E-04 -0.67115920E-04 -0.67168618E-04 -0.66982129E-04 -0.66549294E-04 -0.65868032E-04 -0.64942739E-04 -0.63785512E-04 -0.62417113E-04 -0.60867567E-04 -0.59176366E-04 -0.57392240E-04 -0.55572512E-04 -0.53782077E-04 -0.52092068E-04 -0.50578323E-04 -0.49319729E-04 -0.48396581E-04 -0.47889057E-04 -0.47875880E-04 -0.48433415E-04 -0.49635034E-04 -0.51550992E-04 -0.54248776E-04 -0.57793730E-04 -0.62250590E-04 -0.67684605E-04 -0.74163326E-04 -0.81758255E-04 -0.90546131E-04 -0.10060991E-03 -0.11203868E-03 -0.12492655E-03 -0.13937006E-03 -0.15546382E-03 -0.17329158E-03 -0.19292711E-03 -0.21441292E-03 -0.23775410E-03 -0.26290719E-03 -0.28976653E-03 -0.31815374E-03 -0.34780917E-03 -0.37838684E-03 -0.40945402E-03
-0.85390351E-04 -0.86412150E-04 -0.87181471E-04 -0.87675465E-04 -0.87872108E-04 -0.87751906E-04 -0.87300012E-04 -0.86508385E-04 -0.85377865E-04 -0.83919948E-04 -0.82158169E-04 -0.80128959E-04 -0.77881881E-04 -0.75479271E-04 -0.72995269E-04 -0.70514313E-04 -0.68129209E-04 -0.65938904E-04 -0.64046095E-04 -0.62554890E-04 -0.61568629E-04 -0.61188074E-04 -0.61510032E-04 -0.62626721E-04 -0.64625686E-04 -0.67590414E-04 -0.71602085E-04 -0.76741137E-04 -0.83090195E-04 -0.90736778E-04 -0.99776190E-04 -0.11031408E-03 -0.12246816E-03 -0.13636886E-03 -0.15215809E-03 -0.16998616E-03 -0.19000075E-03 -0.21235273E-03 -0.23716600E-03 -0.26453330E-03 -0.29449695E-03 -0.32703064E-03 -0.36202110E-03 -0.39925137E-03 -0.43838730E-03 -0.47896928E-03 -0.52041068E-03
-0.11062244E-03 -0.11212161E-03 -0.11330560E-03 -0.11413833E-03 -0.11458384E-03 -0.11460917E-03 -0.11418748E-03 -0.11330120E-03 -0.11194498E-03 -0.11012827E-03 -0.10787724E-03 -0.10523591E-03 -0.10226641E-03 -0.99048407E-04 -0.95677651E-04 -0.92263839E-04 -0.88927854E-04 -0.85798622E-04 -0.83009769E-04 -0.80696318E-04 -0.78991653E-04 -0.78025018E-04 -0.77919708E-04 -0.78792207E-04 -0.80752186E-04 -0.83904177E-04 -0.88349457E-04 -0.94189681E-04 -0.10153101E-03 -0.11048873E-03 -0.12119210E-03 -0.13378861E-03 -0.14844720E-03 -0.16535994E-03 -0.18473684E-03 -0.20681290E-03 -0.23182559E-03 -0.26001001E-03 -0.29157970E-03 -0.32670498E-03 -0.36548776E-03 -0.40793426E-03 -0.45392749E-03 -0.50320171E-03 -0.55532189E-03 -0.60967051E-03 -0.66544444E-03
-0.14270806E-03 -0.14489923E-03 -0.14669796E-03 -0.14804816E-03 -0.14889321E-03 -0.14918014E-03 -0.14886433E-03 -0.14791394E-03 -0.14631418E-03 -0.14407079E-03 -0.14121256E-03 -0.13779279E-03 -0.13388949E-03 -0.12960441E-03 -0.12506092E-03 -0.12040104E-03 -0.11578160E-03 -0.11136996E-03 -0.10733940E-03 -0.10386469E-03 -0.10111791E-03 -0.99265051E-04 -0.98463629E-04 -0.98861497E-04 -0.10059761E-03 -0.10380363E-03 -0.10860800E-03 -0.11514112E-03 -0.12354186E-03 -0.13396495E-03 -0.14658858E-03 -0.16162104E-03 -0.17930661E-03 -0.19992368E-03 -0.22379737E-03 -0.25127613E-03 -0.28272985E-03 -0.31852899E-03 -0.35901909E-03 -0.40448885E-03 -0.45513284E-03 -0.51101093E-03 -0.57200727E-03 -0.63779228E-03 -0.70779160E-03 -0.78116618E-03 -0.85680698E-03
-0.18330998E-03 -0.18648503E-03 -0.18917047E-03 -0.19128092E-03 -0.19272985E-03 -0.19343578E-03 -0.19332895E-03 -0.19235772E-03 -0.19049424E-03 -0.18773909E-03 -0.18412446E-03 -0.17971567E-03 -0.17461117E-03 -0.16894081E-03 -0.16286305E-03 -0.15656064E-03 -0.15023564E-03 -0.14410368E-03 -0.13838803E-03 -0.13331361E-03 -0.12910164E-03 -0.12596507E-03 -0.12410541E-03 -0.12371166E-03 -0.12496079E-03 -0.12802116E-03 -0.13305810E-03 -0.14024196E-03 -0.14975796E-03 -0.16181729E-03 -0.17666885E-03 -0.19460994E-03 -0.21598951E-03 -0.24122948E-03 -0.27080249E-03 -0.30523595E-03 -0.34509205E-03 -0.39094074E-03 -0.44332246E-03 -0.50270119E-03 -0.56940964E-03 -0.64358949E-03 -0.72513095E-03 -0.81361690E-03 -0.90827734E-03 -0.10079602E-02 -0.11111239E-02
-0.23443132E-03 -0.23897408E-03 -0.24290111E-03 -0.24608521E-03 -0.24839794E-03 -0.24971874E-03 -0.24994420E-03 -0.24899700E-03 -0.24683329E-03 -0.24344840E-03 -0.23888040E-03 -0.23321142E-03 -0.22656688E-03 -0.21911279E-03 -0.21105155E-03 -0.20261629E-03 -0.19406456E-03 -0.18567104E-03 -0.17772011E-03 -0.17049849E-03 -0.16428836E-03 -0.15936160E-03 -0.15597608E-03 -0.15437377E-03 -0.15478226E-03 -0.15741945E-03 -0.16250183E-03 -0.17025616E-03 -0.18093390E-03 -0.19482793E-03 -0.21228660E-03 -0.23373945E-03 -0.25969804E-03 -0.29077015E-03 -0.32765723E-03 -0.37114273E-03 -0.42206718E-03 -0.48128894E-03 -0.54962966E-03 -0.62780580E-03 -0.71634849E-03 -0.81551639E-03 -0.92520798E-03 -0.10448807E-02 -0.11734861E-02 -0.13094283E-02 -0.14505554E-02
-0.29847534E-03 -0.30487221E-03 -0.31048310E-03 -0.31512251E-03 -0.31860509E-03 -0.32075880E-03 -0.32143782E-03 -0.32053441E-03 -0.31798807E-03 -0.31379207E-03 -0.30799664E-03 -0.30070926E-03 -0.29209227E-03 -0.28235835E-03 -0.27176448E-03 -0.26060477E-03 -0.24920255E-03 -0.23790198E-03 -0.22705930E-03 -0.21703438E-03 -0.20818260E-03 -0.20084816E-03 -0.19535916E-03 -0.19202588E-03 -0.19114281E-03 -0.19299549E-03 -0.19787187E-03 -0.20607900E-03 -0.21796392E-03 -0.23393408E-03 -0.25449270E-03 -0.28024940E-03 -0.31194652E-03 -0.35046838E-03 -0.39683998E-03 -0.45221009E-03 -0.51781537E-03 -0.59492290E-03 -0.68475116E-03 -0.78837036E-03 -0.90658646E-03 -0.10398157E-02 -0.11879591E-02 -0.13502879E-02 -0.15253534E-02 -0.17109313E-02 -0.19040134E-02
-0.37832876E-03 -0.38717189E-03 -0.39498976E-03 -0.40151739E-03 -0.40649448E-03 -0.40968415E-03 -0.41089075E-03 -0.40997471E-03 -0.40686357E-03 -0.40155815E-03 -0.39413411E-03 -0.38473950E-03 -0.37358911E-03 -0.36095689E-03 -0.34716723E-03 -0.33258591E-03 -0.31761112E-03 -0.30266444E-03 -0.28818193E-03 -0.27460540E-03 -0.26237397E-03 -0.25191669E-03 -0.24364724E-03 -0.23796246E-03 -0.23524483E-03 -0.23587179E-03 -0.24023159E-03 -0.24874608E-03 -0.26189633E-03 -0.28026666E-03 -0.30456701E-03 -0.33567395E-03 -0.37465610E-03 -0.42278950E-03 -0.48155567E-03 -0.55261649E-03 -0.63776216E-03 -0.73882771E-03 -0.85757847E-03 -0.99556659E-03 -0.11539649E-02 -0.13333886E-02 -0.15337189E-02 -0.17539449E-02 -0.19920412E-02 -0.22448989E-02 -0.25083208E-02
-0.47749284E-03 -0.48947355E-03 -0.50008144E-03 -0.50894534E-03 -0.51570900E-03 -0.52005761E-03 -0.52174169E-03 -0.52059542E-03 -0.51654852E-03 -0.50963034E-03 -0.49996715E-03 -0.48777405E-03 -0.47334331E-03 -0.45703135E-03 -0.43924604E-03 -0.42043546E-03 -0.40107842E-03 -0.38167647E-03 -0.36274684E-03 -0.34481535E-03 -0.32840991E-03 -0.31405344E-03 -0.30226007E-03 -0.29353278E-03 -0.28836820E-03 -0.28726833E-03 -0.29076147E-03 -0.29942943E-03 -0.31395697E-03 -0.33516549E-03 -0.36406908E-03 -0.40191966E-03 -0.45024450E-03 -0.51086711E-03 -0.58590311E-03 -0.67772330E-03 -0.78887697E-03 -0.92197170E-03 -0.10795085E-02 -0.12636769E-02 -0.14761204E-02 -0.17176873E-02 -0.19881880E-02 -0.22861819E-02 -0.26088197E-02 -0.29517612E-02 -0.33091857E-02
-0.60029890E-03 -0.61619425E-03 -0.63020205E-03 -0.64181131E-03 -0.65054981E-03 -0.65600382E-03 -0.65787730E-03 -0.65599479E-03 -0.65031730E-03 -0.64094162E-03 -0.62808899E-03 -0.61208649E-03 -0.59334466E-03 -0.57233515E-03 -0.54957157E-03 -0.52559526E-03 -0.50096652E-03 -0.47626029E-03 -0.45206433E-03 -0.42897824E-03 -0.40761225E-03 -0.38858405E-03 -0.37251699E-03 -0.36004028E-03 -0.35179516E-03 -0.34844987E-03 -0.35072649E-03 -0.35943372E-03 -0.37553966E-03 -0.40020795E-03 -0.43487862E-03 -0.48132809E-03 -0.54171980E-03 -0.61863108E-03 -0.71504454E-03 -0.83429255E-03 -0.97994555E-03 -0.11556389E-02 -0.13648380E-02 -0.16105502E-02 -0.18949976E-02 -0.22192769E-02 -0.25830332E-02 -0.29841842E-02 -0.34187246E-02 -0.38806392E-02 -0.43619415E-02
-0.75231380E-03 -0.77297588E-03 -0.79098475E-03 -0.80564652E-03 -0.81633570E-03 -0.82254722E-03 -0.82393832E-03 -0.82035491E-03 -0.81184396E-03 -0.79862484E-03 -0.78109287E-03 -0.75976123E-03 -0.73522582E-03 -0.70812697E-03 -0.67911907E-03 -0.64885162E-03 -0.61796231E-03 -0.58708014E-03 -0.55683491E-03 -0.52786968E-03 -0.50085007E-03 -0.47647214E-03 -0.45546660E-03 -0.43860345E-03 -0.42670095E-03 -0.42064466E-03 -0.42141407E-03 -0.43015082E-03 -0.44820295E-03 -0.47721820E-03 -0.51922846E-03 -0.57673321E-03 -0.65276545E-03 -0.75092434E-03 -0.87535768E-03 -0.10306783E-02 -0.12218019E-02 -0.14536999E-02 -0.17310695E-02 -0.20579335E-02 -0.24371957E-02 -0.28701865E-02 -0.33562410E-02 -0.38923555E-02 -0.44729611E-02 -0.50898457E-02 -0.57322380E-02
-0.94098428E-03 -0.96736752E-03 -0.98996997E-03 -0.10078568E-02 -0.10202142E-02 -0.10264224E-02 -0.10261121E-02 -0.10191968E-02 -0.10058763E-02 -0.98661187E-03 -0.96207624E-03 -0.93309194E-03 -0.90054136E-03 -0.86533046E-03 -0.82831655E-03 -0.79028605E-03 -0.75194930E-03 -0.71395690E-03 -0.67692873E-03 -0.64148965E-03 -0.60830323E-03 -0.57809854E-03 -0.55168903E-03 -0.52998633E-03 -0.51401497E-03 -0.50493045E-03 -0.50407391E-03 -0.51301380E-03 -0.53363957E-03 -0.56826128E-03 -0.61972119E-03 -0.69150063E-03 -0.78780282E-03 -0.91358916E-03 -0.10745456E-02 -0.12769570E-02 -0.15274739E-02 -0.18327639E-02 -0.21990557E-02 -0.26315966E-02 -0.31340636E-02 -0.37079784E-02 -0.43521865E-02 -0.50624540E-02 -0.58312286E-02 -0.66475882E-02 -0.74973817E-02
-0.11767596E-02 -0.12100447E-02 -0.12379252E-02 -0.12591409E-02 -0.12726267E-02 -0.12776164E-02 -0.12737220E-02 -0.12609773E-02 -0.12398382E-02 -0.12111385E-02 -0.11760058E-02 -0.11357504E-02 -0.10917430E-02 -0.10453067E-02 -0.99760796E-03 -0.94964258E-03 -0.90220422E-03 -0.85592407E-03 -0.81133295E-03 -0.76893710E-03 -0.72929332E-03 -0.69307260E-03 -0.66110737E-03 -0.63442389E-03 -0.61426348E-03 -0.60212448E-03 -0.59979281E-03 -0.60942113E-03 -0.63362652E-03 -0.67561516E-03 -0.73932070E-03 -0.82953630E-03 -0.95201389E-03 -0.11134994E-02 -0.13216716E-02 -0.15849553E-02 -0.19121896E-02 -0.23121461E-02 -0.27929128E-02 -0.33611805E-02 -0.40214934E-02 -0.47755345E-02 -0.56215236E-02 -0.65537871E-02 -0.75625384E-02 -0.86338670E-02 -0.97499122E-02
-0.14748619E-02 -0.15167885E-02 -0.15510495E-02 -0.15759257E-02 -0.15899855E-02 -0.15922343E-02 -0.15822335E-02 -0.15601695E-02 -0.15268608E-02 -0.14836940E-02 -0.14324962E-02 -0.13753565E-02 -0.13144246E-02 -0.12517154E-02 -0.11889526E-02 -0.11274808E-02 -0.10682234E-02 -0.10117722E-02 -0.95846805E-03 -0.90854909E-03 -0.86229644E-03 -0.82016275E-03 -0.78287154E-03 -0.75148577E-03 -0.72744650E-03 -0.71263559E-03 -0.70940016E-03 -0.72064726E-03 -0.74995445E-03 -0.80171655E-03 -0.88131035E-03 -0.99525113E-03 -0.11513047E-02 -0.13585123E-02 -0.16270849E-02 -0.19681305E-02 -0.23931914E-02 -0.29135949E-02 -0.35396477E-02 -0.42797392E-02 -0.51394417E-02 -0.61207068E-02 -0.72212465E-02 -0.84341470E-02 -0.97477128E-02 -0.11145480E-01 -0.12606307E-01
-0.18579882E-02 -0.19115704E-02 -0.19544790E-02 -0.19843133E-02 -0.19990515E-02 -0.19972727E-02 -0.19783477E-02 -0.19425668E-02 -0.18911811E-02 -0.18263338E-02 -0.17508832E-02 -0.16681320E-02 -0.15814981E-02 -0.14941811E-02 -0.14088786E-02 -0.13275968E-02 -0.12515891E-02 -0.11814247E-02 -0.11171415E-02 -0.10585164E-02 -0.10053009E-02 -0.95746800E-03 -0.91540403E-03 -0.88003801E-03 -0.85294443E-03 -0.83638252E-03 -0.83336689E-03 -0.84774900E-03 -0.88434091E-03 -0.94907890E-03 -0.10492102E-02 -0.11934686E-02 -0.13921899E-02 -0.16573120E-02 -0.20022012E-02 -0.24412625E-02 -0.29893130E-02 -0.36607374E-02 -0.44684858E-02 -0.54230203E-02 -0.65313375E-02 -0.77961956E-02 -0.92156233E-02 -0.10782707E-01 -0.12485548E-01 -0.14307188E-01 -0.16225294E-01
-0.23602139E-02 -0.24310931E-02 -0.24875403E-02 -0.25260893E-02 -0.25436977E-02 -0.25380846E-02 -0.25080537E-02 -0.24537510E-02 -0.23768038E-02 -0.22802932E-02 -0.21685388E-02 -0.20467020E-02 -0.19202623E-02 -0.17944485E-02 -0.16737164E-02 -0.15613742E-02 -0.14594094E-02 -0.13685393E-02 -0.12884652E-02 -0.12182303E-02 -0.11567056E-02 -0.11029792E-02 -0.10567146E-02 -0.10184157E-02 -0.98957379E-03 -0.97277055E-03 -0.97174672E-03 -0.99148555E-03 -0.10383364E-02 -0.11201847E-02 -0.12466493E-02 -0.14292643E-02 -0.16815819E-02 -0.20191242E-02 -0.24591126E-02 -0.30199286E-02 -0.37202975E-02 -0.45782464E-02 -0.56099504E-02 -0.68286326E-02 -0.82437024E-02 -0.98602722E-02 -0.11679077E-01 -0.13696651E-01 -0.15905406E-01 -0.18293168E-01 -0.20841687E-01
-0.30323099E-02 -0.31310862E-02 -0.32111453E-02 -0.32672970E-02 -0.32946753E-02 -0.32892654E-02 -0.32484717E-02 -0.31716400E-02 -0.30604291E-02 -0.29189265E-02 -0.27534356E-02 -0.25719274E-02 -0.23832119E-02 -0.21959708E-02 -0.20178180E-02 -0.18545583E-02 -0.17097756E-02 -0.15848039E-02 -0.14790558E-02 -0.13906139E-02 -0.13169605E-02 -0.12556838E-02 -0.12051228E-02 -0.11648230E-02 -0.11358152E-02 -0.11207911E-02 -0.11241899E-02 -0.11522740E-02 -0.12132366E-02 -0.13173580E-02 -0.14771923E-02 -0.17077323E-02 -0.20264734E-02 -0.24532854E-02 -0.30100117E-02 -0.37197542E-02 -0.46058678E-02 -0.56907775E-02 -0.69948179E-02 -0.85353580E-02 -0.10326456E-01 -0.12379163E-01 -0.14702358E-01 -0.17303624E-01 -0.20189377E-01 -0.23363262E-01 -0.26821911E-01
