Advanced/Day1/qtaim/mof/mof_pl2d.SURFRHOO
DSAA
 161 161
-0.75589045E+01  0.75589045E+01  0.94486307E-01
-0.75589045E+01  0.75589045E+01  0.94486307E-01
 0.00000000E+00  0.00000000E+00
[rows 0 to 21 of 161, columns 0 to 47 of 161]
0.12280841E-06 0.13808055E-06 0.15510463E-06 0.17411414E-06 0.19539266E-06 0.21928804E-06 0.24623390E-06 0.27677620E-06 0.31161072E-06 0.35163071E-06 0.39799050E-06 0.45218792E-06 0.51617175E-06 0.59247794E-06 0.68440331E-06 0.79622319E-06 0.93346281E-06 0.11032290E-05 0.13146147E-05 0.15791826E-05 0.19115381E-05 0.23299967E-05 0.28573454E-05 0.35217022E-05 0.43574599E-05 0.54062970E-05 0.67182316E-05 0.83526729E-05 0.10379426E-04 0.12879578E-04 0.15946183E-04 0.19684669E-04 0.24212852E-04 0.29660472E-04 0.36168139E-04 0.43885616E-04 0.52969358E-04 0.63579280E-04 0.75874745E-04 0.90009804E-04 0.10612779E-03 0.12435538E-03 0.14479632E-03 0.16752497E-03 0.19258005E-03 0.21995863E-03 0.24961086E-03 0.28143547E-03
0.10310450E-06 0.11631192E-06 0.13109782E-06 0.14767633E-06 0.16630521E-06 0.18729982E-06 0.21104991E-06 0.23804428E-06 0.26890229E-06 0.30441658E-06 0.34560839E-06 0.39380045E-06 0.45071125E-06 0.51857455E-06 0.60029341E-06 0.69963182E-06 0.82145365E-06 0.97201723E-06 0.11593319E-05 0.13935869E-05 0.16876592E-05 0.20577051E-05 0.25238415E-05 0.31109080E-05 0.38493139E-05 0.47759488E-05 0.59351329E-05 0.73795796E-05 0.91713185E-05 0.11382532E-04 0.14096228E-04 0.17406672E-04 0.21419507E-04 0.26251442E-04 0.32029457E-04 0.38889420E-04 0.46974062E-04 0.56430264E-04 0.67405650E-04 0.80044499E-04 0.94483047E-04 0.11084427E-03 0.12923230E-03 0.14972664E-03 0.17237634E-03 0.19719444E-03 0.22415285E-03 0.25317777E-03
0.87145050E-07 0.98660794E-07 0.11160601E-06 0.12617605E-06 0.14260509E-06 0.16117659E-06 0.18223984E-06 0.20622964E-06 0.23369427E-06 0.26533317E-06 0.30204461E-06 0.34498976E-06 0.39567546E-06 0.45605950E-06 0.52868483E-06 0.61684945E-06 0.72481626E-06 0.85807252E-06 0.10236449E-05 0.12304784E-05 0.14898853E-05 0.18160698E-05 0.22267330E-05 0.27437511E-05 0.33939349E-05 0.42098425E-05 0.52306421E-05 0.65029854E-05 0.80818615E-05 0.10031378E-04 0.12425416E-04 0.15348088E-04 0.18893923E-04 0.23167710E-04 0.28283901E-04 0.34365527E-04 0.41542545E-04 0.49949584E-04 0.59723065E-04 0.70997704E-04 0.83902448E-04 0.98555902E-04 0.11506137E-03 0.13350164E-03 0.15393366E-03 0.17638336E-03 0.20084065E-03 0.22725498E-03
0.74371231E-07 0.84516107E-07 0.95963329E-07 0.10889115E-06 0.12351097E-06 0.14007761E-06 0.15890196E-06 0.18036887E-06 0.20496207E-06 0.23329458E-06 0.26615248E-06 0.30454980E-06 0.34980061E-06 0.40361188E-06 0.46820111E-06 0.54644449E-06 0.64206226E-06 0.75984671E-06 0.90593932E-06 0.10881651E-05 0.13164291E-05 0.16031809E-05 0.19639489E-05 0.24179484E-05 0.29887525E-05 0.37050252E-05 0.46012985E-05 0.57187651E-05 0.71060637E-05 0.88200108E-05 0.10926230E-04 0.13499623E-04 0.16624614E-04 0.20395104E-04 0.24914055E-04 0.30292653E-04 0.36648972E-04 0.44106118E-04 0.52789807E-04 0.62825391E-04 0.74334341E-04 0.87430256E-04 0.10221447E-03 0.11877135E-03 0.13716346E-03 0.15742669E-03 0.17956554E-03 0.20354869E-03
0.64318028E-07 0.73368483E-07 0.83613583E-07 0.95215852E-07 0.10836625E-06 0.12329275E-06 0.14027137E-06 0.15964171E-06 0.18182728E-06 0.20736423E-06 0.23693597E-06 0.27142362E-06 0.31196762E-06 0.36004895E-06 0.41759200E-06 0.48709487E-06 0.57179082E-06 0.67584955E-06 0.80462027E-06 0.96492595E-06 0.11654133E-05 0.14169623E-05 0.17331606E-05 0.21308408E-05 0.26306828E-05 0.32578646E-05 0.40427634E-05 0.50216770E-05 0.62375404E-05 0.77406092E-05 0.95890614E-05 0.11849471E-04 0.14597094E-04 0.17915916E-04 0.21898377E-04 0.26644746E-04 0.32262053E-04 0.38862573E-04 0.46561799E-04 0.55475916E-04 0.65718774E-04 0.77398409E-04 0.90613148E-04 0.10544741E-03 0.12196728E-03 0.14021597E-03 0.16020940E-03 0.18193186E-03
0.56609713E-07 0.64804035E-07 0.74103063E-07 0.84654633E-07 0.96630736E-07 0.11023527E-06 0.12571254E-06 0.14336111E-06 0.16355081E-06 0.18674682E-06 0.21354202E-06 0.24469740E-06 0.28119798E-06 0.32432266E-06 0.37573422E-06 0.43759303E-06 0.51269885E-06 0.60466653E-06 0.71813965E-06 0.85904975E-06 0.10349236E-05 0.12552453E-05 0.15318747E-05 0.18795249E-05 0.23162963E-05 0.28642601E-05 0.35500880E-05 0.44057017E-05 0.54689324E-05 0.67841516E-05 0.84028432E-05 0.10384072E-04 0.12794798E-04 0.15709991E-04 0.19212477E-04 0.23392478E-04 0.28346774E-04 0.34177469E-04 0.40990305E-04 0.48892524E-04 0.57990268E-04 0.68385544E-04 0.80172794E-04 0.93435125E-04 0.10824029E-03 0.12463652E-03 0.14264829E-03 0.16227225E-03
0.50954180E-07 0.58499973E-07 0.67075790E-07 0.76815812E-07 0.87875284E-07 0.10043568E-06 0.11471316E-06 0.13096902E-06 0.14952500E-06 0.17078371E-06 0.19525575E-06 0.22359605E-06 0.25665101E-06 0.29552015E-06 0.34163395E-06 0.39685309E-06 0.46359270E-06 0.54497601E-06 0.64502208E-06 0.76887229E-06 0.92306162E-06 0.11158373E-05 0.13575282E-05 0.16609675E-05 0.20419669E-05 0.25198392E-05 0.31179576E-05 0.38643491E-05 0.47922886E-05 0.59408862E-05 0.73556231E-05 0.90888082E-05 0.11199911E-04 0.13755722E-04 0.16830296E-04 0.20504623E-04 0.24865984E-04 0.30006952E-04 0.36023993E-04 0.43015658E-04 0.51080361E-04 0.60313734E-04 0.70805599E-04 0.82636611E-04 0.95874608E-04 0.11057078E-03 0.12675573E-03 0.14443555E-03
0.47141465E-07 0.54222293E-07 0.62270977E-07 0.71409935E-07 0.81778606E-07 0.93538693E-07 0.10688044E-06 0.12203226E-06 0.13927289E-06 0.15894897E-06 0.18149860E-06 0.20748264E-06 0.23762493E-06 0.27286607E-06 0.31443137E-06 0.36391742E-06 0.42339996E-06 0.49556858E-06 0.58389100E-06 0.69281213E-06 0.82799175E-06 0.99658521E-06 0.12075693E-05 0.14721160E-05 0.18040128E-05 0.22201274E-05 0.27409117E-05 0.33909290E-05 0.41994019E-05 0.52007441E-05 0.64350667E-05 0.79486142E-05 0.97941032E-05 0.12030919E-04 0.14725127E-04 0.17949251E-04 0.21781787E-04 0.26306393E-04 0.31610738E-04 0.37784980E-04 0.44919855E-04 0.53104383E-04 0.62423207E-04 0.72953595E-04 0.84762151E-04 0.97901301E-04 0.11240565E-03 0.12828827E-03
0.45043433E-07 0.51825044E-07 0.59523169E-07 0.68248849E-07 0.78127395E-07 0.89302507E-07 0.10194146E-06 0.11624272E-06 0.13244705E-06 0.15085140E-06 0.17183007E-06 0.19586046E-06 0.22355900E-06 0.25572664E-06 0.29340800E-06 0.33796789E-06 0.39118398E-06 0.45536480E-06 0.53349383E-06 0.62940370E-06 0.74798459E-06 0.89543139E-06 0.10795302E-05 0.13099890E-05 0.15988095E-05 0.19607001E-05 0.24135259E-05 0.29787827E-05 0.36820911E-05 0.45536858E-05 0.56288798E-05 0.69484836E-05 0.85591388E-05 0.10513535E-04 0.12870473E-04 0.15694730E-04 0.19056691E-04 0.23031702E-04 0.27699125E-04 0.33141052E-04 0.39440668E-04 0.46680266E-04 0.54938907E-04 0.64289748E-04 0.74797093E-04 0.86513188E-04 0.99474865E-04 0.11370009E-03
0.44616042E-07 0.51253398E-07 0.58764008E-07 0.67248465E-07 0.76819118E-07 0.87602880E-07 0.99746160E-07 0.11342083E-06 0.12883367E-06 0.14623782E-06 0.16595118E-06 0.18837810E-06 0.21404044E-06 0.24361726E-06 0.27799572E-06 0.31833680E-06 0.36615773E-06 0.42343401E-06 0.49272503E-06 0.57732693E-06 0.68145535E-06 0.81046222E-06 0.97108835E-06 0.11717543E-05 0.14228897E-05 0.17372995E-05 0.21305641E-05 0.26214662E-05 0.32324320E-05 0.39899793E-05 0.49251456E-05 0.60738781E-05 0.74773604E-05 0.91822396E-05 0.11240724E-04 0.13710512E-04 0.16654522E-04 0.20140377E-04 0.24239624E-04 0.29026654E-04 0.34577303E-04 0.40967127E-04 0.48269349E-04 0.56552498E-04 0.65877753E-04 0.76296050E-04 0.87845007E-04 0.10054573E-03
0.45905121E-07 0.52548645E-07 0.60028635E-07 0.68435331E-07 0.77868150E-07 0.88438933E-07 0.10027441E-06 0.11352288E-06 0.12836027E-06 0.14500121E-06 0.16371357E-06 0.18483808E-06 0.20881419E-06 0.23621422E-06 0.26778836E-06 0.30452063E-06 0.34770069E-06 0.39901382E-06 0.46064961E-06 0.53543560E-06 0.62699777E-06 0.73995038E-06 0.88011811E-06 0.10547921E-05 0.12730205E-05 0.15459332E-05 0.18870968E-05 0.23128952E-05 0.28429287E-05 0.35004138E-05 0.43125799E-05 0.53110307E-05 0.65320530E-05 0.80168487E-05 0.98116539E-05 0.11967716E-04 0.14541097E-04 0.17592266E-04 0.21185458E-04 0.25387758E-04 0.30267915E-04 0.35894837E-04 0.42335802E-04 0.49654362E-04 0.57907975E-04 0.67145403E-04 0.77403905E-04 0.88706322E-04
0.49053465E-07 0.55857573E-07 0.63465188E-07 0.71955747E-07 0.81416321E-07 0.91943943E-07 0.10364736E-06 0.11665218E-06 0.13110718E-06 0.14719246E-06 0.16513212E-06 0.18521087E-06 0.20779624E-06 0.23336846E-06 0.26255835E-06 0.29619685E-06 0.33537659E-06 0.38153028E-06 0.43652593E-06 0.50278347E-06 0.58341454E-06 0.68238981E-06 0.80473270E-06 0.95674520E-06 0.11462639E-05 0.13829464E-05 0.16785863E-05 0.20474516E-05 0.25066411E-05 0.30764472E-05 0.37807111E-05 0.46471591E-05 0.57076940E-05 0.69986183E-05 0.85607685E-05 0.10439526E-04 0.12684675E-04 0.15350086E-04 0.18493181E-04 0.22174166E-04 0.26455014E-04 0.31398168E-04 0.37064966E-04 0.43513803E-04 0.50798019E-04 0.58963565E-04 0.68046476E-04 0.78070211E-04
0.54313121E-07 0.61443917E-07 0.69346864E-07 0.78089862E-07 0.87747296E-07 0.98400755E-07 0.11014191E-06 0.12307523E-06 0.13732425E-06 0.15303793E-06 0.17040182E-06 0.18965143E-06 0.21109215E-06 0.23512398E-06 0.26227524E-06 0.29324435E-06 0.32895407E-06 0.37061901E-06 0.41982859E-06 0.47864907E-06 0.54974544E-06 0.63652743E-06 0.74331958E-06 0.87555965E-06 0.10400228E-05 0.12450749E-05 0.15009503E-05 0.18200526E-05 0.22172713E-05 0.27103063E-05 0.33199920E-05 0.40705986E-05 0.49901067E-05 0.61104198E-05 0.74675031E-05 0.91014158E-05 0.11056217E-04 0.13379708E-04 0.16123002E-04 0.19339867E-04 0.23085860E-04 0.27417205E-04 0.32389419E-04 0.38055693E-04 0.44465023E-04 0.51660126E-04 0.59675175E-04 0.68533396E-04
0.62059980E-07 0.69704682E-07 0.78089273E-07 0.87269187E-07 0.97304383E-07 0.10826077E-06 0.12021210E-06 0.13324288E-06 0.14745242E-06 0.16296139E-06 0.17992063E-06 0.19852290E-06 0.21901934E-06 0.24174131E-06 0.26712864E-06 0.29576640E-06 0.32843137E-06 0.36615074E-06 0.41027420E-06 0.46256237E-06 0.52529356E-06 0.60139062E-06 0.69457031E-06 0.80951605E-06 0.95207552E-06 0.11294825E-05 0.13506029E-05 0.16261982E-05 0.19692087E-05 0.23950423E-05 0.29218632E-05 0.35708690E-05 0.43665360E-05 0.53368249E-05 0.65133148E-05 0.79312532E-05 0.96294891E-05 0.11650275E-04 0.14038903E-04 0.16843161E-04 0.20112581E-04 0.23897476E-04 0.28247742E-04 0.33211435E-04 0.38833124E-04 0.45152046E-04 0.52200076E-04 0.59999582E-04
0.72812204E-07 0.81190222E-07 0.90272378E-07 0.10009937E-06 0.11071521E-06 0.12216848E-06 0.13451407E-06 0.14781583E-06 0.16215012E-06 0.17761083E-06 0.19431730E-06 0.21242440E-06 0.23213645E-06 0.25372581E-06 0.27755696E-06 0.30411855E-06 0.33406325E-06 0.36825828E-06 0.40784825E-06 0.45433151E-06 0.50965306E-06 0.57631498E-06 0.65750677E-06 0.75725602E-06 0.88060134E-06 0.10337873E-05 0.12244783E-05 0.14619944E-05 0.17575577E-05 0.21245508E-05 0.25787736E-05 0.31386909E-05 0.38256586E-05 0.46641085E-05 0.56816823E-05 0.69092858E-05 0.83810491E-05 0.10134167E-04 0.12208596E-04 0.14646601E-04 0.17492104E-04 0.20789859E-04 0.24584406E-04 0.28918828E-04 0.33833307E-04 0.39363489E-04 0.45538690E-04 0.52379982E-04
0.87253578E-07 0.96628058E-07 0.10666500E-06 0.11738718E-06 0.12881978E-06 0.14099165E-06 0.15393701E-06 0.16769771E-06 0.18232672E-06 0.19789218E-06 0.21448448E-06 0.23222457E-06 0.25127612E-06 0.27186100E-06 0.29428045E-06 0.31894202E-06 0.34639387E-06 0.37736845E-06 0.41283637E-06 0.45407256E-06 0.50273723E-06 0.56097072E-06 0.63150726E-06 0.71780633E-06 0.82420338E-06 0.95607881E-06 0.11200477E-05 0.13241645E-05 0.15781406E-05 0.18935718E-05 0.22841670E-05 0.27659679E-05 0.33575523E-05 0.40802047E-05 0.49580403E-05 0.60180616E-05 0.72901373E-05 0.88068734E-05 0.10603365E-04 0.12716805E-04 0.15185937E-04 0.18050332E-04 0.21349493E-04 0.25121764E-04 0.29403067E-04 0.34225466E-04 0.39615589E-04 0.45592934E-04
0.10625941E-06 0.11695201E-06 0.12825633E-06 0.14017310E-06 0.15270474E-06 0.16585684E-06 0.17963990E-06 0.19407171E-06 0.20918038E-06 0.22500859E-06 0.24161892E-06 0.25910180E-06 0.27758534E-06 0.29724906E-06 0.31834132E-06 0.34120260E-06 0.36629480E-06 0.39423839E-06 0.42585873E-06 0.46224322E-06 0.50481016E-06 0.55539200E-06 0.61633251E-06 0.69060154E-06 0.78192553E-06 0.89493448E-06 0.10353277E-05 0.12100518E-05 0.14274925E-05 0.16976732E-05 0.20324565E-05 0.24457400E-05 0.29536365E-05 0.35746277E-05 0.43296786E-05 0.52422966E-05 0.63385163E-05 0.76468015E-05 0.91978350E-05 0.11024189E-04 0.13159855E-04 0.15639624E-04 0.18498309E-04 0.21769798E-04 0.25485953E-04 0.29675356E-04 0.34361925E-04 0.39563423E-04
0.13092809E-06 0.14333501E-06 0.15629052E-06 0.16976797E-06 0.18374189E-06 0.19818969E-06 0.21309398E-06 0.22844499E-06 0.24424391E-06 0.26050636E-06 0.27726813E-06 0.29459115E-06 0.31257271E-06 0.33135669E-06 0.35114858E-06 0.37223486E-06 0.39500801E-06 0.41999790E-06 0.44791135E-06 0.47968061E-06 0.51652264E-06 0.56000998E-06 0.61215555E-06 0.67551043E-06 0.75327613E-06 0.84943427E-06 0.96888832E-06 0.11176190E-05 0.13028514E-05 0.15332286E-05 0.18189882E-05 0.21721344E-05 0.26065975E-05 0.31383718E-05 0.37856181E-05 0.45687211E-05 0.55102839E-05 0.66350449E-05 0.79697069E-05 0.95426547E-05 0.11383555E-04 0.13522821E-04 0.15990946E-04 0.18817680E-04 0.22031073E-04 0.25656390E-04 0.29714895E-04 0.34222562E-04
0.16261505E-06 0.17722622E-06 0.19230680E-06 0.20779591E-06 0.22363337E-06 0.23976221E-06 0.25613146E-06 0.27269905E-06 0.28943540E-06 0.30632734E-06 0.32338292E-06 0.34063763E-06 0.35816135E-06 0.37606869E-06 0.39453137E-06 0.41379435E-06 0.43419677E-06 0.45619824E-06 0.48041206E-06 0.50764612E-06 0.53895328E-06 0.57569159E-06 0.61959627E-06 0.67286436E-06 0.73825046E-06 0.81917872E-06 0.91986483E-06 0.10454509E-05 0.12021499E-05 0.13973975E-05 0.16400048E-05 0.19403094E-05 0.23103155E-05 0.27638154E-05 0.33164826E-05 0.39859238E-05 0.47916791E-05 0.57551559E-05 0.68994842E-05 0.82492767E-05 0.98302891E-05 0.11668962E-04 0.13791841E-04 0.16224875E-04 0.18992586E-04 0.22117126E-04 0.25617231E-04 0.29507091E-04
0.20297198E-06 0.22039279E-06 0.23818362E-06 0.25624076E-06 0.27446077E-06 0.29274416E-06 0.31099899E-06 0.32914464E-06 0.34711585E-06 0.36486720E-06 0.38237756E-06 0.39965615E-06 0.41674912E-06 0.43374736E-06 0.45079761E-06 0.46811538E-06 0.48600219E-06 0.50486700E-06 0.52525392E-06 0.54787591E-06 0.57365702E-06 0.60378293E-06 0.63976207E-06 0.68349593E-06 0.73736353E-06 0.80431443E-06 0.88797475E-06 0.99276271E-06 0.11240138E-05 0.12881110E-05 0.14926180E-05 0.17464105E-05 0.20597982E-05 0.24446318E-05 0.29143850E-05 0.34842029E-05 0.41709047E-05 0.49929304E-05 0.59702187E-05 0.71240058E-05 0.84765344E-05 0.10050660E-04 0.11869359E-04 0.13955121E-04 0.16329234E-04 0.19010979E-04 0.22016718E-04 0.25358927E-04
0.25398794E-06 0.27496449E-06 0.29618681E-06 0.31749747E-06 0.33873922E-06 0.35975996E-06 0.38041741E-06 0.40058420E-06 0.42015273E-06 0.43904053E-06 0.45719475E-06 0.47459829E-06 0.49127558E-06 0.50729967E-06 0.52280073E-06 0.53797685E-06 0.55310755E-06 0.56857095E-06 0.58486582E-06 0.60263916E-06 0.62272029E-06 0.64616296E-06 0.67429603E-06 0.70878210E-06 0.75168890E-06 0.80556830E-06 0.87354620E-06 0.95942143E-06 0.10677727E-05 0.12040709E-05 0.13747940E-05 0.15875403E-05 0.18511342E-05 0.21757201E-05 0.25728345E-05 0.30554488E-05 0.36379752E-05 0.43362222E-05 0.51672936E-05 0.61494175E-05 0.73016983E-05 0.86437843E-05 0.10195444E-04 0.11976044E-04 0.14003948E-04 0.16295809E-04 0.18865803E-04 0.21724792E-04
0.31803436E-06 0.34348166E-06 0.36902054E-06 0.39442644E-06 0.41947528E-06 0.44394943E-06 0.46764481E-06 0.49037700E-06 0.51198766E-06 0.53235067E-06 0.55137771E-06 0.56902421E-06 0.58529494E-06 0.60025019E-06 0.61401241E-06 0.62677448E-06 0.63881002E-06 0.65048640E-06 0.66228151E-06 0.67480513E-06 0.68882595E-06 0.70530517E-06 0.72543777E-06 0.75070037E-06 0.78291101E-06 0.82429459E-06 0.87755920E-06 0.94597924E-06 0.10334870E-05 0.11447683E-05 0.12853609E-05 0.14617521E-05 0.16814704E-05 0.19531663E-05 0.22866762E-05 0.26930604E-05 0.31846096E-05 0.37748095E-05 0.44782561E-05 0.53105117E-05 0.62878952E-05 0.74271991E-05 0.87453288E-05 0.10258862E-04 0.11983527E-04 0.13933611E-04 0.16121296E-04 0.18555950E-04
