Advanced/Day1/qtaim/mof/mof_pl2d.SURFVIRI
DSAA
 161 161
-0.75589045E+01  0.75589045E+01  0.94486307E-01
-0.75589045E+01  0.75589045E+01  0.94486307E-01
 0.00000000E+00  0.00000000E+00
[rows 126 to 146 of 161, columns 94 to 140 of 161]
-0.11510337E+00 -0.12268499E+00 -0.12987737E+00 -0.13668949E+00 -0.14312930E+00 -0.14918278E+00 -0.15480441E+00 -0.15992558E+00 -0.16448014E+00 -0.16843661E+00 -0.17182158E+00 -0.17472146E+00 -0.17726011E+00 -0.17956419E+00 -0.18173989E+00 -0.18388920E+00 -0.18618948E+00 -0.18904628E+00 -0.19331023E+00 -0.20052279E+00 -0.21312671E+00 -0.23454993E+00 -0.26907156E+00 -0.32143855E+00 -0.39636675E+00 -0.49826906E+00 -0.63164547E+00 -0.80222827E+00 -0.10180654E+01 -0.12886592E+01 -0.16201569E+01 -0.20065803E+01 -0.24209639E+01 -0.28130661E+01 -0.31183062E+01 -0.32765691E+01 -0.32537718E+01 -0.30554625E+01 -0.27240410E+01 -0.23215662E+01 -0.19084954E+01 -0.15280803E+01 -0.12012669E+01 -0.93120276E+00 -0.71191885E+00 -0.53552417E+00 -0.39549160E+00
-0.98478355E-01 -0.10483498E+00 -0.11075813E+00 -0.11624129E+00 -0.12129931E+00 -0.12595875E+00 -0.13024994E+00 -0.13420393E+00 -0.13785457E+00 -0.14124267E+00 -0.14441729E+00 -0.14743060E+00 -0.15032679E+00 -0.15313245E+00 -0.15586116E+00 -0.15854850E+00 -0.16133214E+00 -0.16458523E+00 -0.16909927E+00 -0.17629259E+00 -0.18839504E+00 -0.20853304E+00 -0.24062766E+00 -0.28906294E+00 -0.35819712E+00 -0.45197109E+00 -0.57397003E+00 -0.72808782E+00 -0.91928396E+00 -0.11530812E+01 -0.14322551E+01 -0.17505349E+01 -0.20860043E+01 -0.23992537E+01 -0.26402463E+01 -0.27630311E+01 -0.27421485E+01 -0.25823946E+01 -0.23164851E+01 -0.19921714E+01 -0.16560572E+01 -0.13417600E+01 -0.10663186E+01 -0.83371514E+00 -0.64116849E+00 -0.48414812E+00 -0.35856071E+00
-0.83573731E-01 -0.88978370E-01 -0.93987261E-01 -0.98587454E-01 -0.10279148E+00 -0.10663264E+00 -0.11015891E+00 -0.11342711E+00 -0.11649788E+00 -0.11943088E+00 -0.12227943E+00 -0.12508384E+00 -0.12786544E+00 -0.13062577E+00 -0.13335912E+00 -0.13608876E+00 -0.13893743E+00 -0.14223952E+00 -0.14669351E+00 -0.15353939E+00 -0.16472132E+00 -0.18297496E+00 -0.21176128E+00 -0.25499290E+00 -0.31658117E+00 -0.39996947E+00 -0.50792414E+00 -0.64275963E+00 -0.80675192E+00 -0.10018919E+01 -0.12279071E+01 -0.14783045E+01 -0.17360900E+01 -0.19725386E+01 -0.21519151E+01 -0.22417537E+01 -0.22243064E+01 -0.21032133E+01 -0.19017640E+01 -0.16539064E+01 -0.13930003E+01 -0.11437014E+01 -0.91958062E+00 -0.72544954E+00 -0.56136170E+00 -0.42569119E+00 -0.31641140E+00
-0.70282009E-01 -0.74884425E-01 -0.79152403E-01 -0.83070360E-01 -0.86646288E-01 -0.89908501E-01 -0.92901955E-01 -0.95682348E-01 -0.98310118E-01 -0.10084431E+00 -0.10333616E+00 -0.10582324E+00 -0.10832559E+00 -0.11084743E+00 -0.11338953E+00 -0.11598018E+00 -0.11873315E+00 -0.12193759E+00 -0.12618300E+00 -0.13250616E+00 -0.14253254E+00 -0.15856211E+00 -0.18353482E+00 -0.22081901E+00 -0.27381823E+00 -0.34549052E+00 -0.43797008E+00 -0.55246435E+00 -0.68936722E+00 -0.84814257E+00 -0.10263259E+01 -0.12174111E+01 -0.14085102E+01 -0.15797719E+01 -0.17073888E+01 -0.17700742E+01 -0.17563094E+01 -0.16685632E+01 -0.15221646E+01 -0.13395858E+01 -0.11433326E+01 -0.95083087E+00 -0.77284513E+00 -0.61469746E+00 -0.47843306E+00 -0.36444386E+00 -0.27212254E+00
-0.58543577E-01 -0.62445239E-01 -0.66074335E-01 -0.69414481E-01 -0.72468845E-01 -0.75258612E-01 -0.77819889E-01 -0.80199427E-01 -0.82449603E-01 -0.84623054E-01 -0.86767346E-01 -0.88920310E-01 -0.91107318E-01 -0.93342929E-01 -0.95640868E-01 -0.98037948E-01 -0.10063843E+00 -0.10368440E+00 -0.10765372E+00 -0.11337842E+00 -0.12216287E+00 -0.13586399E+00 -0.15688118E+00 -0.18800364E+00 -0.23209245E+00 -0.29164032E+00 -0.36833088E+00 -0.46274415E+00 -0.57425391E+00 -0.70094336E+00 -0.83920372E+00 -0.98284257E+00 -0.11221007E+01 -0.12435927E+01 -0.13321654E+01 -0.13746461E+01 -0.13640089E+01 -0.13018085E+01 -0.11975379E+01 -0.10653363E+01 -0.91987122E+00 -0.77330708E+00 -0.63419662E+00 -0.50788042E+00 -0.39740711E+00 -0.30422717E+00 -0.22849129E+00
-0.48295428E-01 -0.51579245E-01 -0.54645437E-01 -0.57477654E-01 -0.60075275E-01 -0.62452581E-01 -0.64636707E-01 -0.66664636E-01 -0.68579552E-01 -0.70426885E-01 -0.72250366E-01 -0.74088574E-01 -0.75972875E-01 -0.77928454E-01 -0.79981317E-01 -0.82175444E-01 -0.84605169E-01 -0.87467439E-01 -0.91135849E-01 -0.96252218E-01 -0.10382128E+00 -0.11528108E+00 -0.13250904E+00 -0.15771975E+00 -0.19322508E+00 -0.24106899E+00 -0.30260726E+00 -0.37814364E+00 -0.46670724E+00 -0.56595105E+00 -0.67204153E+00 -0.77943769E+00 -0.88069679E+00 -0.96673962E+00 -0.10280236E+01 -0.10566025E+01 -0.10483417E+01 -0.10042059E+01 -0.92992668E+00 -0.83425440E+00 -0.72672323E+00 -0.61590018E+00 -0.50855552E+00 -0.40957582E+00 -0.32217760E+00 -0.24810684E+00 -0.18777673E+00
-0.39454774E-01 -0.42195593E-01 -0.44765199E-01 -0.47147796E-01 -0.49340007E-01 -0.51350543E-01 -0.53198960E-01 -0.54913736E-01 -0.56529861E-01 -0.58086188E-01 -0.59622749E-01 -0.61178340E-01 -0.62788928E-01 -0.64488049E-01 -0.66311180E-01 -0.68307154E-01 -0.70560443E-01 -0.73228036E-01 -0.76592902E-01 -0.81131647E-01 -0.87586969E-01 -0.97025637E-01 -0.11085300E+00 -0.13074961E+00 -0.15850192E+00 -0.19572339E+00 -0.24350274E+00 -0.30205546E+00 -0.37046385E+00 -0.44655151E+00 -0.52687415E+00 -0.60678515E+00 -0.68060187E+00 -0.74200922E+00 -0.78484864E+00 -0.80425138E+00 -0.79777459E+00 -0.76604485E+00 -0.71258953E+00 -0.64294483E+00 -0.56346488E+00 -0.48028917E+00 -0.39869510E+00 -0.32279808E+00 -0.25544951E+00 -0.19823220E+00 -0.15154583E+00
-0.31918953E-01 -0.34186373E-01 -0.36320877E-01 -0.38307607E-01 -0.40141410E-01 -0.41826838E-01 -0.43377529E-01 -0.44815109E-01 -0.46167768E-01 -0.47468650E-01 -0.48754186E-01 -0.50062496E-01 -0.51432192E-01 -0.52902279E-01 -0.54514502E-01 -0.56320261E-01 -0.58394902E-01 -0.60862236E-01 -0.63931133E-01 -0.67943101E-01 -0.73424943E-01 -0.81133637E-01 -0.92073278E-01 -0.10745891E+00 -0.12860405E+00 -0.15672241E+00 -0.19266040E+00 -0.23660852E+00 -0.28785953E+00 -0.34467466E+00 -0.40428725E+00 -0.46304099E+00 -0.51665683E+00 -0.56064306E+00 -0.59086062E+00 -0.60418759E+00 -0.59911941E+00 -0.57609091E+00 -0.53738423E+00 -0.48665959E+00 -0.42829207E+00 -0.36672304E+00 -0.30595341E+00 -0.24920611E+00 -0.19873754E+00 -0.15578241E+00 -0.12062911E+00
-0.25570948E-01 -0.27429690E-01 -0.29186659E-01 -0.30828247E-01 -0.32348356E-01 -0.33748633E-01 -0.35038298E-01 -0.36233649E-01 -0.37357355E-01 -0.38437631E-01 -0.39507317E-01 -0.40602923E-01 -0.41763746E-01 -0.43031481E-01 -0.44451128E-01 -0.46074641E-01 -0.47969241E-01 -0.50232560E-01 -0.53016130E-01 -0.56557001E-01 -0.61213914E-01 -0.67499934E-01 -0.76098038E-01 -0.87842283E-01 -0.10364713E+00 -0.12437486E+00 -0.15064722E+00 -0.18262943E+00 -0.21983414E+00 -0.26099870E+00 -0.30407643E+00 -0.34635744E+00 -0.38471241E+00 -0.41593866E+00 -0.43717550E+00 -0.44633032E+00 -0.44242664E+00 -0.42577783E+00 -0.39792980E+00 -0.36138964E+00 -0.31922145E+00 -0.27461135E+00 -0.23048235E+00 -0.18920525E+00 -0.15242743E+00 -0.12102698E+00 -0.95184068E-01
-0.20285900E-01 -0.21795566E-01 -0.23228499E-01 -0.24572553E-01 -0.25821352E-01 -0.26974667E-01 -0.28038539E-01 -0.29025198E-01 -0.29952862E-01 -0.30845448E-01 -0.31732192E-01 -0.32647150E-01 -0.33628600E-01 -0.34718505E-01 -0.35962518E-01 -0.37411408E-01 -0.39125211E-01 -0.41181635E-01 -0.43689962E-01 -0.46810631E-01 -0.50778582E-01 -0.55925432E-01 -0.62691913E-01 -0.71619089E-01 -0.83306195E-01 -0.98326748E-01 -0.11710415E+00 -0.13976241E+00 -0.16598238E+00 -0.19490265E+00 -0.22510060E+00 -0.25467424E+00 -0.28142358E+00 -0.30311015E+00 -0.31775673E+00 -0.32393676E+00 -0.32099683E+00 -0.30916151E+00 -0.28949437E+00 -0.26372460E+00 -0.23398123E+00 -0.20249272E+00 -0.17130782E+00 -0.14208076E+00 -0.11594718E+00 -0.93498821E-01 -0.74845525E-01
-0.15936911E-01 -0.17151719E-01 -0.18309700E-01 -0.19400299E-01 -0.20417353E-01 -0.21359552E-01 -0.22230728E-01 -0.23040054E-01 -0.23802152E-01 -0.24537162E-01 -0.25270716E-01 -0.26033771E-01 -0.26862226E-01 -0.27796371E-01 -0.28880390E-01 -0.30162417E-01 -0.31695985E-01 -0.33543913E-01 -0.35785580E-01 -0.38527978E-01 -0.41919634E-01 -0.46164583E-01 -0.51531228E-01 -0.58348825E-01 -0.66983590E-01 -0.77788309E-01 -0.91024800E-01 -0.10676746E+00 -0.12480617E+00 -0.14457433E+00 -0.16512801E+00 -0.18519447E+00 -0.20329279E+00 -0.21791225E+00 -0.22771934E+00 -0.23175516E+00 -0.22958394E+00 -0.22136137E+00 -0.20780769E+00 -0.19009207E+00 -0.16965368E+00 -0.14799677E+00 -0.12649917E+00 -0.10626640E+00 -0.88051621E-01 -0.72245022E-01 -0.58921724E-01
-0.12399714E-01 -0.13368320E-01 -0.14295747E-01 -0.15173061E-01 -0.15994648E-01 -0.16758688E-01 -0.17467550E-01 -0.18128121E-01 -0.18752114E-01 -0.19356334E-01 -0.19962878E-01 -0.20599174E-01 -0.21297779E-01 -0.22095884E-01 -0.23034597E-01 -0.24158268E-01 -0.25514340E-01 -0.27154432E-01 -0.29137345E-01 -0.31534429E-01 -0.34436996E-01 -0.37964339E-01 -0.42269343E-01 -0.47537415E-01 -0.53973655E-01 -0.61774158E-01 -0.71080335E-01 -0.81920378E-01 -0.94148318E-01 -0.10739641E+00 -0.12105808E+00 -0.13431472E+00 -0.14621037E+00 -0.15576637E+00 -0.16211678E+00 -0.16463854E+00 -0.16304948E+00 -0.15745327E+00 -0.14832167E+00 -0.13641839E+00 -0.12268129E+00 -0.10808797E+00 -0.93531154E-01 -0.79725798E-01 -0.67160435E-01 -0.56093803E-01 -0.46587856E-01
-0.95561952E-02 -0.10321650E-01 -0.11058078E-01 -0.11758116E-01 -0.12416887E-01 -0.13032464E-01 -0.13606283E-01 -0.14143538E-01 -0.14653576E-01 -0.15150266E-01 -0.15652313E-01 -0.16183422E-01 -0.16772230E-01 -0.17451898E-01 -0.18259370E-01 -0.19234382E-01 -0.20418510E-01 -0.21854683E-01 -0.23587658E-01 -0.25665864E-01 -0.28144632E-01 -0.31090135E-01 -0.34582506E-01 -0.38715620E-01 -0.43590637E-01 -0.49300594E-01 -0.55905089E-01 -0.63396965E-01 -0.71666714E-01 -0.80473681E-01 -0.89434579E-01 -0.98038061E-01 -0.10568884E+00 -0.11177742E+00 -0.11576406E+00 -0.11726039E+00 -0.11609140E+00 -0.11232407E+00 -0.10625632E+00 -0.98368905E-01 -0.89251374E-01 -0.79517900E-01 -0.69730174E-01 -0.60340855E-01 -0.51664836E-01 -0.43878211E-01 -0.37038755E-01
-0.72969003E-02 -0.78967315E-02 -0.84768478E-02 -0.90313413E-02 -0.95561562E-02 -0.10049501E-01 -0.10512252E-01 -0.10948350E-01 -0.11365218E-01 -0.11774157E-01 -0.12190700E-01 -0.12634847E-01 -0.13131075E-01 -0.13708041E-01 -0.14397908E-01 -0.15235311E-01 -0.16256107E-01 -0.17496145E-01 -0.18990419E-01 -0.20772929E-01 -0.22877411E-01 -0.25338719E-01 -0.28194156E-01 -0.31483432E-01 -0.35245583E-01 -0.39511316E-01 -0.44289942E-01 -0.49551788E-01 -0.55209000E-01 -0.61099728E-01 -0.66981706E-01 -0.72540470E-01 -0.77414702E-01 -0.81236837E-01 -0.83682544E-01 -0.84519341E-01 -0.83643799E-01 -0.81098864E-01 -0.77067304E-01 -0.71842882E-01 -0.65785926E-01 -0.59273120E-01 -0.52651733E-01 -0.46206279E-01 -0.40141609E-01 -0.34582088E-01 -0.29582989E-01
-0.55226592E-02 -0.59890789E-02 -0.64428097E-02 -0.68792455E-02 -0.72951453E-02 -0.76889894E-02 -0.80613388E-02 -0.84152086E-02 -0.87564534E-02 -0.90941528E-02 -0.94409596E-02 -0.98133496E-02 -0.10231689E-01 -0.10720027E-01 -0.11305543E-01 -0.12017613E-01 -0.12886547E-01 -0.13942146E-01 -0.15212299E-01 -0.16721874E-01 -0.18492117E-01 -0.20540573E-01 -0.22881263E-01 -0.25524518E-01 -0.28475604E-01 -0.31731244E-01 -0.35273538E-01 -0.39061546E-01 -0.43021968E-01 -0.47041509E-01 -0.50964123E-01 -0.54596089E-01 -0.57720419E-01 -0.60119756E-01 -0.61604340E-01 -0.62039602E-01 -0.61367378E-01 -0.59615829E-01 -0.56895678E-01 -0.53383662E-01 -0.49297026E-01 -0.44864708E-01 -0.40301037E-01 -0.35786437E-01 -0.31457319E-01 -0.27404892E-01 -0.23680705E-01
-0.41454524E-02 -0.45056772E-02 -0.48584180E-02 -0.52001958E-02 -0.55285227E-02 -0.58422033E-02 -0.61416400E-02 -0.64291567E-02 -0.67093372E-02 -0.69893676E-02 -0.72793518E-02 -0.75925501E-02 -0.79454734E-02 -0.83577522E-02 -0.88517082E-02 -0.94515813E-02 -0.10182416E-01 -0.11068678E-01 -0.12132751E-01 -0.13393487E-01 -0.14865024E-01 -0.16555970E-01 -0.18468930E-01 -0.20600159E-01 -0.22938937E-01 -0.25466214E-01 -0.28152202E-01 -0.30952947E-01 -0.33806565E-01 -0.36630299E-01 -0.39320057E-01 -0.41753920E-01 -0.43800450E-01 -0.45331380E-01 -0.46236948E-01 -0.46440954E-01 -0.45912323E-01 -0.44670462E-01 -0.42783110E-01 -0.40357106E-01 -0.37524197E-01 -0.34424923E-01 -0.31193782E-01 -0.27948089E-01 -0.24781727E-01 -0.21763660E-01 -0.18940075E-01
-0.30886592E-02 -0.33653168E-02 -0.36382679E-02 -0.39049696E-02 -0.41635955E-02 -0.44132748E-02 -0.46543418E-02 -0.48886018E-02 -0.51196138E-02 -0.53529772E-02 -0.55966002E-02 -0.58609122E-02 -0.61589636E-02 -0.65063519E-02 -0.69209074E-02 -0.74220894E-02 -0.80300771E-02 -0.87645837E-02 -0.96434805E-02 -0.10681365E-01 -0.11888230E-01 -0.13268376E-01 -0.14819634E-01 -0.16532886E-01 -0.18391717E-01 -0.20372018E-01 -0.22441341E-01 -0.24557984E-01 -0.26670045E-01 -0.28714945E-01 -0.30620195E-01 -0.32306076E-01 -0.33690613E-01 -0.34696664E-01 -0.35260200E-01 -0.35338319E-01 -0.34915315E-01 -0.34005411E-01 -0.32651465E-01 -0.30919867E-01 -0.28892719E-01 -0.26658899E-01 -0.24305677E-01 -0.21912173E-01 -0.19545311E-01 -0.17258250E-01 -0.15090748E-01
-0.22868097E-02 -0.24984199E-02 -0.27089883E-02 -0.29167260E-02 -0.31203648E-02 -0.33193259E-02 -0.35139224E-02 -0.37055683E-02 -0.38970027E-02 -0.40925193E-02 -0.42981844E-02 -0.45220137E-02 -0.47740673E-02 -0.50664130E-02 -0.54129061E-02 -0.58287392E-02 -0.63297397E-02 -0.69314203E-02 -0.76478328E-02 -0.84903153E-02 -0.94662506E-02 -0.10577969E-01 -0.11821898E-01 -0.13188011E-01 -0.14659566E-01 -0.16213068E-01 -0.17818361E-01 -0.19438805E-01 -0.21031609E-01 -0.22548488E-01 -0.23936934E-01 -0.25142383E-01 -0.26111389E-01 -0.26795731E-01 -0.27156929E-01 -0.27170475E-01 -0.26828952E-01 -0.26143338E-01 -0.25142156E-01 -0.23868589E-01 -0.22376102E-01 -0.20723419E-01 -0.18969629E-01 -0.17170222E-01 -0.15374326E-01 -0.13623221E-01 -0.11949921E-01
-0.16849638E-02 -0.18464450E-02 -0.20086921E-02 -0.21705162E-02 -0.23310849E-02 -0.24900737E-02 -0.26477931E-02 -0.28053592E-02 -0.29648622E-02 -0.31295422E-02 -0.33039588E-02 -0.34941312E-02 -0.37076210E-02 -0.39535188E-02 -0.42422946E-02 -0.45854760E-02 -0.49951268E-02 -0.54831250E-02 -0.60602637E-02 -0.67352352E-02 -0.75135836E-02 -0.83967309E-02 -0.93811754E-02 -0.10457950E-01 -0.11612376E-01 -0.12824107E-01 -0.14067458E-01 -0.15311949E-01 -0.16523090E-01 -0.17663419E-01 -0.18693871E-01 -0.19575553E-01 -0.20271938E-01 -0.20751368E-01 -0.20989628E-01 -0.20972233E-01 -0.20696019E-01 -0.20169714E-01 -0.19413333E-01 -0.18456450E-01 -0.17335646E-01 -0.16091527E-01 -0.14765778E-01 -0.13398585E-01 -0.12026683E-01 -0.10682061E-01 -0.93912708E-02
-0.12378269E-02 -0.13610129E-02 -0.14861265E-02 -0.16124327E-02 -0.17394449E-02 -0.18670304E-02 -0.19955061E-02 -0.21257599E-02 -0.22593746E-02 -0.23987571E-02 -0.25472649E-02 -0.27093123E-02 -0.28904372E-02 -0.30973012E-02 -0.33375913E-02 -0.36197962E-02 -0.39528341E-02 -0.43455236E-02 -0.48059116E-02 -0.53404920E-02 -0.59533774E-02 -0.66454997E-02 -0.74139260E-02 -0.82513671E-02 -0.91459375E-02 -0.10081197E-01 -0.11036476E-01 -0.11987463E-01 -0.12907039E-01 -0.13766324E-01 -0.14535931E-01 -0.15187412E-01 -0.15694846E-01 -0.16036487E-01 -0.16196333E-01 -0.16165418E-01 -0.15942654E-01 -0.15535041E-01 -0.14957209E-01 -0.14230310E-01 -0.13380422E-01 -0.12436677E-01 -0.11429354E-01 -0.10388134E-01 -0.93406720E-02 -0.83115241E-02 -0.73214581E-02
-0.90870488E-03 -0.10028443E-02 -0.10995940E-02 -0.11985532E-02 -0.12994933E-02 -0.14024201E-02 -0.15076589E-02 -0.16159202E-02 -0.17283955E-02 -0.18468464E-02 -0.19736942E-02 -0.21120977E-02 -0.22660041E-02 -0.24401541E-02 -0.26400203E-02 -0.28716557E-02 -0.31414356E-02 -0.34556841E-02 -0.38201887E-02 -0.42396256E-02 -0.47169356E-02 -0.52527044E-02 -0.58446142E-02 -0.64870312E-02 -0.71707845E-02 -0.78831765E-02 -0.86082392E-02 -0.93272331E-02 -0.10019364E-01 -0.10662688E-01 -0.11235155E-01 -0.11715760E-01 -0.12085731E-01 -0.12329672E-01 -0.12436597E-01 -0.12400713E-01 -0.12221888E-01 -0.11905709E-01 -0.11463119E-01 -0.10909658E-01 -0.10264396E-01 -0.95486817E-02 -0.87848397E-02 -0.79949394E-02 -0.71997335E-02 -0.64178165E-02 -0.56650304E-02
