Advanced/Day1/qtaim/mof/mof_pl2d.SURFRHOO
DSAA
 161 161
-0.75589045E+01  0.75589045E+01  0.94486307E-01
-0.75589045E+01  0.75589045E+01  0.94486307E-01
 0.00000000E+00  0.00000000E+00
[rows 22 to 43 of 161, columns 48 to 95 of 161]
0.18086896E-04 0.20582093E-04 0.23290696E-04 0.26204935E-04 0.29311701E-04 0.32592171E-04 0.36021569E-04 0.39569107E-04 0.43198132E-04 0.46866495E-04 0.50527159E-04 0.54129048E-04 0.57618118E-04 0.60938640E-04 0.64034652E-04 0.66851520E-04 0.69337566E-04 0.71445683E-04 0.73134870E-04 0.74371607E-04 0.75131014E-04 0.75397724E-04 0.75166438E-04 0.74442118E-04 0.73239814E-04 0.71584140E-04 0.69508416E-04 0.67053521E-04 0.64266523E-04 0.61199146E-04 0.57906141E-04 0.54443651E-04 0.50867621E-04 0.47232328E-04 0.43589077E-04 0.39985102E-04 0.36462699E-04 0.33058604E-04 0.29803609E-04 0.26722415E-04 0.23833691E-04 0.21150309E-04 0.18679742E-04 0.16424558E-04 0.14383014E-04 0.12549682E-04 0.10916103E-04 0.94714311E-05
0.15364456E-04 0.17470986E-04 0.19758166E-04 0.22219484E-04 0.24843932E-04 0.27615690E-04 0.30513929E-04 0.33512761E-04 0.36581363E-04 0.39684288E-04 0.42781976E-04 0.45831463E-04 0.48787285E-04 0.51602544E-04 0.54230127E-04 0.56624014E-04 0.58740636E-04 0.60540228E-04 0.61988119E-04 0.63055880E-04 0.63722305E-04 0.63974149E-04 0.63806602E-04 0.63223462E-04 0.62237008E-04 0.60867576E-04 0.59142852E-04 0.57096930E-04 0.54769176E-04 0.52202947E-04 0.49444237E-04 0.46540303E-04 0.43538327E-04 0.40484173E-04 0.37421282E-04 0.34389728E-04 0.31425472E-04 0.28559818E-04 0.25819069E-04 0.23224380E-04 0.20791785E-04 0.18532388E-04 0.16452670E-04 0.14554911E-04 0.12837675E-04 0.11296339E-04 0.99236508E-05 0.87102768E-05
0.13035177E-04 0.14805230E-04 0.16727360E-04 0.18796112E-04 0.21002269E-04 0.23332587E-04 0.25769627E-04 0.28291722E-04 0.30873079E-04 0.33484037E-04 0.36091500E-04 0.38659528E-04 0.41150085E-04 0.43523936E-04 0.45741655E-04 0.47764719E-04 0.49556634E-04 0.51084066E-04 0.52317910E-04 0.53234253E-04 0.53815195E-04 0.54049465E-04 0.53932826E-04 0.53468226E-04 0.52665707E-04 0.51542056E-04 0.50120234E-04 0.48428595E-04 0.46499953E-04 0.44370514E-04 0.42078754E-04 0.39664269E-04 0.37166657E-04 0.34624467E-04 0.32074268E-04 0.29549842E-04 0.27081548E-04 0.24695843E-04 0.22414980E-04 0.20256864E-04 0.18235061E-04 0.16358943E-04 0.14633934E-04 0.13061861E-04 0.11641353E-04 0.10368292E-04 0.92362827E-05 0.82371263E-05
0.11063083E-04 0.12543473E-04 0.14151154E-04 0.15881559E-04 0.17726994E-04 0.19676411E-04 0.21715278E-04 0.23825547E-04 0.25985746E-04 0.28171192E-04 0.30354353E-04 0.32505337E-04 0.34592517E-04 0.36583273E-04 0.38444827E-04 0.40145148E-04 0.41653887E-04 0.42943312E-04 0.43989195E-04 0.44771611E-04 0.45275617E-04 0.45491768E-04 0.45416459E-04 0.45052053E-04 0.44406813E-04 0.43494622E-04 0.42334513E-04 0.40950032E-04 0.39368465E-04 0.37619959E-04 0.35736586E-04 0.33751391E-04 0.31697453E-04 0.29607008E-04 0.27510659E-04 0.25436695E-04 0.23410542E-04 0.21454353E-04 0.19586735E-04 0.17822620E-04 0.16173251E-04 0.14646300E-04 0.13246063E-04 0.11973743E-04 0.10827796E-04 0.98043038E-05 0.88973788E-05 0.80995714E-05
0.94175029E-05 0.10649988E-04 0.11988364E-04 0.13428808E-04 0.14964911E-04 0.16587497E-04 0.18284514E-04 0.20041012E-04 0.21839216E-04 0.23658709E-04 0.25476732E-04 0.27268585E-04 0.29008149E-04 0.30668494E-04 0.32222570E-04 0.33643952E-04 0.34907611E-04 0.35990684E-04 0.36873201E-04 0.37538750E-04 0.37975032E-04 0.38174294E-04 0.38133602E-04 0.37854964E-04 0.37345265E-04 0.36616048E-04 0.35683126E-04 0.34566062E-04 0.33287526E-04 0.31872577E-04 0.30347887E-04 0.28740941E-04 0.27079263E-04 0.25389677E-04 0.23697641E-04 0.22026673E-04 0.20397874E-04 0.18829582E-04 0.17337124E-04 0.15932695E-04 0.14625342E-04 0.13421043E-04 0.12322873E-04 0.11331234E-04 0.10444148E-04 0.96575755E-05 0.89657682E-05 0.83616238E-05
0.80736439E-05 0.90952798E-05 0.10204390E-04 0.11397769E-04 0.12670096E-04 0.14013781E-04 0.15418885E-04 0.16873098E-04 0.18361806E-04 0.19868238E-04 0.21373719E-04 0.22857998E-04 0.24299679E-04 0.25676719E-04 0.26966995E-04 0.28148917E-04 0.29202055E-04 0.30107776E-04 0.30849833E-04 0.31414912E-04 0.31793089E-04 0.31978178E-04 0.31967965E-04 0.31764299E-04 0.31373048E-04 0.30803914E-04 0.30070119E-04 0.29187971E-04 0.28176343E-04 0.27056072E-04 0.25849316E-04 0.24578896E-04 0.23267641E-04 0.21937772E-04 0.20610337E-04 0.19304727E-04 0.18038265E-04 0.16825900E-04 0.15679996E-04 0.14610211E-04 0.13623477E-04 0.12724055E-04 0.11913674E-04 0.11191721E-04 0.10555492E-04 0.10000473E-04 0.95206461E-05 0.91088157E-05
0.70133774E-05 0.78568907E-05 0.87720490E-05 0.97561584E-05 0.10804809E-04 0.11911758E-04 0.13068861E-04 0.14266059E-04 0.15491432E-04 0.16731329E-04 0.17970568E-04 0.19192710E-04 0.20380409E-04 0.21515822E-04 0.22581071E-04 0.23558738E-04 0.24432384E-04 0.25187059E-04 0.25809785E-04 0.26290002E-04 0.26619934E-04 0.26794875E-04 0.26813377E-04 0.26677322E-04 0.26391885E-04 0.25965377E-04 0.25408989E-04 0.24736434E-04 0.23963511E-04 0.23107609E-04 0.22187173E-04 0.21221150E-04 0.20228444E-04 0.19227395E-04 0.18235297E-04 0.17267983E-04 0.16339472E-04 0.15461700E-04 0.14644321E-04 0.13894605E-04 0.13217402E-04 0.12615187E-04 0.12088166E-04 0.11634448E-04 0.11250257E-04 0.10930189E-04 0.10667493E-04 0.10454374E-04
0.62262846E-05 0.69204670E-05 0.76726629E-05 0.84805951E-05 0.93406196E-05 0.10247632E-04 0.11195014E-04 0.12174627E-04 0.13176858E-04 0.14190725E-04 0.15204045E-04 0.16203653E-04 0.17175693E-04 0.18105945E-04 0.18980203E-04 0.19784678E-04 0.20506410E-04 0.21133688E-04 0.21656435E-04 0.22066568E-04 0.22358289E-04 0.22528320E-04 0.22576045E-04 0.22503568E-04 0.22315674E-04 0.22019702E-04 0.21625324E-04 0.21144248E-04 0.20589855E-04 0.19976781E-04 0.19320473E-04 0.18636716E-04 0.17941177E-04 0.17248954E-04 0.16574168E-04 0.15929597E-04 0.15326361E-04 0.14773688E-04 0.14278724E-04 0.13846436E-04 0.13479565E-04 0.13178662E-04 0.12942172E-04 0.12766584E-04 0.12646627E-04 0.12575510E-04 0.12545190E-04 0.12546672E-04
0.57110314E-05 0.62811440E-05 0.68974495E-05 0.75580077E-05 0.82598140E-05 0.89987293E-05 0.97694392E-05 0.10565452E-04 0.11379137E-04 0.12201816E-04 0.13023895E-04 0.13835048E-04 0.14624447E-04 0.15381032E-04 0.16093808E-04 0.16752173E-04 0.17346249E-04 0.17867213E-04 0.18307610E-04 0.18661630E-04 0.18925352E-04 0.19096911E-04 0.19176621E-04 0.19167006E-04 0.19072764E-04 0.18900652E-04 0.18659304E-04 0.18358966E-04 0.18011202E-04 0.17628528E-04 0.17224037E-04 0.16811000E-04 0.16402460E-04 0.16010850E-04 0.15647626E-04 0.15322944E-04 0.15045374E-04 0.14821673E-04 0.14656614E-04 0.14552875E-04 0.14510990E-04 0.14529365E-04 0.14604352E-04 0.14730386E-04 0.14900166E-04 0.15104896E-04 0.15334557E-04 0.15578223E-04
0.54771575E-05 0.59453402E-05 0.64493204E-05 0.69874241E-05 0.75571825E-05 0.81552790E-05 0.87775218E-05 0.94188447E-05 0.10073344E-04 0.10734352E-04 0.11394542E-04 0.12046085E-04 0.12680825E-04 0.13290499E-04 0.13866975E-04 0.14402509E-04 0.14890008E-04 0.15323289E-04 0.15697328E-04 0.16008476E-04 0.16254641E-04 0.16435423E-04 0.16552197E-04 0.16608131E-04 0.16608144E-04 0.16558803E-04 0.16468155E-04 0.16345508E-04 0.16201163E-04 0.16046107E-04 0.15891679E-04 0.15749216E-04 0.15629706E-04 0.15543428E-04 0.15499632E-04 0.15506225E-04 0.15569507E-04 0.15693945E-04 0.15881999E-04 0.16133995E-04 0.16448070E-04 0.16820167E-04 0.17244100E-04 0.17711676E-04 0.18212887E-04 0.18736154E-04 0.19268623E-04 0.19796519E-04
0.55473847E-05 0.59330690E-05 0.63451860E-05 0.67822676E-05 0.72422939E-05 0.77226577E-05 0.82201482E-05 0.87309572E-05 0.92507119E-05 0.97745355E-05 0.10297136E-04 0.10812928E-04 0.11316172E-04 0.11801151E-04 0.12262353E-04 0.12694673E-04 0.13093616E-04 0.13455498E-04 0.13777634E-04 0.14058502E-04 0.14297882E-04 0.14496945E-04 0.14658315E-04 0.14786061E-04 0.14885658E-04 0.14963878E-04 0.15028643E-04 0.15088825E-04 0.15154004E-04 0.15234195E-04 0.15339547E-04 0.15480020E-04 0.15665064E-04 0.15903283E-04 0.16202125E-04 0.16567577E-04 0.17003897E-04 0.17513376E-04 0.18096144E-04 0.18750031E-04 0.19470478E-04 0.20250523E-04 0.21080846E-04 0.21949892E-04 0.22844071E-04 0.23748028E-04 0.24644986E-04 0.25517152E-04
0.59605741E-05 0.62808969E-05 0.66189061E-05 0.69732853E-05 0.73423943E-05 0.77242491E-05 0.81165175E-05 0.85165300E-05 0.89213119E-05 0.93276331E-05 0.97320828E-05 0.10131162E-04 0.10521398E-04 0.10899473E-04 0.11262367E-04 0.11607509E-04 0.11932931E-04 0.12237415E-04 0.12520630E-04 0.12783249E-04 0.13027047E-04 0.13254955E-04 0.13471093E-04 0.13680747E-04 0.13890317E-04 0.14107209E-04 0.14339694E-04 0.14596718E-04 0.14887681E-04 0.15222181E-04 0.15609728E-04 0.16059442E-04 0.16579737E-04 0.17177992E-04 0.17860233E-04 0.18630817E-04 0.19492142E-04 0.20444375E-04 0.21485231E-04 0.22609793E-04 0.23810392E-04 0.25076564E-04 0.26395077E-04 0.27750060E-04 0.29123220E-04 0.30494152E-04 0.31840754E-04 0.33139723E-04
0.67754942E-05 0.70457144E-05 0.73250477E-05 0.76122814E-05 0.79061000E-05 0.82050829E-05 0.85077106E-05 0.88123838E-05 0.91174535E-05 0.94212676E-05 0.97222289E-05 0.10018868E-04 0.10309929E-04 0.10594464E-04 0.10871937E-04 0.11142330E-04 0.11406254E-04 0.11665042E-04 0.11920850E-04 0.12176725E-04 0.12436661E-04 0.12705631E-04 0.12989580E-04 0.13295392E-04 0.13630822E-04 0.14004385E-04 0.14425211E-04 0.14902864E-04 0.15447126E-04 0.16067746E-04 0.16774163E-04 0.17575199E-04 0.18478738E-04 0.19491383E-04 0.20618110E-04 0.21861918E-04 0.23223490E-04 0.24700877E-04 0.26289213E-04 0.27980479E-04 0.29763337E-04 0.31623041E-04 0.33541447E-04 0.35497138E-04 0.37465668E-04 0.39419946E-04 0.41330736E-04 0.43167296E-04
0.80755831E-05 0.83095073E-05 0.85436492E-05 0.87768534E-05 0.90080879E-05 0.92364585E-05 0.94612303E-05 0.96818538E-05 0.98980001E-05 0.10109601E-04 0.10316897E-04 0.10520494E-04 0.10721418E-04 0.10921186E-04 0.11121866E-04 0.11326149E-04 0.11537409E-04 0.11759759E-04 0.11998103E-04 0.12258164E-04 0.12546507E-04 0.12870529E-04 0.13238434E-04 0.13659175E-04 0.14142370E-04 0.14698186E-04 0.15337186E-04 0.16070149E-04 0.16907846E-04 0.17860794E-04 0.18938964E-04 0.20151463E-04 0.21506185E-04 0.23009433E-04 0.24665522E-04 0.26476372E-04 0.28441089E-04 0.30555570E-04 0.32812132E-04 0.35199189E-04 0.37701011E-04 0.40297571E-04 0.42964525E-04 0.45673333E-04 0.48391542E-04 0.51083252E-04 0.53709758E-04 0.56230364E-04
0.99749332E-05 0.10185363E-04 0.10386224E-04 0.10576372E-04 0.10755025E-04 0.10921802E-04 0.11076757E-04 0.11220424E-04 0.11353852E-04 0.11478646E-04 0.11597009E-04 0.11711775E-04 0.11826451E-04 0.11945244E-04 0.12073099E-04 0.12215718E-04 0.12379584E-04 0.12571969E-04 0.12800943E-04 0.13075361E-04 0.13404840E-04 0.13799728E-04 0.14271039E-04 0.14830378E-04 0.15489842E-04 0.16261885E-04 0.17159168E-04 0.18194359E-04 0.19379911E-04 0.20727798E-04 0.22249204E-04 0.23954176E-04 0.25851231E-04 0.27946913E-04 0.30245328E-04 0.32747631E-04 0.35451506E-04 0.38350644E-04 0.41434246E-04 0.44686576E-04 0.48086602E-04 0.51607758E-04 0.55217865E-04 0.58879241E-04 0.62549037E-04 0.66179809E-04 0.69720343E-04 0.73116721E-04
0.12625761E-04 0.12824982E-04 0.13003290E-04 0.13159494E-04 0.13293037E-04 0.13404050E-04 0.13493421E-04 0.13562849E-04 0.13614890E-04 0.13653003E-04 0.13681581E-04 0.13705974E-04 0.13732502E-04 0.13768456E-04 0.13822090E-04 0.13902605E-04 0.14020115E-04 0.14185620E-04 0.14410952E-04 0.14708728E-04 0.15092278E-04 0.15575580E-04 0.16173164E-04 0.16900016E-04 0.17771454E-04 0.18802989E-04 0.20010154E-04 0.21408307E-04 0.23012389E-04 0.24836636E-04 0.26894250E-04 0.29196993E-04 0.31754739E-04 0.34574938E-04 0.37662039E-04 0.41016843E-04 0.44635825E-04 0.48510434E-04 0.52626416E-04 0.56963184E-04 0.61493289E-04 0.66182054E-04 0.70987398E-04 0.75859928E-04 0.80743325E-04 0.85575058E-04 0.90287451E-04 0.94809083E-04
0.16227674E-04 0.16428020E-04 0.16593748E-04 0.16723550E-04 0.16817054E-04 0.16874925E-04 0.16898954E-04 0.16892137E-04 0.16858745E-04 0.16804366E-04 0.16735940E-04 0.16661760E-04 0.16591465E-04 0.16536000E-04 0.16507571E-04 0.16519566E-04 0.16586482E-04 0.16723826E-04 0.16948016E-04 0.17276270E-04 0.17726502E-04 0.18317196E-04 0.19067294E-04 0.19996064E-04 0.21122964E-04 0.22467487E-04 0.24048985E-04 0.25886457E-04 0.27998301E-04 0.30401998E-04 0.33113742E-04 0.36147977E-04 0.39516854E-04 0.43229584E-04 0.47291694E-04 0.51704202E-04 0.56462708E-04 0.61556457E-04 0.66967389E-04 0.72669258E-04 0.78626859E-04 0.84795455E-04 0.91120470E-04 0.97537524E-04 0.10397288E-03 0.11034432E-03 0.11656256E-03 0.12253306E-03
0.21039083E-04 0.21253632E-04 0.21416520E-04 0.21526213E-04 0.21582478E-04 0.21586525E-04 0.21541145E-04 0.21450820E-04 0.21321815E-04 0.21162239E-04 0.20982070E-04 0.20793149E-04 0.20609133E-04 0.20445420E-04 0.20319042E-04 0.20248534E-04 0.20253779E-04 0.20355849E-04 0.20576833E-04 0.20939666E-04 0.21467955E-04 0.22185823E-04 0.23117747E-04 0.24288405E-04 0.25722525E-04 0.27444720E-04 0.29479313E-04 0.31850117E-04 0.34580178E-04 0.37691440E-04 0.41204321E-04 0.45137179E-04 0.49505650E-04 0.54321843E-04 0.59593385E-04 0.65322337E-04 0.71503981E-04 0.78125530E-04 0.85164824E-04 0.92589065E-04 0.10035370E-03 0.10840155E-03 0.11666230E-03 0.12505241E-03 0.13347563E-03 0.14182412E-03 0.14998021E-03 0.15781886E-03
0.27391194E-04 0.27634659E-04 0.27804879E-04 0.27899931E-04 0.27919627E-04 0.27865725E-04 0.27742122E-04 0.27555018E-04 0.27313043E-04 0.27027336E-04 0.26711575E-04 0.26381950E-04 0.26057081E-04 0.25757884E-04 0.25507396E-04 0.25330563E-04 0.25253996E-04 0.25305723E-04 0.25514923E-04 0.25911679E-04 0.26526734E-04 0.27391275E-04 0.28536731E-04 0.29994600E-04 0.31796279E-04 0.33972912E-04 0.36555216E-04 0.39573278E-04 0.43056289E-04 0.47032198E-04 0.51527236E-04 0.56565291E-04 0.62167099E-04 0.68349229E-04 0.75122852E-04 0.82492298E-04 0.90453429E-04 0.98991871E-04 0.10808119E-03 0.11768110E-03 0.12773587E-03 0.13817297E-03 0.14890226E-03 0.15981576E-03 0.17078816E-03 0.18167822E-03 0.19233105E-03 0.20258135E-03
0.35705033E-04 0.35994965E-04 0.36184034E-04 0.36269671E-04 0.36251570E-04 0.36131992E-04 0.35916043E-04 0.35611911E-04 0.35231047E-04 0.34788273E-04 0.34301821E-04 0.33793277E-04 0.33287457E-04 0.32812201E-04 0.32398097E-04 0.32078164E-04 0.31887492E-04 0.31862870E-04 0.32042407E-04 0.32465178E-04 0.33170892E-04 0.34199610E-04 0.35591496E-04 0.37386625E-04 0.39624814E-04 0.42345494E-04 0.45587558E-04 0.49389199E-04 0.53787663E-04 0.58818893E-04 0.64517016E-04 0.70913604E-04 0.78036686E-04 0.85909465E-04 0.94548713E-04 0.10396286E-03 0.11414977E-03 0.12509435E-03 0.13676598E-03 0.14911600E-03 0.16207536E-03 0.17555270E-03 0.18943298E-03 0.20357703E-03 0.21782201E-03 0.23198315E-03 0.24585670E-03 0.25922422E-03
0.46512073E-04 0.46870505E-04 0.47092564E-04 0.47174627E-04 0.47115987E-04 0.46919281E-04 0.46590890E-04 0.46141284E-04 0.45585279E-04 0.44942192E-04 0.44235890E-04 0.43494707E-04 0.42751254E-04 0.42042110E-04 0.41407427E-04 0.40890457E-04 0.40537038E-04 0.40395051E-04 0.40513900E-04 0.40944007E-04 0.41736380E-04 0.42942239E-04 0.44612727E-04 0.46798700E-04 0.49550588E-04 0.52918307E-04 0.56951178E-04 0.61697834E-04 0.67206027E-04 0.73522300E-04 0.80691430E-04 0.88755576E-04 0.97753074E-04 0.10771679E-03 0.11867205E-03 0.13063406E-03 0.14360495E-03 0.15757039E-03 0.17249613E-03 0.18832436E-03 0.20497039E-03 0.22231977E-03 0.24022627E-03 0.25851088E-03 0.27696233E-03 0.29533904E-03 0.31337309E-03 0.33077577E-03
0.60479084E-04 0.60934812E-04 0.61208426E-04 0.61294631E-04 0.61191837E-04 0.60902788E-04 0.60435131E-04 0.59801912E-04 0.59021944E-04 0.58120032E-04 0.57127039E-04 0.56079764E-04 0.55020662E-04 0.53997403E-04 0.53062296E-04 0.52271615E-04 0.51684864E-04 0.51364022E-04 0.51372807E-04 0.51776001E-04 0.52638865E-04 0.54026670E-04 0.56004360E-04 0.58636350E-04 0.61986435E-04 0.66117792E-04 0.71093033E-04 0.76974224E-04 0.83822814E-04 0.91699368E-04 0.10066300E-03 0.11077039E-03 0.12207433E-03 0.13462159E-03 0.14845025E-03 0.16358623E-03 0.18003929E-03 0.19779841E-03 0.21682691E-03 0.23705740E-03 0.25838700E-03 0.28067312E-03 0.30373044E-03 0.32732915E-03 0.35119529E-03 0.37501320E-03 0.39843047E-03 0.42106538E-03
