Advanced/Day1/qtaim/urea/molecule/pato/urea_mol_pl2d_pato.SURFRHOO
DSAA
 161 161
-0.75589045E+01  0.75589045E+01  0.94486307E-01
-0.75589045E+01  0.75589045E+01  0.94486307E-01
 0.00000000E+00  0.00000000E+00
[rows 44 to 65 of 161, columns 0 to 47 of 161]
0.18098072E-05 0.23353283E-05 0.29937990E-05 0.38129093E-05 0.48244691E-05 0.60645962E-05 0.75737978E-05 0.93969119E-05 0.11582878E-04 0.14184301E-04 0.17256788E-04 0.20858017E-04 0.25046539E-04 0.29880295E-04 0.35414854E-04 0.41701406E-04 0.48784531E-04 0.56699827E-04 0.65471426E-04 0.75109578E-04 0.85608323E-04 0.96943433E-04 0.10907075E-03 0.12192506E-03 0.13541965E-03 0.14944667E-03 0.16387852E-03 0.17857027E-03 0.19336343E-03 0.20809113E-03 0.22258502E-03 0.23668433E-03 0.25024757E-03 0.26316800E-03 0.27539415E-03 0.28695780E-03 0.29801259E-03 0.30888789E-03 0.32016443E-03 0.33277998E-03 0.34817577E-03 0.36849682E-03 0.39686054E-03 0.43770957E-03 0.49726315E-03 0.58407808E-03 0.70972258E-03 0.88955484E-03
0.22829258E-05 0.29458288E-05 0.37764376E-05 0.48096812E-05 0.60856860E-05 0.76500131E-05 0.95537609E-05 0.11853493E-04 0.14610946E-04 0.17892488E-04 0.21768275E-04 0.26311082E-04 0.31594798E-04 0.37692551E-04 0.44674502E-04 0.52605307E-04 0.61541318E-04 0.71527594E-04 0.82594781E-04 0.94756067E-04 0.10800425E-03 0.12230914E-03 0.13761549E-03 0.15384149E-03 0.17087827E-03 0.18859026E-03 0.20681685E-03 0.22537541E-03 0.24406582E-03 0.26267680E-03 0.28099422E-03 0.29881191E-03 0.31594554E-03 0.33225058E-03 0.34764585E-03 0.36214519E-03 0.37590044E-03 0.38926094E-03 0.40285616E-03 0.41771047E-03 0.43540155E-03 0.45827601E-03 0.48973804E-03 0.53462754E-03 0.59970291E-03 0.69423981E-03 0.83074873E-03 0.10258019E-02
0.28609497E-05 0.36916969E-05 0.47326129E-05 0.60274714E-05 0.76265596E-05 0.95869769E-05 0.11972763E-04 0.14854808E-04 0.18310491E-04 0.22422997E-04 0.27280268E-04 0.32973541E-04 0.39595463E-04 0.47237755E-04 0.55988445E-04 0.65928712E-04 0.77129382E-04 0.89647184E-04 0.10352089E-03 0.11876747E-03 0.13537845E-03 0.15331667E-03 0.17251364E-03 0.19286770E-03 0.21424328E-03 0.23647136E-03 0.25935143E-03 0.28265511E-03 0.30613165E-03 0.32951553E-03 0.35253651E-03 0.37493240E-03 0.39646546E-03 0.41694318E-03 0.43624530E-03 0.45435932E-03 0.47142824E-03 0.48781562E-03 0.50419516E-03 0.52167411E-03 0.54196268E-03 0.56760372E-03 0.60227929E-03 0.65121122E-03 0.72167170E-03 0.82361507E-03 0.97043381E-03 0.11798272E-02
0.35619484E-05 0.45962492E-05 0.58922165E-05 0.75043507E-05 0.94952629E-05 0.11936046E-04 0.14906438E-04 0.18494708E-04 0.22797210E-04 0.27917538E-04 0.33965217E-04 0.41053901E-04 0.49299024E-04 0.58814908E-04 0.69711334E-04 0.82089625E-04 0.96038312E-04 0.11162849E-03 0.12890904E-03 0.14790185E-03 0.16859734E-03 0.19095035E-03 0.21487693E-03 0.24025197E-03 0.26690821E-03 0.29463675E-03 0.32318934E-03 0.35228266E-03 0.38160495E-03 0.41082509E-03 0.43960451E-03 0.46761242E-03 0.49454498E-03 0.52014937E-03 0.54425461E-03 0.56681134E-03 0.58794453E-03 0.60802422E-03 0.62776183E-03 0.64834165E-03 0.67160010E-03 0.70026772E-03 0.73829098E-03 0.79125192E-03 0.86690173E-03 0.97582019E-03 0.11322030E-02 0.13547650E-02
0.44057923E-05 0.56851264E-05 0.72881196E-05 0.92821858E-05 0.11744772E-04 0.14763821E-04 0.18437968E-04 0.22876412E-04 0.28198361E-04 0.34531990E-04 0.42012838E-04 0.50781582E-04 0.60981150E-04 0.72753163E-04 0.86233720E-04 0.10154858E-03 0.11880783E-03 0.13810020E-03 0.15948718E-03 0.18299714E-03 0.20861982E-03 0.23630128E-03 0.26593988E-03 0.29738332E-03 0.33042733E-03 0.36481610E-03 0.40024496E-03 0.43636539E-03 0.47279279E-03 0.50911729E-03 0.54491782E-03 0.57978007E-03 0.61331886E-03 0.64520601E-03 0.67520539E-03 0.70321750E-03 0.72933744E-03 0.75393147E-03 0.77773987E-03 0.80201583E-03 0.82871324E-03 0.86073896E-03 0.90228673E-03 0.95927163E-03 0.10398815E-02 0.11552569E-02 0.13203027E-02 0.15546169E-02
0.54140145E-05 0.69861151E-05 0.89559451E-05 0.11406348E-04 0.14432501E-04 0.18142479E-04 0.22657509E-04 0.28111802E-04 0.34651891E-04 0.42435352E-04 0.51628847E-04 0.62405411E-04 0.74940924E-04 0.89409773E-04 0.10597972E-03 0.12480601E-03 0.14602492E-03 0.16974678E-03 0.19604886E-03 0.22496818E-03 0.25649479E-03 0.29056558E-03 0.32705928E-03 0.36579282E-03 0.40651947E-03 0.44892919E-03 0.49265158E-03 0.53726159E-03 0.58228861E-03 0.62722901E-03 0.67156272E-03 0.71477424E-03 0.75637866E-03 0.79595393E-03 0.83318073E-03 0.86789245E-03 0.90013892E-03 0.93026908E-03 0.95904029E-03 0.98776389E-03 0.10185003E-02 0.10543187E-02 0.10996405E-02 0.11606828E-02 0.12460220E-02 0.13672873E-02 0.15399867E-02 0.17844526E-02
0.66095797E-05 0.85288497E-05 0.10933685E-04 0.13925229E-04 0.17619685E-04 0.22149010E-04 0.27661227E-04 0.34320232E-04 0.42304983E-04 0.51807967E-04 0.63032828E-04 0.76191077E-04 0.91497836E-04 0.10916659E-03 0.12940298E-03 0.15239773E-03 0.17831881E-03 0.20730306E-03 0.23944761E-03 0.27480120E-03 0.31335600E-03 0.35504016E-03 0.39971160E-03 0.44715340E-03 0.49707133E-03 0.54909390E-03 0.60277537E-03 0.65760214E-03 0.71300303E-03 0.76836374E-03 0.82304603E-03 0.87641210E-03 0.92785498E-03 0.97683565E-03 0.10229286E-02 0.10658782E-02 0.11056686E-02 0.11426135E-02 0.11774716E-02 0.12115985E-02 0.12471477E-02 0.12873356E-02 0.13367892E-02 0.14019956E-02 0.14918693E-02 0.16184512E-02 0.17977403E-02 0.20506450E-02
0.80165473E-05 0.10344377E-04 0.13261143E-04 0.16889528E-04 0.21370485E-04 0.26864086E-04 0.33549906E-04 0.41626798E-04 0.51311931E-04 0.62838947E-04 0.76455121E-04 0.92417421E-04 0.11098741E-03 0.13242497E-03 0.15698087E-03 0.18488834E-03 0.21635369E-03 0.25154640E-03 0.29058875E-03 0.33354558E-03 0.38041437E-03 0.43111633E-03 0.48548870E-03 0.54327898E-03 0.60414149E-03 0.66763680E-03 0.73323456E-03 0.80032030E-03 0.86820662E-03 0.93614952E-03 0.10033703E-02 0.10690835E-02 0.11325326E-02 0.11930321E-02 0.12500206E-02 0.13031243E-02 0.13522344E-02 0.13976049E-02 0.14399746E-02 0.14807258E-02 0.15220888E-02 0.15674104E-02 0.16215024E-02 0.16910901E-02 0.17853768E-02 0.19167392E-02 0.21015546E-02 0.23611466E-02
0.96596188E-05 0.12464574E-04 0.15979190E-04 0.20351306E-04 0.25750788E-04 0.32370559E-04 0.40427063E-04 0.50160023E-04 0.61831299E-04 0.75722707E-04 0.92132654E-04 0.11137146E-03 0.13375534E-03 0.15959893E-03 0.18920658E-03 0.22286233E-03 0.26081894E-03 0.30328613E-03 0.35041842E-03 0.40230298E-03 0.45894793E-03 0.52027151E-03 0.58609278E-03 0.65612420E-03 0.72996687E-03 0.80710880E-03 0.88692702E-03 0.96869418E-03 0.10515903E-02 0.11347205E-02 0.12171394E-02 0.12978835E-02 0.13760112E-02 0.14506532E-02 0.15210725E-02 0.15867375E-02 0.16474093E-02 0.17032482E-02 0.17549446E-02 0.18038833E-02 0.18523524E-02 0.19038121E-02 0.19632398E-02 0.20375712E-02 0.21362555E-02 0.22719360E-02 0.24612619E-02 0.27258179E-02
0.11563566E-04 0.14921410E-04 0.19128814E-04 0.24362779E-04 0.30826688E-04 0.38751549E-04 0.48396576E-04 0.60048912E-04 0.74022312E-04 0.90654591E-04 0.11030367E-03 0.13334212E-03 0.16015007E-03 0.19110656E-03 0.22657929E-03 0.26691305E-03 0.31241689E-03 0.36335050E-03 0.41991009E-03 0.48221418E-03 0.55028986E-03 0.62405990E-03 0.70333135E-03 0.78778605E-03 0.87697381E-03 0.97030884E-03 0.10670702E-02 0.11664070E-02 0.12673502E-02 0.13688305E-02 0.14697053E-02 0.15687945E-02 0.16649273E-02 0.17570000E-02 0.18440467E-02 0.19253238E-02 0.20004097E-02 0.20693235E-02 0.21326668E-02 0.21917950E-02 0.22490306E-02 0.23079298E-02 0.23736206E-02 0.24532305E-02 0.25564221E-02 0.26960504E-02 0.28889465E-02 0.31568180E-02
0.13752538E-04 0.17746049E-04 0.22749977E-04 0.28974860E-04 0.36662635E-04 0.46088135E-04 0.57559800E-04 0.71419395E-04 0.88040501E-04 0.10782557E-03 0.13120135E-03 0.15861260E-03 0.19051388E-03 0.22735961E-03 0.26959233E-03 0.31762937E-03 0.37184827E-03 0.43257119E-03 0.50004875E-03 0.57444374E-03 0.65581511E-03 0.74410276E-03 0.83911353E-03 0.94050903E-03 0.10477958E-02 0.11603184E-02 0.12772572E-02 0.13976304E-02 0.15203036E-02 0.16440076E-02 0.17673655E-02 0.18889333E-02 0.20072520E-02 0.21209164E-02 0.22286581E-02 0.23294451E-02 0.24225993E-02 0.25079307E-02 0.25858943E-02 0.26577724E-02 0.27258917E-02 0.27938878E-02 0.28670313E-02 0.29526357E-02 0.30605639E-02 0.32038505E-02 0.33994443E-02 0.36690663E-02
0.16249245E-04 0.20967806E-04 0.26880273E-04 0.34235453E-04 0.43319289E-04 0.54456647E-04 0.68012204E-04 0.84390171E-04 0.10403260E-03 0.12741605E-03 0.15504637E-03 0.18745156E-03 0.22517245E-03 0.26875146E-03 0.31871934E-03 0.37558026E-03 0.43979540E-03 0.51176556E-03 0.59181302E-03 0.68016316E-03 0.77692613E-03 0.88207895E-03 0.99544844E-03 0.11166952E-02 0.12452995E-02 0.13805494E-02 0.15215329E-02 0.16671349E-02 0.18160419E-02 0.19667561E-02 0.21176227E-02 0.22668721E-02 0.24126802E-02 0.25532480E-02 0.26869021E-02 0.28122151E-02 0.29281457E-02 0.30341976E-02 0.31305967E-02 0.32184896E-02 0.33001683E-02 0.33793313E-02 0.34613945E-02 0.35538713E-02 0.36668400E-02 0.38135166E-02 0.40109427E-02 0.42807854E-02
0.19074051E-04 0.24612965E-04 0.31553416E-04 0.40187530E-04 0.50851080E-04 0.63925618E-04 0.79839573E-04 0.99068015E-04 0.12213081E-03 0.14958890E-03 0.18203851E-03 0.22010311E-03 0.26442314E-03 0.31564348E-03 0.37439889E-03 0.44129761E-03 0.51690350E-03 0.60171701E-03 0.69615542E-03 0.80053250E-03 0.91503788E-03 0.10397162E-02 0.11744461E-02 0.13189194E-02 0.14726203E-02 0.16348061E-02 0.18044903E-02 0.19804302E-02 0.21611228E-02 0.23448118E-02 0.25295103E-02 0.27130446E-02 0.28931212E-02 0.30674213E-02 0.32337232E-02 0.33900514E-02 0.35348496E-02 0.36671741E-02 0.37869027E-02 0.38949576E-02 0.39935430E-02 0.40864040E-02 0.41791196E-02 0.42794455E-02 0.43977301E-02 0.45474221E-02 0.47456857E-02 0.50141256E-02
0.22243963E-04 0.28703486E-04 0.36797580E-04 0.46867019E-04 0.59303553E-04 0.74552448E-04 0.93113850E-04 0.11554264E-03 0.14244649E-03 0.17448182E-03 0.21234746E-03 0.25677592E-03 0.30852219E-03 0.36835028E-03 0.43701757E-03 0.51525741E-03 0.60376026E-03 0.70315363E-03 0.81398117E-03 0.93668085E-03 0.10715622E-02 0.12187824E-02 0.13783202E-02 0.15499486E-02 0.17332048E-02 0.19273594E-02 0.21313857E-02 0.23439318E-02 0.25633015E-02 0.27874476E-02 0.30139858E-02 0.32402354E-02 0.34632938E-02 0.36801486E-02 0.38878292E-02 0.40835956E-02 0.42651589E-02 0.44309255E-02 0.45802532E-02 0.47137122E-02 0.48333455E-02 0.49429294E-02 0.50482438E-02 0.51573693E-02 0.52810352E-02 0.54330420E-02 0.56307820E-02 0.58958681E-02
0.25771576E-04 0.33255638E-04 0.42633653E-04 0.54300581E-04 0.68710546E-04 0.86379864E-04 0.10788874E-03 0.13388127E-03 0.16506353E-03 0.20219924E-03 0.24610312E-03 0.29763161E-03 0.35767109E-03 0.42712385E-03 0.50689198E-03 0.59785963E-03 0.70087400E-03 0.81672519E-03 0.94612509E-03 0.10896849E-02 0.12478907E-02 0.14210760E-02 0.16093903E-02 0.18127623E-02 0.20308571E-02 0.22630283E-02 0.25082664E-02 0.27651475E-02 0.30317889E-02 0.33058198E-02 0.35843782E-02 0.38641431E-02 0.41414147E-02 0.44122480E-02 0.46726436E-02 0.49187919E-02 0.51473621E-02 0.53558203E-02 0.55427575E-02 0.57082099E-02 0.58539566E-02 0.59837886E-02 0.61037541E-02 0.62223970E-02 0.63510154E-02 0.65039738E-02 0.66991003E-02 0.69581909E-02
0.29663984E-04 0.38278595E-04 0.49073437E-04 0.62503319E-04 0.79091306E-04 0.99432304E-04 0.12419518E-03 0.15412306E-03 0.19003146E-03 0.23280401E-03 0.28338557E-03 0.34277284E-03 0.41200250E-03 0.49213723E-03 0.58425001E-03 0.68940718E-03 0.80865050E-03 0.94297848E-03 0.10933265E-02 0.12605448E-02 0.14453736E-02 0.16484119E-02 0.18700796E-02 0.21105679E-02 0.23697796E-02 0.26472561E-02 0.29420954E-02 0.32528648E-02 0.35775184E-02 0.39133312E-02 0.42568656E-02 0.46039877E-02 0.49499489E-02 0.52895455E-02 0.56173615E-02 0.59280908E-02 0.62169243E-02 0.64799760E-02 0.67147188E-02 0.69203958E-02 0.70983786E-02 0.72524562E-02 0.73890523E-02 0.75173887E-02 0.76496273E-02 0.78010350E-02 0.79902188E-02 0.82394703E-02
0.33921714E-04 0.43773063E-04 0.56117884E-04 0.71476538E-04 0.90447648E-04 0.11371235E-03 0.14203693E-03 0.17627358E-03 0.21735876E-03 0.26630916E-03 0.32421510E-03 0.39223139E-03 0.47156617E-03 0.56346797E-03 0.66921170E-03 0.79008403E-03 0.92736857E-03 0.10823306E-02 0.12562006E-02 0.14501553E-02 0.16652927E-02 0.19025986E-02 0.21628999E-02 0.24468001E-02 0.27545950E-02 0.30861654E-02 0.34408514E-02 0.38173121E-02 0.42133862E-02 0.46259694E-02 0.50509324E-02 0.54831066E-02 0.59163608E-02 0.63437917E-02 0.67580358E-02 0.71516995E-02 0.75178857E-02 0.78507793E-02 0.81462407E-02 0.84023554E-02 0.86198877E-02 0.88026071E-02 0.89574757E-02 0.90947137E-02 0.92277857E-02 0.93733691E-02 0.95513735E-02 0.97850744E-02
0.38537720E-04 0.49729981E-04 0.63755437E-04 0.81205624E-04 0.10276128E-03 0.12919735E-03 0.16138635E-03 0.20029964E-03 0.24700638E-03 0.30267010E-03 0.36854273E-03 0.44595667E-03 0.53631515E-03 0.64108179E-03 0.76176997E-03 0.89993287E-03 0.10571542E-02 0.12350395E-02 0.14352061E-02 0.16592700E-02 0.19088235E-02 0.21853997E-02 0.24904165E-02 0.28250929E-02 0.31903316E-02 0.35865659E-02 0.40135713E-02 0.44702509E-02 0.49544121E-02 0.54625583E-02 0.59897328E-02 0.65294514E-02 0.70737641E-02 0.76134794E-02 0.81385677E-02 0.86387402E-02 0.91041737E-02 0.95263243E-02 0.98987545E-02 0.10217886E-01 0.10483602E-01 0.10699635E-01 0.10873726E-01 0.11017555E-01 0.11146524E-01 0.11279454E-01 0.11438317E-01 0.11648085E-01
0.43496495E-04 0.56129376E-04 0.71960557E-04 0.91658177E-04 0.11599143E-03 0.14583648E-03 0.18218067E-03 0.22612461E-03 0.27888206E-03 0.34177747E-03 0.41624151E-03 0.50380513E-03 0.60609292E-03 0.72481692E-03 0.86177175E-03 0.10188322E-02 0.11979530E-02 0.14011710E-02 0.16306056E-02 0.18884549E-02 0.21769807E-02 0.24984718E-02 0.28551784E-02 0.32492039E-02 0.36823463E-02 0.41558818E-02 0.46702921E-02 0.52249451E-02 0.58177513E-02 0.64448323E-02 0.71002498E-02 0.77758552E-02 0.84613175E-02 0.91443837E-02 0.98114004E-02 0.10448097E-01 0.11040589E-01 0.11576515E-01 0.12046203E-01 0.12443722E-01 0.12767702E-01 0.13021828E-01 0.13214959E-01 0.13360894E-01 0.13477860E-01 0.13587853E-01 0.13715964E-01 0.13889865E-01
0.48773357E-04 0.62939434E-04 0.80692535E-04 0.10278249E-03 0.13007292E-03 0.16354824E-03 0.20431891E-03 0.25362462E-03 0.31283549E-03 0.38345124E-03 0.46709908E-03 0.56553098E-03 0.68062180E-03 0.81436961E-03 0.96889966E-03 0.11464732E-02 0.13495013E-02 0.15805620E-02 0.18424181E-02 0.21380284E-02 0.24705429E-02 0.28432706E-02 0.32596025E-02 0.37228753E-02 0.42361597E-02 0.48019623E-02 0.54218395E-02 0.60959343E-02 0.68224654E-02 0.75972180E-02 0.84131062E-02 0.92598922E-02 0.10124153E-01 0.10989576E-01 0.11837631E-01 0.12648630E-01 0.13403116E-01 0.14083457E-01 0.14675492E-01 0.15170013E-01 0.15563909E-01 0.15860814E-01 0.16071189E-01 0.16211855E-01 0.16305093E-01 0.16377476E-01 0.16458662E-01 0.16580365E-01
0.54333945E-04 0.70115863E-04 0.89894666E-04 0.11450647E-03 0.14491481E-03 0.18221880E-03 0.22765974E-03 0.28262577E-03 0.34865480E-03 0.42743618E-03 0.52081189E-03 0.63077873E-03 0.75949319E-03 0.90928125E-03 0.10826549E-02 0.12823369E-02 0.15112942E-02 0.17727775E-02 0.20703626E-02 0.24079843E-02 0.27899501E-02 0.32209152E-02 0.37057973E-02 0.42496071E-02 0.48571715E-02 0.55327312E-02 0.62794050E-02 0.70985348E-02 0.79889446E-02 0.89461832E-02 0.99618469E-02 0.11023105E-01 0.12112563E-01 0.13208585E-01 0.14286162E-01 0.15318331E-01 0.16278095E-01 0.17140648E-01 0.17885695E-01 0.18499544E-01 0.18976712E-01 0.19320800E-01 0.19544538E-01 0.19669003E-01 0.19722174E-01 0.19737081E-01 0.19749863E-01 0.19798041E-01
0.60134003E-04 0.77601594E-04 0.99493869E-04 0.12673721E-03 0.16039977E-03 0.20170113E-03 0.25202038E-03 0.31290268E-03 0.38606465E-03 0.47339922E-03 0.57698159E-03 0.69907804E-03 0.84216022E-03 0.10089277E-02 0.12023417E-02 0.14256715E-02 0.16825540E-02 0.19770644E-02 0.23137902E-02 0.26978973E-02 0.31351710E-02 0.36320062E-02 0.41953168E-02 0.48323302E-02 0.55502330E-02 0.63556371E-02 0.72538535E-02 0.82479833E-02 0.93378696E-02 0.10519000E-01 0.11781493E-01 0.13109345E-01 0.14480131E-01 0.15865337E-01 0.17231469E-01 0.18541949E-01 0.19759736E-01 0.20850422E-01 0.21785462E-01 0.22545135E-01 0.23120788E-01 0.23516053E-01 0.23746838E-01 0.23840119E-01 0.23831752E-01 0.23763679E-01 0.23680986E-01 0.23629249E-01
