Advanced/Day1/qtaim/urea/molecule/pato/urea_mol_pl2d_pato.SURFGRHO
DSAA
 161 161
-0.75589045E+01  0.75589045E+01  0.94486307E-01
-0.75589045E+01  0.75589045E+01  0.94486307E-01
 0.00000000E+00  0.00000000E+00
[rows 66 to 87 of 161, columns 96 to 143 of 161]
0.11238758E+00 0.98371541E-01 0.86045280E-01 0.75628216E-01 0.67183754E-01 0.60632880E-01 0.55776195E-01 0.52333717E-01 0.50000134E-01 0.48498989E-01 0.47617773E-01 0.47217373E-01 0.47220976E-01 0.47591842E-01 0.48308277E-01 0.49341755E-01 0.50642002E-01 0.52130737E-01 0.53703572E-01 0.55237866E-01 0.56603612E-01 0.57674758E-01 0.58339257E-01 0.58507019E-01 0.58115526E-01 0.57133066E-01 0.55559616E-01 0.53425486E-01 0.50788027E-01 0.47726850E-01 0.44338013E-01 0.40727534E-01 0.37004524E-01 0.33274323E-01 0.29632191E-01 0.26158231E-01 0.22914070E-01 0.19941580E-01 0.17263529E-01 0.14885783E-01 0.12800502E-01 0.10989759E-01 0.94290968E-02 0.80906855E-02 0.69458738E-02 0.59670766E-02 0.51290228E-02 0.44094502E-02
0.11760355E+00 0.10337053E+00 0.91027231E-01 0.80836111E-01 0.72838992E-01 0.66877449E-01 0.62642410E-01 0.59752754E-01 0.57840199E-01 0.56611271E-01 0.55872878E-01 0.55526763E-01 0.55545441E-01 0.55940364E-01 0.56729599E-01 0.57910414E-01 0.59441237E-01 0.61235497E-01 0.63166764E-01 0.65081676E-01 0.66815961E-01 0.68209760E-01 0.69120327E-01 0.69431817E-01 0.69062484E-01 0.67969289E-01 0.66149456E-01 0.63638625E-01 0.60506005E-01 0.56847694E-01 0.52779363E-01 0.48428911E-01 0.43929017E-01 0.39409438E-01 0.34989338E-01 0.30770489E-01 0.26832340E-01 0.23229645E-01 0.19992744E-01 0.17130083E-01 0.14632220E-01 0.12476502E-01 0.10631729E-01 0.90622924E-02 0.77315143E-02 0.66041125E-02 0.56478140E-02 0.48342468E-02
0.12388864E+00 0.10955694E+00 0.97404108E-01 0.87702251E-01 0.80420113E-01 0.75266047E-01 0.71786758E-01 0.69493894E-01 0.67969917E-01 0.66923705E-01 0.66198622E-01 0.65751154E-01 0.65615821E-01 0.65865142E-01 0.66569645E-01 0.67763249E-01 0.69420271E-01 0.71448722E-01 0.73699464E-01 0.75985534E-01 0.78103927E-01 0.79854403E-01 0.81054071E-01 0.81549468E-01 0.81227780E-01 0.80026359E-01 0.77937533E-01 0.75006161E-01 0.71320462E-01 0.66999690E-01 0.62182806E-01 0.57020043E-01 0.51666482E-01 0.46275496E-01 0.40990921E-01 0.35938621E-01 0.31219240E-01 0.26903818E-01 0.23033015E-01 0.19619606E-01 0.16653269E-01 0.14106505E-01 0.11940639E-01 0.10111202E-01 0.85722659E-02 0.72796251E-02 0.61928735E-02 0.52765405E-02
0.13069218E+00 0.11666865E+00 0.10518929E+00 0.96482420E-01 0.90370297E-01 0.86366758E-01 0.83849647E-01 0.82232343E-01 0.81071207E-01 0.80099942E-01 0.79216207E-01 0.78446566E-01 0.77903478E-01 0.77738625E-01 0.78094743E-01 0.79061462E-01 0.80644745E-01 0.82758312E-01 0.85237275E-01 0.87864379E-01 0.90396077E-01 0.92581313E-01 0.94175362E-01 0.94956320E-01 0.94748509E-01 0.93447998E-01 0.91038615E-01 0.87588930E-01 0.83230722E-01 0.78129733E-01 0.72461922E-01 0.66402026E-01 0.60121839E-01 0.53790577E-01 0.47571266E-01 0.41612235E-01 0.36036863E-01 0.30935588E-01 0.26362585E-01 0.22337372E-01 0.18850084E-01 0.15868703E-01 0.13346664E-01 0.11229750E-01 0.94616710E-02 0.79881471E-02 0.67595539E-02 0.57323667E-02
0.13766781E+00 0.12467461E+00 0.11466409E+00 0.10772261E+00 0.10342282E+00 0.10102487E+00 0.99734214E-01 0.98893002E-01 0.98062112E-01 0.97023564E-01 0.95746775E-01 0.94344404E-01 0.93025386E-01 0.92043930E-01 0.91643275E-01 0.91999968E-01 0.93182562E-01 0.95138838E-01 0.97712650E-01 0.10067422E+00 0.10374294E+00 0.10659552E+00 0.10887311E+00 0.11020933E+00 0.11028777E+00 0.10891141E+00 0.10604936E+00 0.10183345E+00 0.96505150E-01 0.90341529E-01 0.83596997E-01 0.76481747E-01 0.69171989E-01 0.61830948E-01 0.54621205E-01 0.47701676E-01 0.41214333E-01 0.35269845E-01 0.29938761E-01 0.25250205E-01 0.21196741E-01 0.17742729E-01 0.14833726E-01 0.12405192E-01 0.10389592E-01 0.87215778E-02 0.73413467E-02 0.61964606E-02
0.14474949E+00 0.13387882E+00 0.12647771E+00 0.12232789E+00 0.12063341E+00 0.12036987E+00 0.12060027E+00 0.12063911E+00 0.12008497E+00 0.11878919E+00 0.11680779E+00 0.11435421E+00 0.11175309E+00 0.10938840E+00 0.10764136E+00 0.10682333E+00 0.10712179E+00 0.10857967E+00 0.11110968E+00 0.11451644E+00 0.11849453E+00 0.12260165E+00 0.12624904E+00 0.12876100E+00 0.12951560E+00 0.12811587E+00 0.12450568E+00 0.11896612E+00 0.11199294E+00 0.10412095E+00 0.95783255E-01 0.87260331E-01 0.78713479E-01 0.70254030E-01 0.61997655E-01 0.54081058E-01 0.46647935E-01 0.39823922E-01 0.33696668E-01 0.28307548E-01 0.23653966E-01 0.19698135E-01 0.16378256E-01 0.13619306E-01 0.11341940E-01 0.94690098E-02 0.79297786E-02 0.66622019E-02
0.15226090E+00 0.14503151E+00 0.14170852E+00 0.14155546E+00 0.14332429E+00 0.14573631E+00 0.14777728E+00 0.14878496E+00 0.14842426E+00 0.14663036E+00 0.14355503E+00 0.13952275E+00 0.13499015E+00 0.13049835E+00 0.12661098E+00 0.12384146E+00 0.12258918E+00 0.12310794E+00 0.12550282E+00 0.12971168E+00 0.13542851E+00 0.14199504E+00 0.14836532E+00 0.15324700E+00 0.15541951E+00 0.15410307E+00 0.14920065E+00 0.14129238E+00 0.13138563E+00 0.12054527E+00 0.10958312E+00 0.98933969E-01 0.88723663E-01 0.78932780E-01 0.69541813E-01 0.60597472E-01 0.52205628E-01 0.44489706E-01 0.37550182E-01 0.31441824E-01 0.26169249E-01 0.21694413E-01 0.17949196E-01 0.14848393E-01 0.12300696E-01 0.10216763E-01 0.85144533E-02 0.71216597E-02
0.16105381E+00 0.15939237E+00 0.16180607E+00 0.16686405E+00 0.17289140E+00 0.17845730E+00 0.18255419E+00 0.18458836E+00 0.18430924E+00 0.18174046E+00 0.17712947E+00 0.17091288E+00 0.16368675E+00 0.15616991E+00 0.14915198E+00 0.14342955E+00 0.13974794E+00 0.13876331E+00 0.14099661E+00 0.14670178E+00 0.15560857E+00 0.16665376E+00 0.17793760E+00 0.18706775E+00 0.19181174E+00 0.19077251E+00 0.18379326E+00 0.17194306E+00 0.15709374E+00 0.14125209E+00 0.12594482E+00 0.11193010E+00 0.99296348E-01 0.87783716E-01 0.77098770E-01 0.67083891E-01 0.57735273E-01 0.49138848E-01 0.41395240E-01 0.34570581E-01 0.28678265E-01 0.23681978E-01 0.19508692E-01 0.16063792E-01 0.13244291E-01 0.10948669E-01 0.90832672E-02 0.75657579E-02
0.17259536E+00 0.17861909E+00 0.18831670E+00 0.19957138E+00 0.21044518E+00 0.21949797E+00 0.22580744E+00 0.22888039E+00 0.22855719E+00 0.22494267E+00 0.21836612E+00 0.20936132E+00 0.19865366E+00 0.18714196E+00 0.17586894E+00 0.16598848E+00 0.15874805E+00 0.15547707E+00 0.15747542E+00 0.16562571E+00 0.17972909E+00 0.19795677E+00 0.21692673E+00 0.23253978E+00 0.24119147E+00 0.24074917E+00 0.23097919E+00 0.21350710E+00 0.19133872E+00 0.16789661E+00 0.14591232E+00 0.12677375E+00 0.11059398E+00 0.96759543E-01 0.84525264E-01 0.73370126E-01 0.63074374E-01 0.53630254E-01 0.45115281E-01 0.37600377E-01 0.31107647E-01 0.25604146E-01 0.21013533E-01 0.17232916E-01 0.14148361E-01 0.11646625E-01 0.96228129E-02 0.79845679E-02
0.18881983E+00 0.20435050E+00 0.22237148E+00 0.24034192E+00 0.25630092E+00 0.26893460E+00 0.27746796E+00 0.28153083E+00 0.28105285E+00 0.27620035E+00 0.26735137E+00 0.25509666E+00 0.24025136E+00 0.22386330E+00 0.20721581E+00 0.19184716E+00 0.17962709E+00 0.17286436E+00 0.17416799E+00 0.18555825E+00 0.20690020E+00 0.23490725E+00 0.26378122E+00 0.28720311E+00 0.30042339E+00 0.30108092E+00 0.28884756E+00 0.26533785E+00 0.23434496E+00 0.20101864E+00 0.16996148E+00 0.14373175E+00 0.12267979E+00 0.10578407E+00 0.91673389E-01 0.79285741E-01 0.68058359E-01 0.57818407E-01 0.48588101E-01 0.40432028E-01 0.33378905E-01 0.27400040E-01 0.22417272E-01 0.18320807E-01 0.14986879E-01 0.12291406E-01 0.10118961E-01 0.83677233E-02
0.21156411E+00 0.23752173E+00 0.26406395E+00 0.28861674E+00 0.30941485E+00 0.32537808E+00 0.33593369E+00 0.34085857E+00 0.34016797E+00 0.33405826E+00 0.32289988E+00 0.30726675E+00 0.28798252E+00 0.26616367E+00 0.24325722E+00 0.22111670E+00 0.20221964E+00 0.19006587E+00 0.18923854E+00 0.20370505E+00 0.23329773E+00 0.27199259E+00 0.31019567E+00 0.33929597E+00 0.35528489E+00 0.35786199E+00 0.34653973E+00 0.32050722E+00 0.28233046E+00 0.23874254E+00 0.19718596E+00 0.16233859E+00 0.13527063E+00 0.11464168E+00 0.98351810E-01 0.84653387E-01 0.72525611E-01 0.61561179E-01 0.51693211E-01 0.42966678E-01 0.35413156E-01 0.29008172E-01 0.23672906E-01 0.19292103E-01 0.15733579E-01 0.12863688E-01 0.10557587E-01 0.87049338E-02
0.24170159E+00 0.27769937E+00 0.31195578E+00 0.34218973E+00 0.36698883E+00 0.38559879E+00 0.39771014E+00 0.40327867E+00 0.40240307E+00 0.39527046E+00 0.38216815E+00 0.36354740E+00 0.34011373E+00 0.31291302E+00 0.28339973E+00 0.25354468E+00 0.22618537E+00 0.20589892E+00 0.19983202E+00 0.21517700E+00 0.25171981E+00 0.29861971E+00 0.34034657E+00 0.36640518E+00 0.37845826E+00 0.38449407E+00 0.38345868E+00 0.36551196E+00 0.32717198E+00 0.27633111E+00 0.22487157E+00 0.18108234E+00 0.14754695E+00 0.12288174E+00 0.10428758E+00 0.89279658E-01 0.76320448E-01 0.64726611E-01 0.54318951E-01 0.45112015E-01 0.37136177E-01 0.30370381E-01 0.24735855E-01 0.20113250E-01 0.16363566E-01 0.13345205E-01 0.10925394E-01 0.89865595E-02
0.27847733E+00 0.32279563E+00 0.36297385E+00 0.39722075E+00 0.42459434E+00 0.44475332E+00 0.45771035E+00 0.46362766E+00 0.46268310E+00 0.45501763E+00 0.44076237E+00 0.42013288E+00 0.39356436E+00 0.36184512E+00 0.32620995E+00 0.28843567E+00 0.25122409E+00 0.21954693E+00 0.20305418E+00 0.21403640E+00 0.25326244E+00 0.30249160E+00 0.33692848E+00 0.34370273E+00 0.33837249E+00 0.35152357E+00 0.37900802E+00 0.38703343E+00 0.35985144E+00 0.30759656E+00 0.24898759E+00 0.19755022E+00 0.15818445E+00 0.12982000E+00 0.10912454E+00 0.92956866E-01 0.79297992E-01 0.67199228E-01 0.56368931E-01 0.46788106E-01 0.38483304E-01 0.31435751E-01 0.25566980E-01 0.20754754E-01 0.16854968E-01 0.13719937E-01 0.11210748E-01 0.92041975E-02
0.31949941E+00 0.36936957E+00 0.41291588E+00 0.44896139E+00 0.47712907E+00 0.49754471E+00 0.51055387E+00 0.51650916E+00 0.51564755E+00 0.50804874E+00 0.49366336E+00 0.47240946E+00 0.44432926E+00 0.40976306E+00 0.36946972E+00 0.32468174E+00 0.27736844E+00 0.23167668E+00 0.19812539E+00 0.19582123E+00 0.23108901E+00 0.27685942E+00 0.29481301E+00 0.26450085E+00 0.22069253E+00 0.25281233E+00 0.33595784E+00 0.38511820E+00 0.37657632E+00 0.32767318E+00 0.26551227E+00 0.20908707E+00 0.16567286E+00 0.13468130E+00 0.11248148E+00 0.95485856E-01 0.81334505E-01 0.68886729E-01 0.57767670E-01 0.47932408E-01 0.39403735E-01 0.32164124E-01 0.26135331E-01 0.21193264E-01 0.17190465E-01 0.13975202E-01 0.11404454E-01 0.93512226E-02
0.36140858E+00 0.41351397E+00 0.45760397E+00 0.49322815E+00 0.52062484E+00 0.54033518E+00 0.55289743E+00 0.55870045E+00 0.55796757E+00 0.55076763E+00 0.53699472E+00 0.51636741E+00 0.48852964E+00 0.45324534E+00 0.41057203E+00 0.36090676E+00 0.30505384E+00 0.24519592E+00 0.18931362E+00 0.16110681E+00 0.18395169E+00 0.22638734E+00 0.23368845E+00 0.16969445E+00 0.49792788E-01 0.15673800E+00 0.30135678E+00 0.37806849E+00 0.38068464E+00 0.33460900E+00 0.27172526E+00 0.21366309E+00 0.16880921E+00 0.13684217E+00 0.11405674E+00 0.96716424E-01 0.82342632E-01 0.69726970E-01 0.58465272E-01 0.48503694E-01 0.39863912E-01 0.32528900E-01 0.26420359E-01 0.21413251E-01 0.17358525E-01 0.14102557E-01 0.11500391E-01 0.94232287E-02
0.40093304E+00 0.45210872E+00 0.49446033E+00 0.52843284E+00 0.55488263E+00 0.57447179E+00 0.58733960E+00 0.59327604E+00 0.59221702E+00 0.58450430E+00 0.57059573E+00 0.55056172E+00 0.52389206E+00 0.48972474E+00 0.44721130E+00 0.39570482E+00 0.33474087E+00 0.26434557E+00 0.18745137E+00 0.12094696E+00 0.11659496E+00 0.16508437E+00 0.19075476E+00 0.16219346E+00 0.12957888E+00 0.21055063E+00 0.32094149E+00 0.38014263E+00 0.37552734E+00 0.32824185E+00 0.26673569E+00 0.21053218E+00 0.16713402E+00 0.13605897E+00 0.11372976E+00 0.96587030E-01 0.82285852E-01 0.69693768E-01 0.58440726E-01 0.48484633E-01 0.39849732E-01 0.32518880E-01 0.26413386E-01 0.21408127E-01 0.17354235E-01 0.14098387E-01 0.11495933E-01 0.94183225E-02
0.43595347E+00 0.48411606E+00 0.52435081E+00 0.55857363E+00 0.58848910E+00 0.61408609E+00 0.63283948E+00 0.64107566E+00 0.63714226E+00 0.62310435E+00 0.60285236E+00 0.57896862E+00 0.55148368E+00 0.51864214E+00 0.47815216E+00 0.42794194E+00 0.36631126E+00 0.29190456E+00 0.20430314E+00 0.10679313E+00 0.37681215E-01 0.10983150E+00 0.17863144E+00 0.21841703E+00 0.25135908E+00 0.30371352E+00 0.35780002E+00 0.37938832E+00 0.35845563E+00 0.30897410E+00 0.25151866E+00 0.20046377E+00 0.16110393E+00 0.13256157E+00 0.11160379E+00 0.95141895E-01 0.81184848E-01 0.68799481E-01 0.57703331E-01 0.47882861E-01 0.39367431E-01 0.32138990E-01 0.26118174E-01 0.21180686E-01 0.17179626E-01 0.13964149E-01 0.11392115E-01 0.93372396E-02
0.46628965E+00 0.51182992E+00 0.55440089E+00 0.60026129E+00 0.65491969E+00 0.71672828E+00 0.77044073E+00 0.79276162E+00 0.77250401E+00 0.72242565E+00 0.66595612E+00 0.61755862E+00 0.57831524E+00 0.54256562E+00 0.50383860E+00 0.45706722E+00 0.39881431E+00 0.32700040E+00 0.24103044E+00 0.14318701E+00 0.48649331E-01 0.86215543E-01 0.17475698E+00 0.24602695E+00 0.29958712E+00 0.33985394E+00 0.36229513E+00 0.35788506E+00 0.32649601E+00 0.27894220E+00 0.22887321E+00 0.18551286E+00 0.15192148E+00 0.12696188E+00 0.10796516E+00 0.92515509E-01 0.79112373E-01 0.67093358E-01 0.56291967E-01 0.46730428E-01 0.38443081E-01 0.31409842E-01 0.25550561E-01 0.20742816E-01 0.16843457E-01 0.13706209E-01 0.11193523E-01 0.91832690E-02
0.49411820E+00 0.54246104E+00 0.60463437E+00 0.70646363E+00 0.87974060E+00 0.11274749E+01 0.13718504E+01 0.14737418E+01 0.13626073E+01 0.11182259E+01 0.87889146E+00 0.71613465E+00 0.62333903E+00 0.56858626E+00 0.52674079E+00 0.48334285E+00 0.43084530E+00 0.36590515E+00 0.28852480E+00 0.20342320E+00 0.12799217E+00 0.11422230E+00 0.17129502E+00 0.23775467E+00 0.28957462E+00 0.32076476E+00 0.32922620E+00 0.31519463E+00 0.28353263E+00 0.24312310E+00 0.20288205E+00 0.16835651E+00 0.14109768E+00 0.12002633E+00 0.10318280E+00 0.88894015E-01 0.76179739E-01 0.64656486E-01 0.54272372E-01 0.45081657E-01 0.37120716E-01 0.30366137E-01 0.24737185E-01 0.20114517E-01 0.16360490E-01 0.13335323E-01 0.10907927E-01 0.89619976E-02
0.52397870E+00 0.59078113E+00 0.72574836E+00 0.10443144E+01 0.17252519E+01 0.28367279E+01 0.40163172E+01 0.45195646E+01 0.39514358E+01 0.27581641E+01 0.16755040E+01 0.10292322E+01 0.73323847E+00 0.61056601E+00 0.55135332E+00 0.50785130E+00 0.46119720E+00 0.40449153E+00 0.33717787E+00 0.26418730E+00 0.19835283E+00 0.16406894E+00 0.17803031E+00 0.21747473E+00 0.25427424E+00 0.27570802E+00 0.27845372E+00 0.26433884E+00 0.23855709E+00 0.20773811E+00 0.17759982E+00 0.15141506E+00 0.12995458E+00 0.11243219E+00 0.97603734E-01 0.84475181E-01 0.72522023E-01 0.61595231E-01 0.51732841E-01 0.43009530E-01 0.35459198E-01 0.29054068E-01 0.23713417E-01 0.19322338E-01 0.15750335E-01 0.12865808E-01 0.10545693E-01 0.86809020E-02
0.56199076E+00 0.68218956E+00 0.10312921E+01 0.20573422E+01 0.45507900E+01 0.89982796E+01 0.14099329E+02 0.16391209E+02 0.13792408E+02 0.86436646E+01 0.43236813E+01 0.19629431E+01 0.10106292E+01 0.69156153E+00 0.58344452E+00 0.53208642E+00 0.48921396E+00 0.43988177E+00 0.38123452E+00 0.31699588E+00 0.25623766E+00 0.21244278E+00 0.19687236E+00 0.20534073E+00 0.22120914E+00 0.23125655E+00 0.23024097E+00 0.21854973E+00 0.19955354E+00 0.17746134E+00 0.15571095E+00 0.13618549E+00 0.11930320E+00 0.10462345E+00 0.91494218E-01 0.79445320E-01 0.68287704E-01 0.58034644E-01 0.48778729E-01 0.40600830E-01 0.33528061E-01 0.27527924E-01 0.22520720E-01 0.18397377E-01 0.15035989E-01 0.12314488E-01 0.10119048E-01 0.83488352E-02
0.61307255E+00 0.84689149E+00 0.16932959E+01 0.45137017E+01 0.12070513E+02 0.27650118E+02 0.49383850E+02 0.60572458E+02 0.47935751E+02 0.26274809E+02 0.11322572E+02 0.42147968E+01 0.16089741E+01 0.83824033E+00 0.62748276E+00 0.55700898E+00 0.51461263E+00 0.47066546E+00 0.41834993E+00 0.35965482E+00 0.30126785E+00 0.25212252E+00 0.21979083E+00 0.20530063E+00 0.20171103E+00 0.20000307E+00 0.19463341E+00 0.18422863E+00 0.16999267E+00 0.15400256E+00 0.13804218E+00 0.12309886E+00 0.10941237E+00 0.96808730E-01 0.85040467E-01 0.73976856E-01 0.63633408E-01 0.54111964E-01 0.45525952E-01 0.37950319E-01 0.31402650E-01 0.25846232E-01 0.21203685E-01 0.17373076E-01 0.14242225E-01 0.11699547E-01 0.96412597E-02 0.79754590E-02
