Advanced/Day1/qtaim/urea/molecule/pato/urea_mol_pl2d_pato.SURFGRHO
DSAA
 161 161
-0.75589045E+01  0.75589045E+01  0.94486307E-01
-0.75589045E+01  0.75589045E+01  0.94486307E-01
 0.00000000E+00  0.00000000E+00
[rows 132 to 153 of 161, columns 48 to 95 of 161]
0.71791444E-02 0.76910715E-02 0.81872999E-02 0.86563541E-02 0.90861192E-02 0.94644365E-02 0.97797858E-02 0.10021997E-01 0.10182922E-01 0.10257003E-01 0.10241668E-01 0.10137521E-01 0.99482915E-02 0.96805654E-02 0.93433133E-02 0.89472766E-02 0.85042739E-02 0.80264998E-02 0.75258822E-02 0.70135539E-02 0.64994768E-02 0.59922394E-02 0.54990303E-02 0.50257791E-02 0.45774467E-02 0.41584438E-02 0.37731538E-02 0.34265217E-02 0.31246276E-02 0.28750629E-02 0.26867710E-02 0.25689224E-02 0.25287160E-02 0.25689224E-02 0.26867710E-02 0.28750629E-02 0.31246276E-02 0.34265217E-02 0.37731538E-02 0.41584438E-02 0.45774467E-02 0.50257791E-02 0.54990303E-02 0.59922394E-02 0.64994768E-02 0.70135539E-02 0.75258822E-02 0.80264998E-02
0.60376090E-02 0.64426448E-02 0.68327921E-02 0.71995148E-02 0.75338969E-02 0.78270627E-02 0.80706551E-02 0.82573312E-02 0.83812304E-02 0.84383669E-02 0.84269054E-02 0.83472904E-02 0.82022146E-02 0.79964292E-02 0.77364189E-02 0.74299754E-02 0.70857163E-02 0.67125963E-02 0.63194589E-02 0.59146654E-02 0.55058287E-02 0.50996688E-02 0.47019920E-02 0.43177908E-02 0.39514530E-02 0.36070689E-02 0.32888161E-02 0.30013921E-02 0.27504223E-02 0.25426919E-02 0.23859341E-02 0.22878645E-02 0.22544209E-02 0.22878645E-02 0.23859341E-02 0.25426919E-02 0.27504223E-02 0.30013921E-02 0.32888161E-02 0.36070689E-02 0.39514530E-02 0.43177908E-02 0.47019920E-02 0.50996688E-02 0.55058287E-02 0.59146654E-02 0.63194589E-02 0.67125963E-02
0.50916694E-02 0.54147156E-02 0.57239535E-02 0.60130007E-02 0.62752701E-02 0.65042660E-02 0.66939170E-02 0.68389191E-02 0.69350578E-02 0.69794781E-02 0.69708734E-02 0.69095740E-02 0.67975256E-02 0.66381593E-02 0.64361686E-02 0.61972171E-02 0.59276066E-02 0.56339404E-02 0.53228117E-02 0.50005444E-02 0.46730062E-02 0.43455036E-02 0.40227665E-02 0.37090165E-02 0.34081183E-02 0.31238022E-02 0.28599470E-02 0.26208957E-02 0.24117433E-02 0.22384709E-02 0.21077163E-02 0.20259533E-02 0.19980823E-02 0.20259533E-02 0.21077163E-02 0.22384709E-02 0.24117433E-02 0.26208957E-02 0.28599470E-02 0.31238022E-02 0.34081183E-02 0.37090165E-02 0.40227665E-02 0.43455036E-02 0.46730062E-02 0.50005444E-02 0.53228117E-02 0.56339404E-02
0.43024289E-02 0.45623729E-02 0.48097412E-02 0.50397200E-02 0.52474060E-02 0.54280146E-02 0.55771108E-02 0.56908457E-02 0.57661775E-02 0.58010548E-02 0.57945463E-02 0.57469004E-02 0.56595308E-02 0.55349283E-02 0.53765090E-02 0.51884148E-02 0.49752869E-02 0.47420342E-02 0.44936178E-02 0.42348702E-02 0.39703636E-02 0.37043344E-02 0.34406686E-02 0.31829503E-02 0.29345678E-02 0.26988760E-02 0.24794025E-02 0.22800775E-02 0.21054354E-02 0.19606835E-02 0.18514761E-02 0.17832249E-02 0.17599698E-02 0.17832249E-02 0.18514761E-02 0.19606835E-02 0.21054354E-02 0.22800775E-02 0.24794025E-02 0.26988760E-02 0.29345678E-02 0.31829503E-02 0.34406686E-02 0.37043344E-02 0.39703636E-02 0.42348702E-02 0.44936178E-02 0.47420342E-02
0.36390600E-02 0.38500841E-02 0.40498284E-02 0.42346196E-02 0.44007675E-02 0.45447116E-02 0.46631813E-02 0.47533595E-02 0.48130328E-02 0.48407170E-02 0.48357443E-02 0.47983046E-02 0.47294354E-02 0.46309620E-02 0.45053953E-02 0.43557961E-02 0.41856200E-02 0.39985595E-02 0.37983941E-02 0.35888648E-02 0.33735795E-02 0.31559582E-02 0.29392205E-02 0.27264172E-02 0.25205055E-02 0.23244657E-02 0.21414521E-02 0.19749597E-02 0.18289631E-02 0.17079457E-02 0.16166873E-02 0.15596913E-02 0.15402802E-02 0.15596913E-02 0.16166873E-02 0.17079457E-02 0.18289631E-02 0.19749597E-02 0.21414521E-02 0.23244657E-02 0.25205055E-02 0.27264172E-02 0.29392205E-02 0.31559582E-02 0.33735795E-02 0.35888648E-02 0.37983941E-02 0.39985595E-02
0.30775420E-02 0.32502329E-02 0.34129391E-02 0.35628189E-02 0.36970564E-02 0.38129659E-02 0.39081045E-02 0.39803837E-02 0.40281738E-02 0.40503882E-02 0.40465439E-02 0.40167884E-02 0.39618937E-02 0.38832158E-02 0.37826256E-02 0.36624163E-02 0.35251983E-02 0.33737896E-02 0.32111123E-02 0.30401038E-02 0.28636488E-02 0.26845384E-02 0.25054582E-02 0.23290087E-02 0.21577578E-02 0.19943246E-02 0.18414889E-02 0.17023124E-02 0.15802342E-02 0.14790742E-02 0.14028430E-02 0.13552686E-02 0.13390743E-02 0.13552686E-02 0.14028430E-02 0.14790742E-02 0.15802342E-02 0.17023124E-02 0.18414889E-02 0.19943246E-02 0.21577578E-02 0.23290087E-02 0.25054582E-02 0.26845384E-02 0.28636488E-02 0.30401038E-02 0.32111123E-02 0.33737896E-02
0.25993740E-02 0.27416284E-02 0.28751474E-02 0.29977006E-02 0.31071061E-02 0.32013065E-02 0.32784478E-02 0.33369577E-02 0.33756174E-02 0.33936199E-02 0.33906106E-02 0.33667064E-02 0.33224914E-02 0.32589899E-02 0.31776188E-02 0.30801252E-02 0.29685133E-02 0.28449689E-02 0.27117867E-02 0.25713062E-02 0.24258625E-02 0.22777547E-02 0.21292343E-02 0.19825180E-02 0.18398233E-02 0.17034287E-02 0.15757535E-02 0.14594453E-02 0.13574451E-02 0.12729767E-02 0.12093802E-02 0.11697248E-02 0.11562331E-02 0.11697248E-02 0.12093802E-02 0.12729767E-02 0.13574451E-02 0.14594453E-02 0.15757535E-02 0.17034287E-02 0.18398233E-02 0.19825180E-02 0.21292343E-02 0.22777547E-02 0.24258625E-02 0.25713062E-02 0.27117867E-02 0.28449689E-02
0.21903772E-02 0.23081153E-02 0.24182923E-02 0.25191325E-02 0.26089196E-02 0.26860512E-02 0.27490964E-02 0.27968510E-02 0.28283876E-02 0.28430960E-02 0.28407118E-02 0.28213292E-02 0.27853983E-02 0.27337067E-02 0.26673471E-02 0.25876736E-02 0.24962518E-02 0.23948046E-02 0.22851608E-02 0.21692084E-02 0.20488576E-02 0.19260154E-02 0.18025754E-02 0.16804238E-02 0.15614645E-02 0.14476610E-02 0.13410955E-02 0.12440309E-02 0.11589563E-02 0.10885680E-02 0.10356276E-02 0.10026473E-02 0.99143283E-03 0.10026473E-02 0.10356276E-02 0.10885680E-02 0.11589563E-02 0.12440309E-02 0.13410955E-02 0.14476610E-02 0.15614645E-02 0.16804238E-02 0.18025754E-02 0.19260154E-02 0.20488576E-02 0.21692084E-02 0.22851608E-02 0.23948046E-02
0.18396492E-02 0.19373615E-02 0.20285932E-02 0.21119137E-02 0.21859534E-02 0.22494455E-02 0.23012672E-02 0.23404800E-02 0.23663656E-02 0.23784545E-02 0.23765456E-02 0.23607159E-02 0.23313185E-02 0.22889700E-02 0.22345277E-02 0.21690593E-02 0.20938068E-02 0.20101487E-02 0.19195612E-02 0.18235844E-02 0.17237932E-02 0.16217768E-02 0.15191290E-02 0.14174505E-02 0.13183652E-02 0.12235506E-02 0.11347800E-02 0.10539680E-02 0.98320084E-03 0.92471478E-03 0.88077705E-03 0.85343181E-03 0.84413870E-03 0.85343181E-03 0.88077705E-03 0.92471478E-03 0.98320084E-03 0.10539680E-02 0.11347800E-02 0.12235506E-02 0.13183652E-02 0.14174505E-02 0.15191290E-02 0.16217768E-02 0.17237932E-02 0.18235844E-02 0.19195612E-02 0.20101487E-02
0.15387005E-02 0.16198533E-02 0.16955027E-02 0.17644851E-02 0.18256955E-02 0.18781185E-02 0.19208603E-02 0.19531784E-02 0.19745070E-02 0.19844784E-02 0.19829372E-02 0.19699470E-02 0.19457891E-02 0.19109540E-02 0.18661246E-02 0.18121551E-02 0.17500444E-02 0.16809083E-02 0.16059507E-02 0.15264375E-02 0.14436738E-02 0.13589866E-02 0.12737161E-02 0.11892151E-02 0.11068597E-02 0.10280707E-02 0.95434414E-03 0.88728470E-03 0.82862535E-03 0.78020632E-03 0.74387611E-03 0.72128813E-03 0.71361610E-03 0.72128813E-03 0.74387611E-03 0.78020632E-03 0.82862535E-03 0.88728470E-03 0.95434414E-03 0.10280707E-02 0.11068597E-02 0.11892151E-02 0.12737161E-02 0.13589866E-02 0.14436738E-02 0.15264375E-02 0.16059507E-02 0.16809083E-02
0.12807751E-02 0.13481036E-02 0.14107995E-02 0.14679103E-02 0.15185365E-02 0.15618566E-02 0.15971508E-02 0.16238239E-02 0.16414242E-02 0.16496597E-02 0.16484082E-02 0.16377225E-02 0.16178298E-02 0.15891249E-02 0.15521589E-02 0.15076225E-02 0.14563276E-02 0.13991849E-02 0.13371830E-02 0.12713672E-02 0.12028213E-02 0.11326535E-02 0.10619876E-02 0.99196110E-03 0.92373204E-03 0.85849390E-03 0.79749794E-03 0.74207711E-03 0.69365916E-03 0.65374699E-03 0.62383763E-03 0.60526050E-03 0.59895431E-03 0.60526050E-03 0.62383763E-03 0.65374699E-03 0.69365916E-03 0.74207711E-03 0.79749794E-03 0.85849390E-03 0.92373204E-03 0.99196110E-03 0.10619876E-02 0.11326535E-02 0.12028213E-02 0.12713672E-02 0.13371830E-02 0.13991849E-02
0.10603415E-02 0.11160559E-02 0.11679033E-02 0.12151012E-02 0.12569142E-02 0.12926727E-02 0.13217927E-02 0.13437925E-02 0.13583080E-02 0.13651047E-02 0.13640852E-02 0.13552936E-02 0.13389148E-02 0.13152696E-02 0.12848063E-02 0.12480881E-02 0.12057786E-02 0.11586255E-02 0.11074431E-02 0.10530962E-02 0.99648478E-03 0.93853199E-03 0.88017638E-03 0.82236912E-03 0.76607781E-03 0.71229705E-03 0.66206458E-03 0.61647858E-03 0.57670617E-03 0.54396595E-03 0.51946238E-03 0.50425807E-03 0.49909968E-03 0.50425807E-03 0.51946238E-03 0.54396595E-03 0.57670617E-03 0.61647858E-03 0.66206458E-03 0.71229705E-03 0.76607781E-03 0.82236912E-03 0.88017638E-03 0.93853199E-03 0.99648478E-03 0.10530962E-02 0.11074431E-02 0.11586255E-02
0.87272891E-03 0.91865540E-03 0.96137979E-03 0.10002592E-02 0.10346908E-02 0.10641273E-02 0.10880925E-02 0.11061947E-02 0.11181384E-02 0.11237337E-02 0.11229026E-02 0.11156817E-02 0.11022223E-02 0.10827864E-02 0.10577404E-02 0.10275453E-02 0.99274560E-03 0.95395586E-03 0.91184758E-03 0.86713544E-03 0.82056510E-03 0.77290287E-03 0.72492856E-03 0.67743245E-03 0.63121726E-03 0.58710543E-03 0.54595076E-03 0.50865098E-03 0.47615309E-03 0.44943832E-03 0.42946960E-03 0.41709124E-03 0.41289386E-03 0.41709124E-03 0.42946960E-03 0.44943832E-03 0.47615309E-03 0.50865098E-03 0.54595076E-03 0.58710543E-03 0.63121726E-03 0.67743245E-03 0.72492856E-03 0.77290287E-03 0.82056510E-03 0.86713544E-03 0.91184758E-03 0.95395586E-03
0.71388014E-03 0.75155543E-03 0.78660000E-03 0.81848641E-03 0.84672080E-03 0.87085572E-03 0.89050232E-03 0.90534128E-03 0.91513220E-03 0.91972084E-03 0.91904412E-03 0.91313256E-03 0.90211006E-03 0.88619109E-03 0.86567547E-03 0.84094096E-03 0.81243416E-03 0.78066016E-03 0.74617155E-03 0.70955741E-03 0.67143313E-03 0.63243163E-03 0.59319706E-03 0.55438165E-03 0.51664648E-03 0.48066646E-03 0.44713874E-03 0.41679167E-03 0.39038818E-03 0.36871310E-03 0.35253142E-03 0.34251009E-03 0.33911372E-03 0.34251009E-03 0.35253142E-03 0.36871310E-03 0.39038818E-03 0.41679167E-03 0.44713874E-03 0.48066646E-03 0.51664648E-03 0.55438165E-03 0.59319706E-03 0.63243163E-03 0.67143313E-03 0.70955741E-03 0.74617155E-03 0.78066016E-03
0.58019320E-03 0.61092747E-03 0.63951689E-03 0.66553022E-03 0.68856400E-03 0.70825302E-03 0.72428020E-03 0.73638541E-03 0.74437300E-03 0.74811761E-03 0.74756823E-03 0.74275011E-03 0.73376464E-03 0.72078714E-03 0.70406271E-03 0.68390036E-03 0.66066567E-03 0.63477249E-03 0.60667397E-03 0.57685356E-03 0.54581653E-03 0.51408263E-03 0.48218050E-03 0.45064469E-03 0.42001567E-03 0.39084316E-03 0.36369217E-03 0.33914938E-03 0.31782521E-03 0.30034326E-03 0.28730756E-03 0.27924187E-03 0.27650965E-03 0.27924187E-03 0.28730756E-03 0.30034326E-03 0.31782521E-03 0.33914938E-03 0.36369217E-03 0.39084316E-03 0.42001567E-03 0.45064469E-03 0.48218050E-03 0.51408263E-03 0.54581653E-03 0.57685356E-03 0.60667397E-03 0.63477249E-03
0.46842554E-03 0.49334413E-03 0.51652707E-03 0.53762344E-03 0.55630502E-03 0.57227484E-03 0.58527517E-03 0.59509467E-03 0.60157448E-03 0.60461296E-03 0.60416884E-03 0.60026290E-03 0.59297784E-03 0.58245652E-03 0.56889867E-03 0.55255613E-03 0.53372698E-03 0.51274881E-03 0.48999139E-03 0.46584931E-03 0.44073498E-03 0.41507241E-03 0.38929252E-03 0.36383028E-03 0.33912431E-03 0.31561911E-03 0.29376925E-03 0.27404399E-03 0.25692843E-03 0.24291493E-03 0.23247749E-03 0.22602505E-03 0.22384034E-03 0.22602505E-03 0.23247749E-03 0.24291493E-03 0.25692843E-03 0.27404399E-03 0.29376925E-03 0.31561911E-03 0.33912431E-03 0.36383028E-03 0.38929252E-03 0.41507241E-03 0.44073498E-03 0.46584931E-03 0.48999139E-03 0.51274881E-03
0.37564010E-03 0.39571201E-03 0.41438972E-03 0.43138931E-03 0.44644520E-03 0.45931710E-03 0.46979652E-03 0.47771252E-03 0.48293664E-03 0.48538672E-03 0.48502956E-03 0.48188210E-03 0.47601146E-03 0.46753352E-03 0.45661024E-03 0.44344585E-03 0.42828213E-03 0.41139290E-03 0.39307811E-03 0.37365782E-03 0.35346641E-03 0.33284745E-03 0.31214969E-03 0.29172449E-03 0.27192526E-03 0.25310875E-03 0.23563811E-03 0.21988612E-03 0.20623573E-03 0.19507321E-03 0.18676830E-03 0.18163843E-03 0.17990231E-03 0.18163843E-03 0.18676830E-03 0.19507321E-03 0.20623573E-03 0.21988612E-03 0.23563811E-03 0.25310875E-03 0.27192526E-03 0.29172449E-03 0.31214969E-03 0.33284745E-03 0.35346641E-03 0.37365782E-03 0.39307811E-03 0.41139290E-03
0.29917666E-03 0.31523507E-03 0.33018167E-03 0.34378821E-03 0.35584114E-03 0.36614721E-03 0.37453868E-03 0.38087807E-03 0.38506206E-03 0.38702460E-03 0.38673904E-03 0.38421914E-03 0.37951904E-03 0.37273219E-03 0.36398915E-03 0.35345455E-03 0.34132327E-03 0.32781601E-03 0.31317449E-03 0.29765655E-03 0.28153141E-03 0.26507547E-03 0.24856892E-03 0.23229353E-03 0.21653194E-03 0.20156846E-03 0.18769117E-03 0.17519416E-03 0.16437781E-03 0.15554326E-03 0.14897717E-03 0.14492453E-03 0.14355356E-03 0.14492453E-03 0.14897717E-03 0.15554326E-03 0.16437781E-03 0.17519416E-03 0.18769117E-03 0.20156846E-03 0.21653194E-03 0.23229353E-03 0.24856892E-03 0.26507547E-03 0.28153141E-03 0.29765655E-03 0.31317449E-03 0.32781601E-03
0.23663684E-03 0.24939499E-03 0.26127289E-03 0.27208831E-03 0.28167068E-03 0.28986556E-03 0.29653894E-03 0.30158089E-03 0.30490884E-03 0.30647003E-03 0.30624316E-03 0.30423933E-03 0.30050194E-03 0.29510583E-03 0.28815556E-03 0.27978296E-03 0.27014405E-03 0.25941548E-03 0.24779067E-03 0.23547586E-03 0.22268624E-03 0.20964255E-03 0.19656825E-03 0.18368763E-03 0.17122509E-03 0.15940560E-03 0.14845609E-03 0.13860705E-03 0.13009253E-03 0.12314587E-03 0.11798799E-03 0.11480687E-03 0.11373115E-03 0.11480687E-03 0.11798799E-03 0.12314587E-03 0.13009253E-03 0.13860705E-03 0.14845609E-03 0.15940560E-03 0.17122509E-03 0.18368763E-03 0.19656825E-03 0.20964255E-03 0.22268624E-03 0.23547586E-03 0.24779067E-03 0.25941548E-03
0.18587472E-03 0.19593931E-03 0.20531196E-03 0.21384820E-03 0.22141274E-03 0.22788306E-03 0.23315277E-03 0.23713463E-03 0.23976308E-03 0.24099622E-03 0.24081719E-03 0.23923484E-03 0.23628371E-03 0.23202333E-03 0.22653685E-03 0.21992906E-03 0.21232400E-03 0.20386203E-03 0.19469681E-03 0.18499207E-03 0.17491856E-03 0.16465126E-03 0.15436704E-03 0.14424317E-03 0.13445650E-03 0.12518378E-03 0.11660255E-03 0.10889224E-03 0.10223407E-03 0.96807706E-04 0.92782390E-04 0.90301511E-04 0.89462903E-04 0.90301511E-04 0.92782390E-04 0.96807706E-04 0.10223407E-03 0.10889224E-03 0.11660255E-03 0.12518378E-03 0.13445650E-03 0.14424317E-03 0.15436704E-03 0.16465126E-03 0.17491856E-03 0.18499207E-03 0.19469681E-03 0.20386203E-03
0.14498836E-03 0.15287154E-03 0.16021464E-03 0.16690398E-03 0.17283303E-03 0.17790527E-03 0.18203689E-03 0.18515912E-03 0.18722027E-03 0.18818733E-03 0.18804703E-03 0.18680636E-03 0.18449262E-03 0.18115281E-03 0.17685255E-03 0.17167456E-03 0.16571670E-03 0.15908968E-03 0.15191466E-03 0.14432065E-03 0.13644214E-03 0.12841677E-03 0.12038356E-03 0.11248151E-03 0.10484906E-03 0.97624054E-04 0.90944454E-04 0.84949022E-04 0.79777168E-04 0.75566377E-04 0.72445528E-04 0.70523359E-04 0.69873842E-04 0.70523359E-04 0.72445528E-04 0.75566377E-04 0.79777168E-04 0.84949022E-04 0.90944454E-04 0.97624054E-04 0.10484906E-03 0.11248151E-03 0.12038356E-03 0.12841677E-03 0.13644214E-03 0.14432065E-03 0.15191466E-03 0.15908968E-03
0.11230972E-03 0.11844013E-03 0.12415197E-03 0.12935643E-03 0.13397025E-03 0.13791798E-03 0.14113403E-03 0.14356462E-03 0.14516929E-03 0.14592223E-03 0.14581304E-03 0.14484724E-03 0.14304621E-03 0.14044679E-03 0.13710039E-03 0.13307181E-03 0.12843767E-03 0.12328465E-03 0.11770754E-03 0.11180727E-03 0.10568894E-03 0.99460044E-04 0.93228995E-04 0.87104049E-04 0.81192742E-04 0.75601866E-04 0.70437878E-04 0.65807380E-04 0.61816938E-04 0.58571110E-04 0.56167444E-04 0.54687918E-04 0.54188142E-04 0.54687918E-04 0.56167444E-04 0.58571110E-04 0.61816938E-04 0.65807380E-04 0.70437878E-04 0.75601866E-04 0.81192742E-04 0.87104049E-04 0.93228995E-04 0.99460044E-04 0.10568894E-03 0.11180727E-03 0.11770754E-03 0.12328465E-03
