Advanced/Day1/qtaim/urea/molecule/pato/urea_mol_pl2d_pato.SURFRHOO
DSAA
 161 161
-0.75589045E+01  0.75589045E+01  0.94486307E-01
-0.75589045E+01  0.75589045E+01  0.94486307E-01
 0.00000000E+00  0.00000000E+00
[rows 132 to 153 of 161, columns 0 to 47 of 161]
0.10923832E-06 0.15552938E-06 0.22037717E-06 0.31072587E-06 0.43590066E-06 0.60833489E-06 0.84448523E-06 0.11659714E-05 0.16009808E-05 0.21859778E-05 0.29677627E-05 0.40059167E-05 0.53756693E-05 0.71712070E-05 0.95094437E-05 0.12534228E-04 0.16420959E-04 0.21381536E-04 0.27669530E-04 0.35585428E-04 0.45481734E-04 0.57767683E-04 0.72913268E-04 0.91452233E-04 0.11398368E-03 0.14117189E-03 0.17374408E-03 0.21248565E-03 0.25823292E-03 0.31186292E-03 0.37428057E-03 0.44640308E-03 0.52914197E-03 0.62338287E-03 0.72996330E-03 0.84964872E-03 0.98310637E-03 0.11308769E-02 0.12933425E-02 0.14706911E-02 0.16628745E-02 0.18695609E-02 0.20900798E-02 0.23233615E-02 0.25678729E-02 0.28215550E-02 0.30817689E-02 0.33452591E-02
0.91523368E-07 0.13067843E-06 0.18564873E-06 0.26238611E-06 0.36889126E-06 0.51584089E-06 0.71737729E-06 0.99209181E-06 0.13642368E-05 0.18652009E-05 0.25352855E-05 0.34258146E-05 0.46016074E-05 0.61438357E-05 0.81532677E-05 0.10753901E-04 0.14096935E-04 0.18365032E-04 0.23776763E-04 0.30591111E-04 0.39111837E-04 0.49691504E-04 0.62734877E-04 0.78701413E-04 0.98106501E-04 0.12152112E-03 0.14956958E-03 0.18292510E-03 0.22230285E-03 0.26845051E-03 0.32213614E-03 0.38413340E-03 0.45520447E-03 0.53608065E-03 0.62744108E-03 0.72988969E-03 0.84393056E-03 0.96994163E-03 0.11081465E-02 0.12585840E-02 0.14210749E-02 0.15951863E-02 0.17801923E-02 0.19750336E-02 0.21782773E-02 0.23880802E-02 0.26021606E-02 0.28177855E-02
0.76537523E-07 0.10955081E-06 0.15598428E-06 0.22091245E-06 0.31116236E-06 0.43585116E-06 0.60706296E-06 0.84069204E-06 0.11574818E-05 0.15842903E-05 0.21556126E-05 0.29153901E-05 0.39191301E-05 0.52363544E-05 0.69533799E-05 0.91764288E-05 0.12035031E-04 0.15685670E-04 0.20315584E-04 0.26146609E-04 0.33438905E-04 0.42494365E-04 0.53659490E-04 0.67327456E-04 0.83939073E-04 0.10398236E-03 0.12799042E-03 0.15653734E-03 0.19023187E-03 0.22970881E-03 0.27561786E-03 0.32861013E-03 0.38932233E-03 0.45835885E-03 0.53627201E-03 0.62354076E-03 0.72054811E-03 0.82755740E-03 0.94468769E-03 0.10718881E-02 0.12089116E-02 0.13552873E-02 0.15102939E-02 0.16729321E-02 0.18419010E-02 0.20155778E-02 0.21920069E-02 0.23689001E-02
0.63845120E-07 0.91577204E-07 0.13064367E-06 0.18534731E-06 0.26148101E-06 0.36678550E-06 0.51152590E-06 0.70921001E-06 0.97747341E-06 0.13391577E-05 0.18236070E-05 0.24682099E-05 0.33202042E-05 0.44387621E-05 0.58973604E-05 0.77864230E-05 0.10216221E-04 0.13319971E-04 0.17257069E-04 0.22216348E-04 0.28419244E-04 0.36122672E-04 0.45621450E-04 0.57250004E-04 0.71383132E-04 0.88435540E-04 0.10885990E-03 0.13314316E-03 0.16180093E-03 0.19536974E-03 0.23439713E-03 0.27942951E-03 0.33099797E-03 0.38960209E-03 0.45569219E-03 0.52965009E-03 0.61176891E-03 0.70223218E-03 0.80109251E-03 0.90825024E-03 0.10234322E-02 0.11461713E-02 0.12757871E-02 0.14113686E-02 0.15517603E-02 0.16955533E-02 0.18410840E-02 0.19864416E-02
0.53093624E-07 0.76293115E-07 0.10901755E-06 0.15489478E-06 0.21881176E-06 0.30730202E-06 0.42903350E-06 0.59541654E-06 0.82135301E-06 0.11261488E-05 0.15346120E-05 0.20783566E-05 0.27973309E-05 0.37415822E-05 0.49732605E-05 0.65688581E-05 0.86216557E-05 0.11244348E-04 0.14571770E-04 0.18763656E-04 0.24007298E-04 0.30519976E-04 0.38550978E-04 0.48383025E-04 0.60332863E-04 0.74750814E-04 0.92019042E-04 0.11254831E-03 0.13677304E-03 0.16514455E-03 0.19812233E-03 0.23616339E-03 0.27970972E-03 0.32917407E-03 0.38492418E-03 0.44726591E-03 0.51642544E-03 0.59253114E-03 0.67559538E-03 0.76549665E-03 0.86196269E-03 0.96455477E-03 0.10726541E-02 0.11854507E-02 0.13019364E-02 0.14209022E-02 0.15409423E-02 0.16604664E-02
0.43992665E-07 0.63314385E-07 0.90596934E-07 0.12888285E-06 0.18227054E-06 0.25624157E-06 0.35807085E-06 0.49733791E-06 0.68655686E-06 0.94194380E-06 0.12843402E-05 0.17403094E-05 0.23434219E-05 0.31357386E-05 0.41694961E-05 0.55089879E-05 0.72326236E-05 0.94351285E-05 0.12229841E-04 0.15751020E-04 0.20156081E-04 0.25627625E-04 0.32375129E-04 0.40636117E-04 0.50676637E-04 0.62790838E-04 0.77299455E-04 0.94547000E-04 0.11489750E-03 0.13872866E-03 0.16642429E-03 0.19836515E-03 0.23491804E-03 0.27642347E-03 0.32318198E-03 0.37543950E-03 0.43337204E-03 0.49707006E-03 0.56652311E-03 0.64160503E-03 0.72206032E-03 0.80749214E-03 0.89735257E-03 0.99093574E-03 0.10873747E-02 0.11856425E-02 0.12845593E-02 0.13828052E-02
0.36306060E-07 0.52317088E-07 0.74950276E-07 0.10673553E-06 0.15109097E-06 0.21258759E-06 0.29729366E-06 0.41320181E-06 0.57075543E-06 0.78348978E-06 0.10688035E-05 0.14488749E-05 0.19517353E-05 0.26125087E-05 0.34748192E-05 0.45923624E-05 0.60306241E-05 0.78687202E-05 0.10201308E-04 0.13140517E-04 0.16817809E-04 0.21385671E-04 0.27019014E-04 0.33916142E-04 0.42299130E-04 0.52413450E-04 0.64526659E-04 0.78926010E-04 0.95914813E-04 0.11580745E-03 0.13892296E-03 0.16557718E-03 0.19607342E-03 0.23069199E-03 0.26967843E-03 0.31323103E-03 0.36148777E-03 0.41451312E-03 0.47228508E-03 0.53468301E-03 0.60147664E-03 0.67231674E-03 0.74672816E-03 0.82410559E-03 0.90371272E-03 0.98468543E-03 0.10660396E-02 0.11466841E-02
0.29829675E-07 0.43031215E-07 0.61706742E-07 0.87952474E-07 0.12460004E-06 0.17543765E-06 0.24549563E-06 0.34140089E-06 0.47181391E-06 0.64796088E-06 0.88427412E-06 0.11991528E-05 0.16158536E-05 0.21635200E-05 0.28783500E-05 0.38049004E-05 0.49975131E-05 0.65218404E-05 0.84564336E-05 0.10894339E-04 0.13944642E-04 0.17733870E-04 0.22407143E-04 0.28128976E-04 0.35083577E-04 0.43474520E-04 0.53523637E-04 0.65468996E-04 0.79561843E-04 0.96062397E-04 0.11523444E-03 0.13733871E-03 0.16262501E-03 0.19132338E-03 0.22363415E-03 0.25971742E-03 0.29968206E-03 0.34357463E-03 0.39136859E-03 0.44295431E-03 0.49813016E-03 0.55659529E-03 0.61794453E-03 0.68166578E-03 0.74714054E-03 0.81364781E-03 0.88037189E-03 0.94641434E-03
0.24391672E-07 0.35218455E-07 0.50542898E-07 0.72094406E-07 0.10220101E-06 0.14398377E-06 0.20158645E-06 0.28046901E-06 0.38776789E-06 0.53273495E-06 0.72726554E-06 0.98652583E-06 0.13296878E-05 0.17807769E-05 0.23696362E-05 0.31330011E-05 0.41156757E-05 0.53717894E-05 0.69661065E-05 0.89753436E-05 0.11489437E-04 0.14612699E-04 0.18464765E-04 0.23181250E-04 0.28913983E-04 0.35830734E-04 0.44114279E-04 0.53960718E-04 0.65576921E-04 0.79177027E-04 0.94977933E-04 0.11319376E-03 0.13402934E-03 0.15767271E-03 0.18428698E-03 0.21400139E-03 0.24690224E-03 0.28302367E-03 0.32233873E-03 0.36475118E-03 0.41008834E-03 0.45809542E-03 0.50843169E-03 0.56066901E-03 0.61429289E-03 0.66870651E-03 0.72323801E-03 0.77715103E-03
0.19844161E-07 0.28674094E-07 0.41178811E-07 0.58771598E-07 0.83361410E-07 0.11749892E-06 0.16457721E-06 0.22906622E-06 0.31680914E-06 0.43538198E-06 0.59452630E-06 0.80666314E-06 0.10874951E-05 0.14567015E-05 0.19387270E-05 0.25636633E-05 0.33682117E-05 0.43967137E-05 0.57022219E-05 0.73475790E-05 0.94064582E-05 0.11964303E-04 0.15119107E-04 0.18981945E-04 0.23677164E-04 0.29342148E-04 0.36126548E-04 0.44190893E-04 0.53704474E-04 0.64842458E-04 0.77782164E-04 0.92698487E-04 0.10975850E-03 0.12911532E-03 0.15090124E-03 0.17522051E-03 0.20214174E-03 0.23169032E-03 0.26384113E-03 0.29851181E-03 0.33555704E-03 0.37476404E-03 0.41584974E-03 0.45845985E-03 0.50217022E-03 0.54649057E-03 0.59087097E-03 0.63471089E-03
0.16058890E-07 0.23219105E-07 0.33363685E-07 0.47641608E-07 0.67603537E-07 0.95327913E-07 0.13357079E-06 0.18596947E-06 0.25727763E-06 0.35365923E-06 0.48304070E-06 0.65552934E-06 0.88390335E-06 0.11841777E-05 0.15762460E-05 0.20845982E-05 0.27391041E-05 0.35758514E-05 0.46380183E-05 0.59767501E-05 0.76520058E-05 0.97333245E-05 0.12300454E-04 0.15443785E-04 0.19264504E-04 0.23874395E-04 0.29395214E-04 0.35957540E-04 0.43699057E-04 0.52762178E-04 0.63291005E-04 0.75427578E-04 0.89307460E-04 0.10505468E-03 0.12277619E-03 0.14255583E-03 0.16444821E-03 0.18847248E-03 0.21460639E-03 0.24278084E-03 0.27287527E-03 0.30471412E-03 0.33806467E-03 0.37263647E-03 0.40808275E-03 0.44400369E-03 0.47995200E-03 0.51544051E-03
0.12924094E-07 0.18696341E-07 0.26877433E-07 0.38395587E-07 0.54503721E-07 0.76879831E-07 0.10775540E-06 0.15006654E-06 0.20765692E-06 0.28550936E-06 0.39003182E-06 0.52939575E-06 0.71393238E-06 0.95659018E-06 0.12734546E-05 0.16843271E-05 0.22133599E-05 0.28897334E-05 0.37483610E-05 0.48305988E-05 0.61849285E-05 0.78675773E-05 0.99430281E-05 0.12484363E-04 0.15573391E-04 0.19300487E-04 0.23764075E-04 0.29069702E-04 0.35328639E-04 0.42655956E-04 0.51168047E-04 0.60979590E-04 0.72199955E-04 0.84929107E-04 0.99253072E-04 0.11523909E-03 0.13293060E-03 0.15234220E-03 0.17345484E-03 0.19621147E-03 0.22051326E-03 0.24621689E-03 0.27313281E-03 0.30102499E-03 0.32961209E-03 0.35857039E-03 0.38753837E-03 0.41612304E-03
0.10342154E-07 0.14967705E-07 0.21525542E-07 0.30760786E-07 0.43679336E-07 0.61628509E-07 0.86398653E-07 0.12035169E-06 0.16657086E-06 0.22905934E-06 0.31296405E-06 0.42484864E-06 0.57301187E-06 0.76785514E-06 0.10222999E-05 0.13522535E-05 0.17771181E-05 0.23203355E-05 0.30099533E-05 0.38791946E-05 0.49670071E-05 0.63185601E-05 0.79856534E-05 0.10026996E-04 0.12508303E-04 0.15502167E-04 0.19087642E-04 0.23349499E-04 0.28377091E-04 0.34262811E-04 0.41100092E-04 0.48980959E-04 0.57993135E-04 0.68216735E-04 0.79720620E-04 0.92558482E-04 0.10676480E-03 0.12235081E-03 0.13930061E-03 0.15756768E-03 0.17707187E-03 0.19769727E-03 0.21929083E-03 0.24166225E-03 0.26458502E-03 0.28779881E-03 0.31101331E-03 0.33391335E-03
0.82278258E-08 0.11911997E-07 0.17136500E-07 0.24495663E-07 0.34791906E-07 0.49100097E-07 0.68848661E-07 0.95920676E-07 0.13278027E-06 0.18261834E-06 0.24954328E-06 0.33879312E-06 0.45699077E-06 0.61243741E-06 0.81544558E-06 0.10787109E-05 0.14177190E-05 0.18511788E-05 0.24014761E-05 0.30951272E-05 0.39632172E-05 0.50417966E-05 0.63722076E-05 0.80013054E-05 0.99815367E-05 0.12370835E-04 0.15232288E-04 0.18633538E-04 0.22645885E-04 0.27343041E-04 0.32799536E-04 0.39088763E-04 0.46280656E-04 0.54439051E-04 0.63618766E-04 0.73862472E-04 0.85197462E-04 0.97632414E-04 0.11115431E-03 0.12572563E-03 0.14128200E-03 0.15773045E-03 0.17494841E-03 0.19278363E-03 0.21105502E-03 0.22955468E-03 0.24805095E-03 0.26629260E-03
0.65068345E-08 0.94231812E-08 0.13559684E-07 0.19387365E-07 0.27542217E-07 0.38876238E-07 0.54521748E-07 0.75971557E-07 0.10517777E-06 0.14467218E-06 0.19771376E-06 0.26845154E-06 0.36213839E-06 0.48535627E-06 0.64628212E-06 0.85498256E-06 0.11237364E-05 0.14673789E-05 0.19036603E-05 0.24536065E-05 0.31418659E-05 0.39970244E-05 0.50518633E-05 0.63435350E-05 0.79136251E-05 0.98080679E-05 0.12076885E-04 0.14773705E-04 0.17955053E-04 0.21679363E-04 0.26005712E-04 0.30992262E-04 0.36694423E-04 0.43162757E-04 0.50440650E-04 0.58561839E-04 0.67547838E-04 0.77405374E-04 0.88123940E-04 0.99673575E-04 0.11200301E-03 0.12503828E-03 0.13868196E-03 0.15281311E-03 0.16728801E-03 0.18194171E-03 0.19659056E-03 0.21103551E-03
0.51147126E-08 0.74089202E-08 0.10663540E-07 0.15249473E-07 0.21667560E-07 0.30588788E-07 0.42904955E-07 0.59791828E-07 0.82786994E-07 0.11388469E-06 0.15564991E-06 0.21135637E-06 0.28513696E-06 0.38217809E-06 0.50892119E-06 0.67329636E-06 0.88497639E-06 0.11556483E-05 0.14992951E-05 0.19324807E-05 0.24746226E-05 0.31482399E-05 0.39791571E-05 0.49966415E-05 0.62334526E-05 0.77257750E-05 0.95130114E-05 0.11637408E-04 0.14143486E-04 0.17077271E-04 0.20485290E-04 0.24413345E-04 0.28905063E-04 0.34000243E-04 0.39733023E-04 0.46129924E-04 0.53207827E-04 0.60971946E-04 0.69413907E-04 0.78509993E-04 0.88219689E-04 0.98484602E-04 0.10922786E-03 0.12035408E-03 0.13174994E-03 0.14328547E-03 0.15481603E-03 0.16618489E-03
0.39957949E-08 0.57892754E-08 0.83339051E-08 0.11919867E-07 0.16939026E-07 0.23916399E-07 0.33549810E-07 0.46759320E-07 0.64748158E-07 0.89076950E-07 0.12175303E-06 0.16533652E-06 0.22306675E-06 0.29899828E-06 0.39817370E-06 0.52679942E-06 0.69244575E-06 0.90425938E-06 0.11731844E-05 0.15121843E-05 0.19364562E-05 0.24636247E-05 0.31139013E-05 0.39101920E-05 0.48781353E-05 0.60460507E-05 0.74447753E-05 0.91073705E-05 0.11068679E-04 0.13364718E-04 0.16031895E-04 0.19106047E-04 0.22621308E-04 0.26608808E-04 0.31095242E-04 0.36101340E-04 0.41640274E-04 0.47716084E-04 0.54322162E-04 0.61439885E-04 0.69037481E-04 0.77069178E-04 0.85474748E-04 0.94179476E-04 0.10309464E-03 0.11211849E-03 0.12113783E-03 0.13003005E-03
0.31023124E-08 0.44955055E-08 0.64724250E-08 0.92586366E-08 0.13158761E-07 0.18580942E-07 0.26067682E-07 0.36334277E-07 0.50316196E-07 0.69226799E-07 0.94626786E-07 0.12850669E-06 0.17338349E-06 0.23241405E-06 0.30951522E-06 0.40951397E-06 0.53829654E-06 0.70297494E-06 0.91205867E-06 0.11756277E-05 0.15054985E-05 0.19153752E-05 0.24209733E-05 0.30401031E-05 0.37927001E-05 0.47007835E-05 0.57883304E-05 0.70810467E-05 0.86060229E-05 0.10391261E-04 0.12465069E-04 0.14855304E-04 0.17588502E-04 0.20688859E-04 0.24177121E-04 0.28069389E-04 0.32375888E-04 0.37099736E-04 0.42235766E-04 0.47769468E-04 0.53676103E-04 0.59920046E-04 0.66454432E-04 0.73221137E-04 0.80151148E-04 0.87165348E-04 0.94175718E-04 0.10108696E-03
0.23935547E-08 0.34689310E-08 0.49950172E-08 0.71460172E-08 0.10157198E-07 0.14343793E-07 0.20124817E-07 0.28052763E-07 0.38850202E-07 0.53454369E-07 0.73070812E-07 0.99237124E-07 0.13389758E-06 0.17948932E-06 0.23904015E-06 0.31628018E-06 0.41575268E-06 0.54295316E-06 0.70445509E-06 0.90804502E-06 0.11628513E-05 0.14794600E-05 0.18700111E-05 0.23482630E-05 0.29296153E-05 0.36310777E-05 0.44711717E-05 0.54697542E-05 0.66477517E-05 0.80267944E-05 0.96287462E-05 0.11475127E-04 0.13586431E-04 0.15981343E-04 0.18675884E-04 0.21682485E-04 0.25009034E-04 0.28657928E-04 0.32625160E-04 0.36899508E-04 0.41461842E-04 0.46284625E-04 0.51331637E-04 0.56557963E-04 0.61910279E-04 0.67327465E-04 0.72741530E-04 0.78078868E-04
0.18350848E-08 0.26598506E-08 0.38303817E-08 0.54803444E-08 0.77902649E-08 0.11002035E-07 0.15437191E-07 0.21519707E-07 0.29804076E-07 0.41009538E-07 0.56061252E-07 0.76139201E-07 0.10273549E-06 0.13772046E-06 0.18341781E-06 0.24268833E-06 0.31902358E-06 0.41663672E-06 0.54057393E-06 0.69681102E-06 0.89235348E-06 0.11353259E-05 0.14350449E-05 0.18020696E-05 0.22482184E-05 0.27865453E-05 0.34312646E-05 0.41976155E-05 0.51016574E-05 0.61599900E-05 0.73893921E-05 0.88063778E-05 0.10426673E-04 0.12264617E-04 0.14332501E-04 0.16639860E-04 0.19192745E-04 0.21992988E-04 0.25037507E-04 0.28317683E-04 0.31818824E-04 0.35519789E-04 0.39392771E-04 0.43403292E-04 0.47510426E-04 0.51667260E-04 0.55821617E-04 0.59917016E-04
0.13979990E-08 0.20265072E-08 0.29185608E-08 0.41760569E-08 0.59366186E-08 0.83846549E-08 0.11765299E-07 0.16401782E-07 0.22716854E-07 0.31258869E-07 0.42733188E-07 0.58039463E-07 0.78315325E-07 0.10498680E-06 0.13982556E-06 0.18501283E-06 0.24320922E-06 0.31762937E-06 0.41212209E-06 0.53123983E-06 0.68032558E-06 0.86557386E-06 0.10940883E-05 0.13739199E-05 0.17140792E-05 0.21245195E-05 0.26160784E-05 0.32003749E-05 0.38896534E-05 0.46965701E-05 0.56339174E-05 0.67142862E-05 0.79496657E-05 0.93509875E-05 0.10927622E-04 0.12686838E-04 0.14633244E-04 0.16768236E-04 0.19089461E-04 0.21590341E-04 0.24259673E-04 0.27081331E-04 0.30034110E-04 0.33091720E-04 0.36222951E-04 0.39392037E-04 0.42559193E-04 0.45681361E-04
0.10582336E-08 0.15341078E-08 0.22095606E-08 0.31617665E-08 0.44949604E-08 0.63488153E-08 0.89089998E-08 0.12420340E-07 0.17203043E-07 0.23672461E-07 0.32362871E-07 0.43955727E-07 0.59312746E-07 0.79514101E-07 0.10590179E-06 0.14012805E-06 0.18420822E-06 0.24057737E-06 0.31214906E-06 0.40237646E-06 0.51530250E-06 0.65562075E-06 0.82871213E-06 0.10406749E-05 0.12983348E-05 0.16092310E-05 0.19815728E-05 0.24241613E-05 0.29462715E-05 0.35574900E-05 0.42675066E-05 0.50858584E-05 0.60216266E-05 0.70830910E-05 0.82773486E-05 0.96099045E-05 0.11084249E-04 0.12701438E-04 0.14459687E-04 0.16354012E-04 0.18375923E-04 0.20513205E-04 0.22749792E-04 0.25065769E-04 0.27437493E-04 0.29837871E-04 0.32236770E-04 0.34601572E-04
