Advanced/Day1/qtaim/urea/molecule/pato/urea_mol_pl2d_pato.SURFRHOO
DSAA
 161 161
-0.75589045E+01  0.75589045E+01  0.94486307E-01
-0.75589045E+01  0.75589045E+01  0.94486307E-01
 0.00000000E+00  0.00000000E+00
[rows 66 to 87 of 161, columns 96 to 143 of 161]
0.78327932E-01 0.69138176E-01 0.61303241E-01 0.54689186E-01 0.49153736E-01 0.44556109E-01 0.40764036E-01 0.37658298E-01 0.35135162E-01 0.33107085E-01 0.31502019E-01 0.30261578E-01 0.29338357E-01 0.28692649E-01 0.28288910E-01 0.28092280E-01 0.28065560E-01 0.28167008E-01 0.28349255E-01 0.28559585E-01 0.28741600E-01 0.28838163E-01 0.28795276E-01 0.28566364E-01 0.28116367E-01 0.27424954E-01 0.26488330E-01 0.25319307E-01 0.23945604E-01 0.22406677E-01 0.20749587E-01 0.19024512E-01 0.17280511E-01 0.15561985E-01 0.13906178E-01 0.12341781E-01 0.10888612E-01 0.95581569E-02 0.83547172E-02 0.72768771E-02 0.63190576E-02 0.54729674E-02 0.47288390E-02 0.40763948E-02 0.35055405E-02 0.30068100E-02 0.25716083E-02 0.21923004E-02
0.82657519E-01 0.73393642E-01 0.65531648E-01 0.58931974E-01 0.53441898E-01 0.48908558E-01 0.45188513E-01 0.42154001E-01 0.39696275E-01 0.37726515E-01 0.36174770E-01 0.34987356E-01 0.34123108E-01 0.33548880E-01 0.33234744E-01 0.33149331E-01 0.33255831E-01 0.33509127E-01 0.33854492E-01 0.34228111E-01 0.34559503E-01 0.34775675E-01 0.34806571E-01 0.34591159E-01 0.34083315E-01 0.33256529E-01 0.32106595E-01 0.30651759E-01 0.28930288E-01 0.26995948E-01 0.24912223E-01 0.22746160E-01 0.20562661E-01 0.18419833E-01 0.16365739E-01 0.14436700E-01 0.12657012E-01 0.11039833E-01 0.95888577E-02 0.83003858E-02 0.71654708E-02 0.61718868E-02 0.53057757E-02 0.45529094E-02 0.38995720E-02 0.33331077E-02 0.28421984E-02 0.24169424E-02
0.87996320E-01 0.78627958E-01 0.70724425E-01 0.64134714E-01 0.58690605E-01 0.54223042E-01 0.50574365E-01 0.47606363E-01 0.45204540E-01 0.43279178E-01 0.41763787E-01 0.40611504E-01 0.39789991E-01 0.39275367E-01 0.39045771E-01 0.39075172E-01 0.39328096E-01 0.39755914E-01 0.40295207E-01 0.40868546E-01 0.41387742E-01 0.41759370E-01 0.41892133E-01 0.41705337E-01 0.41137398E-01 0.40152917E-01 0.38746842E-01 0.36944722E-01 0.34799020E-01 0.32382421E-01 0.29779597E-01 0.27078851E-01 0.24364662E-01 0.21711792E-01 0.19181277E-01 0.16818408E-01 0.14652559E-01 0.12698518E-01 0.10958825E-01 0.94266201E-02 0.80885270E-02 0.69272718E-02 0.59238319E-02 0.50590539E-02 0.43147563E-02 0.36743877E-02 0.31233352E-02 0.26489786E-02
0.94350964E-01 0.84904179E-01 0.76991590E-01 0.70445862E-01 0.65078779E-01 0.60701271E-01 0.57138601E-01 0.54240443E-01 0.51886238E-01 0.49986416E-01 0.48480244E-01 0.47330969E-01 0.46518999E-01 0.46033816E-01 0.45865438E-01 0.45996272E-01 0.46394246E-01 0.47008045E-01 0.47765048E-01 0.48572247E-01 0.49320132E-01 0.49889391E-01 0.50160294E-01 0.50024361E-01 0.49397104E-01 0.48229442E-01 0.46514740E-01 0.44289237E-01 0.41625815E-01 0.38623239E-01 0.35393896E-01 0.32052474E-01 0.28706730E-01 0.25450645E-01 0.22359928E-01 0.19489824E-01 0.16875114E-01 0.14531954E-01 0.12461011E-01 0.10651216E-01 0.90835525E-02 0.77344538E-02 0.65785504E-02 0.55907055E-02 0.47473663E-02 0.40273385E-02 0.34121153E-02 0.28858905E-02
0.10176081E+00 0.92326753E-01 0.84493994E-01 0.78073868E-01 0.72853378E-01 0.68619263E-01 0.65176574E-01 0.62361178E-01 0.60046445E-01 0.58144734E-01 0.56604505E-01 0.55403912E-01 0.54541773E-01 0.54026907E-01 0.53866915E-01 0.54057607E-01 0.54574245E-01 0.55365623E-01 0.56351460E-01 0.57423050E-01 0.58446827E-01 0.59270980E-01 0.59736191E-01 0.59691651E-01 0.59015560E-01 0.57635593E-01 0.55542305E-01 0.52789888E-01 0.49484146E-01 0.45763029E-01 0.41776840E-01 0.37672785E-01 0.33584713E-01 0.29626747E-01 0.25889398E-01 0.22437705E-01 0.19311467E-01 0.16527548E-01 0.14083768E-01 0.11963649E-01 0.10141215E-01 0.85852804E-02 0.72628949E-02 0.61418479E-02 0.51922941E-02 0.43876460E-02 0.37049091E-02 0.31246329E-02
0.11031605E+00 0.10106055E+00 0.93463292E-01 0.87308058E-01 0.82351034E-01 0.78349475E-01 0.75084259E-01 0.72375364E-01 0.70090252E-01 0.68145757E-01 0.66504339E-01 0.65165709E-01 0.64154993E-01 0.63508774E-01 0.63260529E-01 0.63427180E-01 0.63998368E-01 0.64929513E-01 0.66138610E-01 0.67505523E-01 0.68872508E-01 0.70046932E-01 0.70810728E-01 0.70942515E-01 0.70253512E-01 0.68628124E-01 0.66052073E-01 0.62613825E-01 0.58478876E-01 0.53850635E-01 0.48935273E-01 0.43920252E-01 0.38965745E-01 0.34202797E-01 0.29733071E-01 0.25628579E-01 0.21932202E-01 0.18660045E-01 0.15805754E-01 0.13346093E-01 0.11246756E-01 0.94676177E-02 0.79669397E-02 0.67043880E-02 0.56429517E-02 0.47499480E-02 0.39973480E-02 0.33616410E-02
0.12017525E+00 0.11134882E+00 0.10422026E+00 0.98537199E-01 0.94016742E-01 0.90379457E-01 0.87376693E-01 0.84809685E-01 0.82540139E-01 0.80492688E-01 0.78650123E-01 0.77042556E-01 0.75732030E-01 0.74794404E-01 0.74300752E-01 0.74300780E-01 0.74810483E-01 0.75804943E-01 0.77214603E-01 0.78920863E-01 0.80747417E-01 0.82450093E-01 0.83718092E-01 0.84204579E-01 0.83593788E-01 0.81685842E-01 0.78458320E-01 0.74069063E-01 0.68799028E-01 0.62969477E-01 0.56875153E-01 0.50753967E-01 0.44787013E-01 0.39110653E-01 0.33826575E-01 0.29005801E-01 0.24689420E-01 0.20889899E-01 0.17594822E-01 0.14772693E-01 0.12379545E-01 0.10365096E-01 0.86777416E-02 0.72681076E-02 0.60912695E-02 0.51078595E-02 0.42843631E-02 0.35928737E-02
0.13157808E+00 0.12352507E+00 0.11718552E+00 0.11225888E+00 0.10841186E+00 0.10531861E+00 0.10269373E+00 0.10031583E+00 0.98040808E-01 0.95805128E-01 0.93619788E-01 0.91556486E-01 0.89727810E-01 0.88264037E-01 0.87289858E-01 0.86904774E-01 0.87170328E-01 0.88104402E-01 0.89677418E-01 0.91800069E-01 0.94293810E-01 0.96849958E-01 0.99007442E-01 0.10019381E+00 0.99852800E-01 0.97621565E-01 0.93464226E-01 0.87677473E-01 0.80765293E-01 0.73264171E-01 0.65614014E-01 0.58115948E-01 0.50956104E-01 0.44250186E-01 0.38076377E-01 0.32488376E-01 0.27515924E-01 0.23162787E-01 0.19407781E-01 0.16209507E-01 0.13513127E-01 0.11257215E-01 0.93794688E-02 0.78207972E-02 0.65278240E-02 0.54540873E-02 0.45602849E-02 0.38138987E-02
0.14484728E+00 0.13801149E+00 0.13287375E+00 0.12906930E+00 0.12619969E+00 0.12388022E+00 0.12177968E+00 0.11964908E+00 0.11733821E+00 0.11479983E+00 0.11208229E+00 0.10931208E+00 0.10666885E+00 0.10435619E+00 0.10257325E+00 0.10149278E+00 0.10125022E+00 0.10194264E+00 0.10362611E+00 0.10628954E+00 0.10978583E+00 0.11372966E+00 0.11742217E+00 0.11990015E+00 0.12017193E+00 0.11757382E+00 0.11204827E+00 0.10415487E+00 0.94807702E-01 0.84921019E-01 0.75167304E-01 0.65923441E-01 0.57347703E-01 0.49488558E-01 0.42360304E-01 0.35971960E-01 0.30326329E-01 0.25410657E-01 0.21191334E-01 0.17615303E-01 0.14615889E-01 0.12119887E-01 0.10053843E-01 0.83486072E-02 0.69421145E-02 0.57806466E-02 0.48190126E-02 0.40200245E-02
0.16037200E+00 0.15529427E+00 0.15186009E+00 0.14962056E+00 0.14809432E+00 0.14682347E+00 0.14542078E+00 0.14360416E+00 0.14121679E+00 0.13823225E+00 0.13474572E+00 0.13095269E+00 0.12711813E+00 0.12354081E+00 0.12051962E+00 0.11833040E+00 0.11722003E+00 0.11741461E+00 0.11912044E+00 0.12247747E+00 0.12742710E+00 0.13350403E+00 0.13965811E+00 0.14429787E+00 0.14570132E+00 0.14269012E+00 0.13517317E+00 0.12416749E+00 0.11128243E+00 0.98045728E-01 0.85477135E-01 0.74033689E-01 0.63789960E-01 0.54657569E-01 0.46529480E-01 0.39332155E-01 0.33020345E-01 0.27554550E-01 0.22884348E-01 0.18943337E-01 0.15652424E-01 0.12926479E-01 0.10680915E-01 0.88366289E-02 0.73229942E-02 0.60791810E-02 0.50542503E-02 0.42064757E-02
0.17856505E+00 0.17586706E+00 0.17470873E+00 0.17453446E+00 0.17476115E+00 0.17484340E+00 0.17432847E+00 0.17289636E+00 0.17038317E+00 0.16678722E+00 0.16225883E+00 0.15707543E+00 0.15160506E+00 0.14626424E+00 0.14147915E+00 0.13766260E+00 0.13521614E+00 0.13455239E+00 0.13610338E+00 0.14024925E+00 0.14709873E+00 0.15612244E+00 0.16580224E+00 0.17363650E+00 0.17680138E+00 0.17332623E+00 0.16307112E+00 0.14776393E+00 0.13006979E+00 0.11241076E+00 0.96272496E-01 0.82177604E-01 0.70039647E-01 0.59548980E-01 0.50411740E-01 0.42430166E-01 0.35488283E-01 0.29509199E-01 0.24421463E-01 0.20144091E-01 0.16585572E-01 0.13649304E-01 0.11240162E-01 0.92696844E-02 0.76592398E-02 0.63413709E-02 0.52598022E-02 0.43686060E-02
0.19979011E+00 0.20013911E+00 0.20186152E+00 0.20427277E+00 0.20667143E+00 0.20841365E+00 0.20897498E+00 0.20799489E+00 0.20530249E+00 0.20092331E+00 0.19506808E+00 0.18810497E+00 0.18051873E+00 0.17286286E+00 0.16571654E+00 0.15966219E+00 0.15529696E+00 0.15327197E+00 0.15431158E+00 0.15911736E+00 0.16804677E+00 0.18054386E+00 0.19454524E+00 0.20640010E+00 0.21184110E+00 0.20784010E+00 0.19419231E+00 0.17357612E+00 0.15004208E+00 0.12714330E+00 0.10690899E+00 0.89890000E-01 0.75759717E-01 0.63913502E-01 0.53818452E-01 0.45121208E-01 0.37618653E-01 0.31189171E-01 0.25737794E-01 0.21168774E-01 0.17378980E-01 0.14261480E-01 0.11711809E-01 0.96332709E-02 0.79402191E-02 0.65594059E-02 0.54299042E-02 0.45021331E-02
0.22426430E+00 0.22831798E+00 0.23350247E+00 0.23898679E+00 0.24394109E+00 0.24761867E+00 0.24942226E+00 0.24895117E+00 0.24602825E+00 0.24070704E+00 0.23325978E+00 0.22414808E+00 0.21397921E+00 0.20345487E+00 0.19332494E+00 0.18436525E+00 0.17739631E+00 0.17333671E+00 0.17323312E+00 0.17814334E+00 0.18871699E+00 0.20441462E+00 0.22263863E+00 0.23853248E+00 0.24626907E+00 0.24165907E+00 0.22442134E+00 0.19826870E+00 0.16874030E+00 0.14056886E+00 0.11631045E+00 0.96498773E-01 0.80527526E-01 0.67474540E-01 0.56558211E-01 0.47266233E-01 0.39307525E-01 0.32516043E-01 0.26774299E-01 0.21973265E-01 0.17999954E-01 0.14738963E-01 0.12078271E-01 0.99145704E-02 0.81565967E-02 0.67264752E-02 0.55595666E-02 0.46033773E-02
0.25195556E+00 0.26029549E+00 0.26943802E+00 0.27839836E+00 0.28621778E+00 0.29204910E+00 0.29522456E+00 0.29530440E+00 0.29210567E+00 0.28570993E+00 0.27645025E+00 0.26487963E+00 0.25172551E+00 0.23783730E+00 0.22413923E+00 0.21160752E+00 0.20129042E+00 0.19436597E+00 0.19217466E+00 0.19608515E+00 0.20700234E+00 0.22442309E+00 0.24534428E+00 0.26395314E+00 0.27316252E+00 0.26783141E+00 0.24760090E+00 0.21700219E+00 0.18274896E+00 0.15048536E+00 0.12315050E+00 0.10123574E+00 0.83899267E-01 0.69965606E-01 0.58459607E-01 0.48746808E-01 0.40468860E-01 0.33425828E-01 0.27483167E-01 0.22522002E-01 0.18422245E-01 0.15062518E-01 0.12325539E-01 0.10103416E-01 0.83010026E-02 0.68372295E-02 0.56448919E-02 0.46694812E-02
0.28250715E+00 0.29558060E+00 0.30904890E+00 0.32178031E+00 0.33269563E+00 0.34085040E+00 0.34550209E+00 0.34616448E+00 0.34264517E+00 0.33505737E+00 0.32380196E+00 0.30952656E+00 0.29307398E+00 0.27542981E+00 0.25767844E+00 0.24098070E+00 0.22658866E+00 0.21589279E+00 0.21044123E+00 0.21178812E+00 0.22097040E+00 0.23750420E+00 0.25821322E+00 0.27688345E+00 0.28590006E+00 0.27971184E+00 0.25789224E+00 0.22525764E+00 0.18894880E+00 0.15493763E+00 0.12629036E+00 0.10346679E+00 0.85524944E-01 0.71186779E-01 0.59399895E-01 0.49480996E-01 0.41044338E-01 0.33875594E-01 0.27832474E-01 0.22791303E-01 0.18628406E-01 0.15219388E-01 0.12444339E-01 0.10193093E-01 0.83685856E-02 0.68881608E-02 0.56833354E-02 0.46985884E-02
0.31522288E+00 0.33331887E+00 0.35135914E+00 0.36809055E+00 0.38232726E+00 0.39301479E+00 0.39929538E+00 0.40058935E+00 0.39667452E+00 0.38771757E+00 0.37423353E+00 0.35700233E+00 0.33699088E+00 0.31530215E+00 0.29314592E+00 0.27182574E+00 0.25274633E+00 0.23743654E+00 0.22753680E+00 0.22462708E+00 0.22971784E+00 0.24231234E+00 0.25933808E+00 0.27486680E+00 0.28167702E+00 0.27449469E+00 0.25284145E+00 0.22114811E+00 0.18604800E+00 0.15312336E+00 0.12526687E+00 0.10293590E+00 0.85263992E-01 0.71058005E-01 0.59329982E-01 0.49436022E-01 0.41010600E-01 0.33848115E-01 0.27809384E-01 0.22771621E-01 0.18611386E-01 0.15204407E-01 0.12430912E-01 0.10180882E-01 0.83573828E-02 0.68778549E-02 0.56738773E-02 0.46899614E-02
0.34912807E+00 0.37241018E+00 0.39523818E+00 0.41630312E+00 0.43434126E+00 0.44812635E+00 0.45651054E+00 0.45860847E+00 0.45407398E+00 0.44323233E+00 0.42692527E+00 0.40623124E+00 0.38229318E+00 0.35629504E+00 0.32949818E+00 0.30326949E+00 0.27908903E+00 0.25854006E+00 0.24325072E+00 0.23469870E+00 0.23375165E+00 0.23989327E+00 0.25039693E+00 0.26018272E+00 0.26316018E+00 0.25487757E+00 0.23481723E+00 0.20649295E+00 0.17528451E+00 0.14580168E+00 0.12050850E+00 0.99871137E-01 0.83234491E-01 0.69641297E-01 0.58284557E-01 0.48633239E-01 0.40382020E-01 0.33353616E-01 0.27421331E-01 0.22468380E-01 0.18375124E-01 0.15020418E-01 0.12287303E-01 0.10068255E-01 0.82684573E-02 0.68070857E-02 0.56170873E-02 0.46440255E-02
0.38309086E+00 0.41170567E+00 0.43974845E+00 0.46607489E+00 0.48951777E+00 0.50855085E+00 0.52103117E+00 0.52471776E+00 0.51863529E+00 0.50383803E+00 0.48254270E+00 0.45678720E+00 0.42798463E+00 0.39721380E+00 0.36556530E+00 0.33429605E+00 0.30484034E+00 0.27874858E+00 0.25756760E+00 0.24261730E+00 0.23459477E+00 0.23300100E+00 0.23560123E+00 0.23842739E+00 0.23682997E+00 0.22739612E+00 0.20957257E+00 0.18574362E+00 0.15972405E+00 0.13488515E+00 0.11311988E+00 0.94879245E-01 0.79764460E-01 0.67118981E-01 0.56372341E-01 0.47143473E-01 0.39208187E-01 0.32428226E-01 0.26694993E-01 0.21901259E-01 0.17934045E-01 0.14677925E-01 0.12021124E-01 0.98607117E-02 0.81057877E-02 0.66787405E-02 0.55150741E-02 0.45623343E-02
0.41596541E+00 0.45025410E+00 0.48472457E+00 0.51934514E+00 0.55431916E+00 0.58809616E+00 0.61445689E+00 0.62383397E+00 0.61149572E+00 0.58275879E+00 0.54712388E+00 0.51038392E+00 0.47379744E+00 0.43706258E+00 0.40018615E+00 0.36383180E+00 0.32915249E+00 0.29755657E+00 0.27047110E+00 0.24906932E+00 0.23392555E+00 0.22461912E+00 0.21943900E+00 0.21549067E+00 0.20946351E+00 0.19889040E+00 0.18317860E+00 0.16367256E+00 0.14272966E+00 0.12253439E+00 0.10439449E+00 0.88702175E-01 0.75276767E-01 0.63740843E-01 0.53751466E-01 0.45074665E-01 0.37566906E-01 0.31129529E-01 0.25673249E-01 0.21102058E-01 0.17311560E-01 0.14194044E-01 0.11644823E-01 0.95672836E-02 0.78759250E-02 0.64975859E-02 0.53713258E-02 0.44474612E-02
0.44670641E+00 0.48756265E+00 0.53185679E+00 0.58484925E+00 0.65565725E+00 0.74750919E+00 0.83677746E+00 0.87341572E+00 0.83025779E+00 0.73794797E+00 0.64579902E+00 0.57498504E+00 0.52116590E+00 0.47528070E+00 0.43231244E+00 0.39081923E+00 0.35114364E+00 0.31437332E+00 0.28178056E+00 0.25443246E+00 0.23285609E+00 0.21675952E+00 0.20489809E+00 0.19523158E+00 0.18546351E+00 0.17382069E+00 0.15966534E+00 0.14354982E+00 0.12670983E+00 0.11038454E+00 0.95377577E-01 0.81987590E-01 0.70174679E-01 0.59768107E-01 0.50601175E-01 0.42556279E-01 0.35554606E-01 0.29530120E-01 0.24410655E-01 0.20111480E-01 0.16537789E-01 0.13590900E-01 0.11174571E-01 0.91997575E-02 0.75874631E-02 0.62699055E-02 0.51904619E-02 0.43028294E-02
0.47439090E+00 0.52375706E+00 0.58643762E+00 0.68838270E+00 0.88123694E+00 0.12054577E+01 0.15762179E+01 0.17426544E+01 0.15523435E+01 0.11766876E+01 0.85987192E+00 0.67399695E+00 0.57473713E+00 0.51186887E+00 0.46102415E+00 0.41425749E+00 0.36994122E+00 0.32853888E+00 0.29111063E+00 0.25865160E+00 0.23170287E+00 0.21012114E+00 0.19302636E+00 0.17896932E+00 0.16631407E+00 0.15371955E+00 0.14050072E+00 0.12668174E+00 0.11274529E+00 0.99272283E-01 0.86685471E-01 0.75178712E-01 0.64777968E-01 0.55436450E-01 0.47099378E-01 0.39724685E-01 0.33276206E-01 0.27710343E-01 0.22968185E-01 0.18975342E-01 0.15646842E-01 0.12893707E-01 0.10628912E-01 0.87717424E-02 0.72503910E-02 0.60030531E-02 0.49779259E-02 0.41324991E-02
0.49806802E+00 0.55914882E+00 0.65732807E+00 0.88024479E+00 0.14314036E+01 0.25659758E+01 0.41288174E+01 0.49259649E+01 0.40239538E+01 0.24634116E+01 0.13728700E+01 0.85257215E+00 0.64221464E+00 0.54697036E+00 0.48538859E+00 0.43319980E+00 0.38472652E+00 0.33938478E+00 0.29794640E+00 0.26134925E+00 0.23017962E+00 0.20443379E+00 0.18349061E+00 0.16626946E+00 0.15151784E+00 0.13813028E+00 0.12537802E+00 0.11296430E+00 0.10091412E+00 0.89393560E-01 0.78564931E-01 0.68525843E-01 0.59315212E-01 0.50942643E-01 0.43409260E-01 0.36711661E-01 0.30835938E-01 0.25751246E-01 0.21407967E-01 0.17740706E-01 0.14674036E-01 0.12128778E-01 0.10027361E-01 0.82976813E-02 0.68754044E-02 0.57049734E-02 0.47396513E-02 0.39409349E-02
