Advanced/Day1/qtaim/urea/molecule/pato/urea_mol_pl2d_pato.SURFGRHO
DSAA
 161 161
-0.75589045E+01  0.75589045E+01  0.94486307E-01
-0.75589045E+01  0.75589045E+01  0.94486307E-01
 0.00000000E+00  0.00000000E+00
[rows 22 to 43 of 161, columns 48 to 95 of 161]
0.39265712E-04 0.56148962E-04 0.79466499E-04 0.11121125E-03 0.15381063E-03 0.21015539E-03 0.28360545E-03 0.37796743E-03 0.49743293E-03 0.64647329E-03 0.82968608E-03 0.10515930E-02 0.13163932E-02 0.16276810E-02 0.19881423E-02 0.23992471E-02 0.28609615E-02 0.33715006E-02 0.39271459E-02 0.45221449E-02 0.51487104E-02 0.57971219E-02 0.64559375E-02 0.71123023E-02 0.77523462E-02 0.83616494E-02 0.89257567E-02 0.94307149E-02 0.98636082E-02 0.10213066E-01 0.10469722E-01 0.10626593E-01 0.10679369E-01 0.10626593E-01 0.10469722E-01 0.10213066E-01 0.98636082E-02 0.94307149E-02 0.89257567E-02 0.83616494E-02 0.77523462E-02 0.71123023E-02 0.64559375E-02 0.57971219E-02 0.51487104E-02 0.45221449E-02 0.39271459E-02 0.33715006E-02
0.54668312E-04 0.78050672E-04 0.11028153E-03 0.15407149E-03 0.21270944E-03 0.29009422E-03 0.39073690E-03 0.51971992E-03 0.68260533E-03 0.88528372E-03 0.11337597E-02 0.14338752E-02 0.17909771E-02 0.22095433E-02 0.26927881E-02 0.32422704E-02 0.38575362E-02 0.45358230E-02 0.52718542E-02 0.60577446E-02 0.68830341E-02 0.77348521E-02 0.85982105E-02 0.94564152E-02 0.10291577E-01 0.11085197E-01 0.11818810E-01 0.12474644E-01 0.13036284E-01 0.13489299E-01 0.13821810E-01 0.14024963E-01 0.14093296E-01 0.14024963E-01 0.13821810E-01 0.13489299E-01 0.13036284E-01 0.12474644E-01 0.11818810E-01 0.11085197E-01 0.10291577E-01 0.94564152E-02 0.85982105E-02 0.77348521E-02 0.68830341E-02 0.60577446E-02 0.52718542E-02 0.45358230E-02
0.75144876E-04 0.10710511E-03 0.15107117E-03 0.21067837E-03 0.29031835E-03 0.39517431E-03 0.53121151E-03 0.70511143E-03 0.92413663E-03 0.11959175E-02 0.15281573E-02 0.19282590E-02 0.24028858E-02 0.29574755E-02 0.35957385E-02 0.43191720E-02 0.51266310E-02 0.60139881E-02 0.69739192E-02 0.79958331E-02 0.90659589E-02 0.10167592E-01 0.11281487E-01 0.12386381E-01 0.13459627E-01 0.14477904E-01 0.15417988E-01 0.16257558E-01 0.16975994E-01 0.17555158E-01 0.17980098E-01 0.18239662E-01 0.18326960E-01 0.18239662E-01 0.17980098E-01 0.17555158E-01 0.16975994E-01 0.16257558E-01 0.15417988E-01 0.14477904E-01 0.13459627E-01 0.12386381E-01 0.11281487E-01 0.10167592E-01 0.90659589E-02 0.79958331E-02 0.69739192E-02 0.60139881E-02
0.10198442E-03 0.14510177E-03 0.20429245E-03 0.28436302E-03 0.39109540E-03 0.53127909E-03 0.71268445E-03 0.94395920E-03 0.12344335E-02 0.15938239E-02 0.20318344E-02 0.25576623E-02 0.31794272E-02 0.39035555E-02 0.47341575E-02 0.56724440E-02 0.67162316E-02 0.78595757E-02 0.90925677E-02 0.10401313E-01 0.11768098E-01 0.13171726E-01 0.14588020E-01 0.15990447E-01 0.17350854E-01 0.18640296E-01 0.19829926E-01 0.20891945E-01 0.21800578E-01 0.22533047E-01 0.23070499E-01 0.23398811E-01 0.23509237E-01 0.23398811E-01 0.23070499E-01 0.22533047E-01 0.21800578E-01 0.20891945E-01 0.19829926E-01 0.18640296E-01 0.17350854E-01 0.15990447E-01 0.14588020E-01 0.13171726E-01 0.11768098E-01 0.10401313E-01 0.90925677E-02 0.78595757E-02
0.13666971E-03 0.19408784E-03 0.27274037E-03 0.37889449E-03 0.52005397E-03 0.70498329E-03 0.94365259E-03 0.12470807E-02 0.16270595E-02 0.20957504E-02 0.26651541E-02 0.33464678E-02 0.41493618E-02 0.50812167E-02 0.61463756E-02 0.73454731E-02 0.86748944E-02 0.10126412E-01 0.11687030E-01 0.13339039E-01 0.15060276E-01 0.16824553E-01 0.18602232E-01 0.20360907E-01 0.22066187E-01 0.23682582E-01 0.25174484E-01 0.26507277E-01 0.27648545E-01 0.28569356E-01 0.29245533E-01 0.29658829E-01 0.29797882E-01 0.29658829E-01 0.29245533E-01 0.28569356E-01 0.27648545E-01 0.26507277E-01 0.25174484E-01 0.23682582E-01 0.22066187E-01 0.20360907E-01 0.18602232E-01 0.16824553E-01 0.15060276E-01 0.13339039E-01 0.11687030E-01 0.10126412E-01
0.18086381E-03 0.25634560E-03 0.35951115E-03 0.49842027E-03 0.68267332E-03 0.92342020E-03 0.12332620E-02 0.16260206E-02 0.21163567E-02 0.27192295E-02 0.34492056E-02 0.43196425E-02 0.53417936E-02 0.65238928E-02 0.78702963E-02 0.93807497E-02 0.11049847E-01 0.12866721E-01 0.14814982E-01 0.16872875E-01 0.19013628E-01 0.21205921E-01 0.23414440E-01 0.25600491E-01 0.27722696E-01 0.29737814E-01 0.31601770E-01 0.33270937E-01 0.34703713E-01 0.35862316E-01 0.36714703E-01 0.37236403E-01 0.37412051E-01 0.37236403E-01 0.36714703E-01 0.35862316E-01 0.34703713E-01 0.33270937E-01 0.31601770E-01 0.29737814E-01 0.27722696E-01 0.25600491E-01 0.23414440E-01 0.21205921E-01 0.19013628E-01 0.16872875E-01 0.14814982E-01 0.12866721E-01
0.23638168E-03 0.33434600E-03 0.46793364E-03 0.64736592E-03 0.88475318E-03 0.11940751E-02 0.15910205E-02 0.20926580E-02 0.27169184E-02 0.34818858E-02 0.44049163E-02 0.55016279E-02 0.67848263E-02 0.82634563E-02 0.99416688E-02 0.11818090E-01 0.13885359E-01 0.16129947E-01 0.18532243E-01 0.21066829E-01 0.23702849E-01 0.26404379E-01 0.29130756E-01 0.31836854E-01 0.34473425E-01 0.36987666E-01 0.39324180E-01 0.41426519E-01 0.43239360E-01 0.44711251E-01 0.45797687E-01 0.46464174E-01 0.46688837E-01 0.46464174E-01 0.45797687E-01 0.44711251E-01 0.43239360E-01 0.41426519E-01 0.39324180E-01 0.36987666E-01 0.34473425E-01 0.31836854E-01 0.29130756E-01 0.26404379E-01 0.23702849E-01 0.21066829E-01 0.18532243E-01 0.16129947E-01
0.30514256E-03 0.43068085E-03 0.60146789E-03 0.83028945E-03 0.11322090E-02 0.15245026E-02 0.20264135E-02 0.26586945E-02 0.34429215E-02 0.44005844E-02 0.55519932E-02 0.69150651E-02 0.85040936E-02 0.10328613E-01 0.12392478E-01 0.14693246E-01 0.17221916E-01 0.19962987E-01 0.22894741E-01 0.25989589E-01 0.29214306E-01 0.32530005E-01 0.35891815E-01 0.39248353E-01 0.42541255E-01 0.45705123E-01 0.48668309E-01 0.51354864E-01 0.53687793E-01 0.55593489E-01 0.57006923E-01 0.57876913E-01 0.58170673E-01 0.57876913E-01 0.57006923E-01 0.55593489E-01 0.53687793E-01 0.51354864E-01 0.48668309E-01 0.45705123E-01 0.42541255E-01 0.39248353E-01 0.35891815E-01 0.32530005E-01 0.29214306E-01 0.25989589E-01 0.22894741E-01 0.19962987E-01
0.38910630E-03 0.54796659E-03 0.76356900E-03 0.10516909E-02 0.14308098E-02 0.19219718E-02 0.25484333E-02 0.33350415E-02 0.43073458E-02 0.54904635E-02 0.69077610E-02 0.85794616E-02 0.10521313E-01 0.12743476E-01 0.15249765E-01 0.18037331E-01 0.21096785E-01 0.24412623E-01 0.27963741E-01 0.31723714E-01 0.35660548E-01 0.39735705E-01 0.43902409E-01 0.48103510E-01 0.52269443E-01 0.56317046E-01 0.60149978E-01 0.63661392E-01 0.66739093E-01 0.69272952E-01 0.71163784E-01 0.72332476E-01 0.72727930E-01 0.72332476E-01 0.71163784E-01 0.69272952E-01 0.66739093E-01 0.63661392E-01 0.60149978E-01 0.56317046E-01 0.52269443E-01 0.48103510E-01 0.43902409E-01 0.39735705E-01 0.35660548E-01 0.31723714E-01 0.27963741E-01 0.24412623E-01
0.49018899E-03 0.68872484E-03 0.95751921E-03 0.13157807E-02 0.17858649E-02 0.23930513E-02 0.31650391E-02 0.41311332E-02 0.53211246E-02 0.67639145E-02 0.84859929E-02 0.10509926E-01 0.12853049E-01 0.15526567E-01 0.18535209E-01 0.21877493E-01 0.25546482E-01 0.29530736E-01 0.33815018E-01 0.38380200E-01 0.43201907E-01 0.48247655E-01 0.53472603E-01 0.58814534E-01 0.64189098E-01 0.69486681E-01 0.74572275E-01 0.79289413E-01 0.83468609E-01 0.86939831E-01 0.89547633E-01 0.91166784E-01 0.91715910E-01 0.91166784E-01 0.89547633E-01 0.86939831E-01 0.83468609E-01 0.79289413E-01 0.74572275E-01 0.69486681E-01 0.64189098E-01 0.58814534E-01 0.53472603E-01 0.48247655E-01 0.43201907E-01 0.38380200E-01 0.33815018E-01 0.29530736E-01
0.61016372E-03 0.85524144E-03 0.11862329E-02 0.16262160E-02 0.22018742E-02 0.29431531E-02 0.38825771E-02 0.50542096E-02 0.64922821E-02 0.82295927E-02 0.10295838E-01 0.12716115E-01 0.15509856E-01 0.18690451E-01 0.22265703E-01 0.26239063E-01 0.30611362E-01 0.35382442E-01 0.40551895E-01 0.46118031E-01 0.52074389E-01 0.58403495E-01 0.65068253E-01 0.72002118E-01 0.79099894E-01 0.86211496E-01 0.93141008E-01 0.99652814E-01 0.10548549E+00 0.11037264E+00 0.11406820E+00 0.11637266E+00 0.11715588E+00 0.11637266E+00 0.11406820E+00 0.11037264E+00 0.10548549E+00 0.99652814E-01 0.93141008E-01 0.86211496E-01 0.79099894E-01 0.72002118E-01 0.65068253E-01 0.58403495E-01 0.52074389E-01 0.46118031E-01 0.40551895E-01 0.35382442E-01
0.75054878E-03 0.10494104E-02 0.14520445E-02 0.19858177E-02 0.26821591E-02 0.35760638E-02 0.47051996E-02 0.61086162E-02 0.78251295E-02 0.98915415E-02 0.12340955E-01 0.15201514E-01 0.18495939E-01 0.22242135E-01 0.26454984E-01 0.31149114E-01 0.36342006E-01 0.42056431E-01 0.48320889E-01 0.55166718E-01 0.62620877E-01 0.70694124E-01 0.79365378E-01 0.88564247E-01 0.98154863E-01 0.10792485E+00 0.11758329E+00 0.12677060E+00 0.13508130E+00 0.14209820E+00 0.14743382E+00 0.15077304E+00 0.15190998E+00 0.15077304E+00 0.14743382E+00 0.14209820E+00 0.13508130E+00 0.12677060E+00 0.11758329E+00 0.10792485E+00 0.98154863E-01 0.88564247E-01 0.79365378E-01 0.70694124E-01 0.62620877E-01 0.55166718E-01 0.48320889E-01 0.42056431E-01
0.91248991E-03 0.12725713E-02 0.17564899E-02 0.23962853E-02 0.32284989E-02 0.42934934E-02 0.56343218E-02 0.72951802E-02 0.93195818E-02 0.11748508E-01 0.14618924E-01 0.17963119E-01 0.21809355E-01 0.26184130E-01 0.31116058E-01 0.36640864E-01 0.42806369E-01 0.49675788E-01 0.57327295E-01 0.65847882E-01 0.75320130E-01 0.85801632E-01 0.97298465E-01 0.10973599E+00 0.12293204E+00 0.13657880E+00 0.15023958E+00 0.16336518E+00 0.17533112E+00 0.18549266E+00 0.19325065E+00 0.19811818E+00 0.19977748E+00 0.19811818E+00 0.19325065E+00 0.18549266E+00 0.17533112E+00 0.16336518E+00 0.15023958E+00 0.13657880E+00 0.12293204E+00 0.10973599E+00 0.97298465E-01 0.85801632E-01 0.75320130E-01 0.65847882E-01 0.57327295E-01 0.49675788E-01
0.10966443E-02 0.15253512E-02 0.21000984E-02 0.28579302E-02 0.38407999E-02 0.50946772E-02 0.66681635E-02 0.86107081E-02 0.10970653E-01 0.13793506E-01 0.17120987E-01 0.20991502E-01 0.25442621E-01 0.30515895E-01 0.36263794E-01 0.42757806E-01 0.50095861E-01 0.58406467E-01 0.67846532E-01 0.78590022E-01 0.90805499E-01 0.10462228E+00 0.12008747E+00 0.13711904E+00 0.15546320E+00 0.17466640E+00 0.19407194E+00 0.21284834E+00 0.23005032E+00 0.24470594E+00 0.25591733E+00 0.26295931E+00 0.26536101E+00 0.26295931E+00 0.25591733E+00 0.24470594E+00 0.23005032E+00 0.21284834E+00 0.19407194E+00 0.17466640E+00 0.15546320E+00 0.13711904E+00 0.12008747E+00 0.10462228E+00 0.90805499E-01 0.78590022E-01 0.67846532E-01 0.58406467E-01
0.13030760E-02 0.18075226E-02 0.24822091E-02 0.33694473E-02 0.45168215E-02 0.59760623E-02 0.78014105E-02 0.10047650E-01 0.12768169E-01 0.16013637E-01 0.19832069E-01 0.24271140E-01 0.29383460E-01 0.35235082E-01 0.41916709E-01 0.49555964E-01 0.58327876E-01 0.68459749E-01 0.80226031E-01 0.93929070E-01 0.10986289E+00 0.12825956E+00 0.14922150E+00 0.17264821E+00 0.19817097E+00 0.22511268E+00 0.25248915E+00 0.27906136E+00 0.30343660E+00 0.32420375E+00 0.34007979E+00 0.35004373E+00 0.35344024E+00 0.35004373E+00 0.34007979E+00 0.32420375E+00 0.30343660E+00 0.27906136E+00 0.25248915E+00 0.22511268E+00 0.19817097E+00 0.17264821E+00 0.14922150E+00 0.12825956E+00 0.10986289E+00 0.93929070E-01 0.80226031E-01 0.68459749E-01
0.15311723E-02 0.21178916E-02 0.29008295E-02 0.39277463E-02 0.52519869E-02 0.69311092E-02 0.90250270E-02 0.11593954E-01 0.14696699E-01 0.18390150E-01 0.22730996E-01 0.27780799E-01 0.33615270E-01 0.40337877E-01 0.48096767E-01 0.57102442E-01 0.67642045E-01 0.80084742E-01 0.94871970E-01 0.11248649E+00 0.13339571E+00 0.15796835E+00 0.18636955E+00 0.21844884E+00 0.25364423E+00 0.29093180E+00 0.32884621E+00 0.36558228E+00 0.39916498E+00 0.42765392E+00 0.44934058E+00 0.46290531E+00 0.46752063E+00 0.46290531E+00 0.44934058E+00 0.42765392E+00 0.39916498E+00 0.36558228E+00 0.32884621E+00 0.29093180E+00 0.25364423E+00 0.21844884E+00 0.18636955E+00 0.15796835E+00 0.13339571E+00 0.11248649E+00 0.94871970E-01 0.80084742E-01
0.17795933E-02 0.24542282E-02 0.33525516E-02 0.45278607E-02 0.60392949E-02 0.79502265E-02 0.10326235E-01 0.13233114E-01 0.16735699E-01 0.20898679E-01 0.25790771E-01 0.31493688E-01 0.38116838E-01 0.45817676E-01 0.54826018E-01 0.65468563E-01 0.78187776E-01 0.93547417E-01 0.11221573E+00 0.13491700E+00 0.16234406E+00 0.19502949E+00 0.23318478E+00 0.27653255E+00 0.32417428E+00 0.37454340E+00 0.42548109E+00 0.47443798E+00 0.51875912E+00 0.55597875E+00 0.58405247E+00 0.60149033E+00 0.60740122E+00 0.60149033E+00 0.58405247E+00 0.55597875E+00 0.51875912E+00 0.47443798E+00 0.42548109E+00 0.37454340E+00 0.32417428E+00 0.27653255E+00 0.23318478E+00 0.19502949E+00 0.16234406E+00 0.13491700E+00 0.11221573E+00 0.93547417E-01
0.20462639E-02 0.28132510E-02 0.38325382E-02 0.51629479E-02 0.68693518E-02 0.90208502E-02 0.11688665E-01 0.14944407E-01 0.18859827E-01 0.23509568E-01 0.28978759E-01 0.35377166E-01 0.42860937E-01 0.51661548E-01 0.62119361E-01 0.74716603E-01 0.90101698E-01 0.10909416E+00 0.13265679E+00 0.16182043E+00 0.19754867E+00 0.24053909E+00 0.29097843E+00 0.34829933E+00 0.41101582E+00 0.47672112E+00 0.54229593E+00 0.60429885E+00 0.65942744E+00 0.70490222E+00 0.73866738E+00 0.75939661E+00 0.76637952E+00 0.75939661E+00 0.73866738E+00 0.70490222E+00 0.65942744E+00 0.60429885E+00 0.54229593E+00 0.47672112E+00 0.41101582E+00 0.34829933E+00 0.29097843E+00 0.24053909E+00 0.19754867E+00 0.16182043E+00 0.13265679E+00 0.10909416E+00
0.23284209E-02 0.31906778E-02 0.43345901E-02 0.58243890E-02 0.77305232E-02 0.10127670E-01 0.13092667E-01 0.16703292E-01 0.21039374E-01 0.26188218E-01 0.32256664E-01 0.39391828E-01 0.47811648E-01 0.57844365E-01 0.69973349E-01 0.84880216E-01 0.10347533E+00 0.12690036E+00 0.15648271E+00 0.19361812E+00 0.23956058E+00 0.29511620E+00 0.36027665E+00 0.43388404E+00 0.51346590E+00 0.59537384E+00 0.67526655E+00 0.74881699E+00 0.81238838E+00 0.86342399E+00 0.90045228E+00 0.92280820E+00 0.93027370E+00 0.92280820E+00 0.90045228E+00 0.86342399E+00 0.81238838E+00 0.74881699E+00 0.67526655E+00 0.59537384E+00 0.51346590E+00 0.43388404E+00 0.36027665E+00 0.29511620E+00 0.23956058E+00 0.19361812E+00 0.15648271E+00 0.12690036E+00
0.26227226E-02 0.35813494E-02 0.48513009E-02 0.65019950E-02 0.86092107E-02 0.11252994E-01 0.14515775E-01 0.18481940E-01 0.23240793E-01 0.28895422E-01 0.35580295E-01 0.43490056E-01 0.52920599E-01 0.64321085E-01 0.78352035E-01 0.95940244E-01 0.11831567E+00 0.14700810E+00 0.18377251E+00 0.23040503E+00 0.28841725E+00 0.35857037E+00 0.44034393E+00 0.53151288E+00 0.62807562E+00 0.72472430E+00 0.81582476E+00 0.89655996E+00 0.96372596E+00 0.10158458E+01 0.10526832E+01 0.10745526E+01 0.10817979E+01 0.10745526E+01 0.10526832E+01 0.10158458E+01 0.96372596E+00 0.89655996E+00 0.81582476E+00 0.72472430E+00 0.62807562E+00 0.53151288E+00 0.44034393E+00 0.35857037E+00 0.28841725E+00 0.23040503E+00 0.18377251E+00 0.14700810E+00
0.29254343E-02 0.39794346E-02 0.53743026E-02 0.71843139E-02 0.94902430E-02 0.12377240E-01 0.15933290E-01 0.20249883E-01 0.25427308E-01 0.31587701E-01 0.38899235E-01 0.47614301E-01 0.58122765E-01 0.71018344E-01 0.87171858E-01 0.10779925E+00 0.13450405E+00 0.16926178E+00 0.21429833E+00 0.27180339E+00 0.34343283E+00 0.42961902E+00 0.52884114E+00 0.63717492E+00 0.74852159E+00 0.85573440E+00 0.95235988E+00 0.10341778E+01 0.10996899E+01 0.11493665E+01 0.11842976E+01 0.12051831E+01 0.12121582E+01 0.12051831E+01 0.11842976E+01 0.11493665E+01 0.10996899E+01 0.10341778E+01 0.95235988E+00 0.85573440E+00 0.74852159E+00 0.63717492E+00 0.52884114E+00 0.42961902E+00 0.34343283E+00 0.27180339E+00 0.21429833E+00 0.16926178E+00
0.32326982E-02 0.43787241E-02 0.58946035E-02 0.78590390E-02 0.10357374E-01 0.13479533E-01 0.17318982E-01 0.21974771E-01 0.27559611E-01 0.34217746E-01 0.42156632E-01 0.51695628E-01 0.63332783E-01 0.77827124E-01 0.96288541E-01 0.12025958E+00 0.15176112E+00 0.19325432E+00 0.24744694E+00 0.31685650E+00 0.40307229E+00 0.50577808E+00 0.62182994E+00 0.74494819E+00 0.86662569E+00 0.97835734E+00 0.10743002E+01 0.11527762E+01 0.12155612E+01 0.12654172E+01 0.13034987E+01 0.13283178E+01 0.13370639E+01 0.13283178E+01 0.13034987E+01 0.12654172E+01 0.12155612E+01 0.11527762E+01 0.10743002E+01 0.97835734E+00 0.86662569E+00 0.74494819E+00 0.62182994E+00 0.50577808E+00 0.40307229E+00 0.31685650E+00 0.24744694E+00 0.19325432E+00
