Advanced/Day1/qtaim/urea/molecule/pato/urea_mol_pl2d_pato.SURFGRHO
DSAA
 161 161
-0.75589045E+01  0.75589045E+01  0.94486307E-01
-0.75589045E+01  0.75589045E+01  0.94486307E-01
 0.00000000E+00  0.00000000E+00
[rows 44 to 65 of 161, columns 48 to 95 of 161]
0.35409014E-02 0.47730197E-02 0.64030230E-02 0.85135097E-02 0.11193875E-01 0.14538404E-01 0.18645883E-01 0.23623234E-01 0.29596713E-01 0.36735099E-01 0.45289465E-01 0.55653153E-01 0.68443003E-01 0.84598552E-01 0.10548943E+00 0.13301061E+00 0.16962699E+00 0.21829929E+00 0.28218674E+00 0.36400518E+00 0.46497829E+00 0.58353155E+00 0.71426369E+00 0.84810920E+00 0.97447959E+00 0.10850422E+01 0.11771368E+01 0.12543912E+01 0.13238418E+01 0.13910415E+01 0.14550163E+01 0.15050243E+01 0.15245311E+01 0.15050243E+01 0.14550163E+01 0.13910415E+01 0.13238418E+01 0.12543912E+01 0.11771368E+01 0.10850422E+01 0.97447959E+00 0.84810920E+00 0.71426369E+00 0.58353155E+00 0.46497829E+00 0.36400518E+00 0.28218674E+00 0.21829929E+00
0.38471600E-02 0.51566319E-02 0.68907221E-02 0.91353034E-02 0.11983208E-01 0.15532565E-01 0.19887171E-01 0.25161855E-01 0.31496996E-01 0.39087234E-01 0.48229603E-01 0.59395052E-01 0.73324407E-01 0.91144790E-01 0.11449450E+00 0.14563030E+00 0.18746513E+00 0.24344200E+00 0.31710015E+00 0.41117474E+00 0.52618216E+00 0.65879314E+00 0.80089282E+00 0.94069825E+00 0.10667561E+01 0.11735250E+01 0.12651365E+01 0.13548730E+01 0.14618690E+01 0.16071842E+01 0.17984824E+01 0.19898312E+01 0.20747710E+01 0.19898312E+01 0.17984824E+01 0.16071842E+01 0.14618690E+01 0.13548730E+01 0.12651365E+01 0.11735250E+01 0.10667561E+01 0.94069825E+00 0.80089282E+00 0.65879314E+00 0.52618216E+00 0.41117474E+00 0.31710015E+00 0.24344200E+00
0.41499373E-02 0.55250034E-02 0.73498441E-02 0.97129177E-02 0.12709777E-01 0.16441751E-01 0.21017127E-01 0.26558287E-01 0.33219517E-01 0.41221166E-01 0.50905925E-01 0.62821574E-01 0.77831227E-01 0.97246358E-01 0.12296820E+00 0.15760467E+00 0.20449483E+00 0.26751625E+00 0.35048695E+00 0.45596842E+00 0.58346276E+00 0.72753626E+00 0.87725644E+00 0.10188048E+01 0.11418300E+01 0.12468732E+01 0.13498038E+01 0.14852694E+01 0.17257882E+01 0.22221274E+01 0.31329825E+01 0.42463392E+01 0.47866956E+01 0.42463392E+01 0.31329825E+01 0.22221274E+01 0.17257882E+01 0.14852694E+01 0.13498038E+01 0.12468732E+01 0.11418300E+01 0.10188048E+01 0.87725644E+00 0.72753626E+00 0.58346276E+00 0.45596842E+00 0.35048695E+00 0.26751625E+00
0.44498258E-02 0.58754835E-02 0.77742838E-02 0.10236555E-01 0.13359759E-01 0.17247630E-01 0.22012175E-01 0.27782480E-01 0.34725580E-01 0.43085613E-01 0.53247560E-01 0.65830214E-01 0.81809418E-01 0.10266615E+00 0.13054249E+00 0.16836518E+00 0.21985187E+00 0.28924270E+00 0.38052455E+00 0.49592672E+00 0.63375140E+00 0.78636916E+00 0.94033301E+00 0.10809023E+01 0.12009698E+01 0.13105123E+01 0.14454315E+01 0.17027641E+01 0.24079453E+01 0.44661673E+01 0.90846083E+01 0.15407742E+02 0.18671219E+02 0.15407742E+02 0.90846083E+01 0.44661673E+01 0.24079453E+01 0.17027641E+01 0.14454315E+01 0.13105123E+01 0.12009698E+01 0.10809023E+01 0.94033301E+00 0.78636916E+00 0.63375140E+00 0.49592672E+00 0.38052455E+00 0.28924270E+00
0.47505142E-02 0.62082975E-02 0.81606216E-02 0.10699034E-01 0.13922027E-01 0.17934786E-01 0.22851983E-01 0.28808028E-01 0.35980528E-01 0.44633650E-01 0.55188110E-01 0.68322701E-01 0.85108419E-01 0.10716909E+00 0.13684909E+00 0.17734082E+00 0.23267051E+00 0.30735469E+00 0.40545443E+00 0.52878884E+00 0.67446099E+00 0.83285306E+00 0.98860579E+00 0.11271669E+01 0.12461993E+01 0.13678536E+01 0.15629760E+01 0.21021071E+01 0.41793082E+01 0.11583164E+02 0.30888277E+02 0.63111680E+02 0.82724096E+02 0.63111680E+02 0.30888277E+02 0.11583164E+02 0.41793082E+01 0.21021071E+01 0.15629760E+01 0.13678536E+01 0.12461993E+01 0.11271669E+01 0.98860579E+00 0.83285306E+00 0.67446099E+00 0.52878884E+00 0.40545443E+00 0.30735469E+00
0.50599514E-02 0.65277502E-02 0.85092775E-02 0.11096879E-01 0.14389198E-01 0.18491782E-01 0.23520633E-01 0.29613586E-01 0.36955686E-01 0.45825646E-01 0.56670426E-01 0.70213067E-01 0.87594817E-01 0.11054497E+00 0.14155696E+00 0.18401762E+00 0.24217476E+00 0.32073091E+00 0.42375988E+00 0.55269904E+00 0.70365920E+00 0.86549958E+00 0.10216430E+01 0.11583693E+01 0.12783088E+01 0.14166421E+01 0.16965809E+01 0.27275261E+01 0.75780555E+01 0.27316632E+02 0.93552257E+02 0.25050616E+03 0.37265980E+03 0.25050616E+03 0.93552257E+02 0.27316632E+02 0.75780555E+01 0.27275261E+01 0.16965809E+01 0.14166421E+01 0.12783088E+01 0.11583693E+01 0.10216430E+01 0.86549958E+00 0.70365920E+00 0.55269904E+00 0.42375988E+00 0.32073091E+00
0.53916703E-02 0.68437034E-02 0.88259567E-02 0.11431659E-01 0.14758881E-01 0.18912364E-01 0.24007873E-01 0.30184335E-01 0.37630313E-01 0.46632208E-01 0.57651416E-01 0.71435724E-01 0.89165992E-01 0.11263123E+00 0.14440933E+00 0.18799693E+00 0.24776511E+00 0.32851443E+00 0.43430767E+00 0.56633095E+00 0.72008516E+00 0.88354234E+00 0.10395204E+01 0.11750729E+01 0.12963199E+01 0.14483092E+01 0.18045349E+01 0.33433338E+01 0.11303338E+02 0.47406092E+02 0.20375197E+03 0.77524773E+03 0.16589441E+04 0.77524773E+03 0.20375197E+03 0.47406092E+02 0.11303338E+02 0.33433338E+01 0.18045349E+01 0.14483092E+01 0.12963199E+01 0.11750729E+01 0.10395204E+01 0.88354234E+00 0.72008516E+00 0.56633095E+00 0.43430767E+00 0.32851443E+00
0.57661427E-02 0.71733084E-02 0.91234561E-02 0.11711689E-01 0.15035211E-01 0.19196872E-01 0.24310499E-01 0.30513481E-01 0.37993476E-01 0.47036859E-01 0.58106235E-01 0.71952382E-01 0.89761667E-01 0.11333202E+00 0.14525446E+00 0.18904293E+00 0.24908765E+00 0.33020264E+00 0.43644276E+00 0.56894052E+00 0.72307642E+00 0.88665275E+00 0.10423753E+01 0.11774478E+01 0.12986567E+01 0.14530502E+01 0.18254926E+01 0.34817758E+01 0.12191416E+02 0.52699398E+02 0.23804222E+03 0.10380833E+04 0.31203537E+04 0.10380833E+04 0.23804222E+03 0.52699398E+02 0.12191416E+02 0.34817758E+01 0.18254926E+01 0.14530502E+01 0.12986567E+01 0.11774478E+01 0.10423753E+01 0.88665275E+00 0.72307642E+00 0.56894052E+00 0.43644276E+00 0.33020264E+00
0.62118980E-02 0.75428424E-02 0.94238405E-02 0.11954182E-01 0.15230825E-01 0.19354010E-01 0.24433974E-01 0.30603844E-01 0.38045791E-01 0.47038225E-01 0.58031410E-01 0.71756858E-01 0.89371593E-01 0.11263058E+00 0.14406514E+00 0.18711237E+00 0.24607607E+00 0.32569961E+00 0.43003785E+00 0.56037966E+00 0.71249396E+00 0.87474343E+00 0.10301863E+01 0.11654373E+01 0.12848467E+01 0.14284516E+01 0.17434116E+01 0.30118190E+01 0.93049139E+01 0.36286545E+02 0.13884522E+03 0.42396599E+03 0.71218539E+03 0.42396599E+03 0.13884522E+03 0.36286545E+02 0.93049139E+01 0.30118190E+01 0.17434116E+01 0.14284516E+01 0.12848467E+01 0.11654373E+01 0.10301863E+01 0.87474343E+00 0.71249396E+00 0.56037966E+00 0.43003785E+00 0.32569961E+00
0.67660173E-02 0.79892567E-02 0.97608129E-02 0.12187915E-01 0.15369417E-01 0.19403130E-01 0.24394433E-01 0.30469648E-01 0.37801091E-01 0.46651700E-01 0.57446641E-01 0.70877228E-01 0.88038322E-01 0.11059300E+00 0.14094401E+00 0.18236187E+00 0.23896141E+00 0.31532772E+00 0.41550417E+00 0.54109968E+00 0.68870855E+00 0.84793330E+00 0.10027411E+01 0.11388189E+01 0.12559407E+01 0.13818165E+01 0.16080008E+01 0.23322096E+01 0.54358217E+01 0.17199508E+02 0.50904532E+02 0.11610262E+03 0.15986294E+03 0.11610262E+03 0.50904532E+02 0.17199508E+02 0.54358217E+01 0.23322096E+01 0.16080008E+01 0.13818165E+01 0.12559407E+01 0.11388189E+01 0.10027411E+01 0.84793330E+00 0.68870855E+00 0.54109968E+00 0.41550417E+00 0.31532772E+00
0.74736541E-02 0.85607704E-02 0.10181745E-01 0.12456159E-01 0.15488910E-01 0.19377226E-01 0.24221323E-01 0.30138750E-01 0.37288225E-01 0.45910745E-01 0.56395426E-01 0.69375400E-01 0.85855095E-01 0.10736337E+00 0.13611440E+00 0.17513266E+00 0.22824931E+00 0.29979891E+00 0.39376592E+00 0.51215152E+00 0.65266169E+00 0.80668743E+00 0.95977864E+00 0.10970469E+01 0.12131861E+01 0.13229949E+01 0.14749943E+01 0.18220331E+01 0.29559464E+01 0.66334615E+01 0.15410399E+02 0.28187727E+02 0.35133252E+02 0.28187727E+02 0.15410399E+02 0.66334615E+01 0.29559464E+01 0.18220331E+01 0.14749943E+01 0.13229949E+01 0.12131861E+01 0.10970469E+01 0.95977864E+00 0.80668743E+00 0.65266169E+00 0.51215152E+00 0.39376592E+00 0.29979891E+00
0.83865720E-02 0.93157759E-02 0.10748339E-01 0.12819189E-01 0.15644975E-01 0.19326659E-01 0.23960849E-01 0.29655574E-01 0.36553310E-01 0.44868212E-01 0.54944987E-01 0.67344808E-01 0.82959868E-01 0.10315191E+00 0.12989926E+00 0.16591621E+00 0.21466885E+00 0.28014844E+00 0.36619482E+00 0.47516392E+00 0.60596024E+00 0.75208840E+00 0.90134965E+00 0.10392431E+01 0.11564222E+01 0.12569472E+01 0.13638350E+01 0.15303723E+01 0.18960079E+01 0.28013789E+01 0.46541310E+01 0.70481787E+01 0.82391999E+01 0.70481787E+01 0.46541310E+01 0.28013789E+01 0.18960079E+01 0.15303723E+01 0.13638350E+01 0.12569472E+01 0.11564222E+01 0.10392431E+01 0.90134965E+00 0.75208840E+00 0.60596024E+00 0.47516392E+00 0.36619482E+00 0.28014844E+00
0.95612346E-02 0.10319836E-01 0.11534680E-01 0.13354865E-01 0.15913895E-01 0.19323190E-01 0.23680213E-01 0.29084952E-01 0.35662777E-01 0.43598180E-01 0.53186238E-01 0.64907369E-01 0.79527367E-01 0.98219057E-01 0.12269292E+00 0.15530769E+00 0.19910189E+00 0.25763875E+00 0.33450187E+00 0.43226827E+00 0.55092585E+00 0.68612808E+00 0.82838215E+00 0.96475455E+00 0.10838482E+01 0.11821972E+01 0.12681995E+01 0.13620494E+01 0.14964701E+01 0.17208393E+01 0.20723799E+01 0.24650439E+01 0.26483005E+01 0.24650439E+01 0.20723799E+01 0.17208393E+01 0.14964701E+01 0.13620494E+01 0.12681995E+01 0.11821972E+01 0.10838482E+01 0.96475455E+00 0.82838215E+00 0.68612808E+00 0.55092585E+00 0.43226827E+00 0.33450187E+00 0.25763875E+00
0.11057310E-01 0.11641623E-01 0.12622138E-01 0.14155454E-01 0.16392767E-01 0.19462953E-01 0.23471981E-01 0.28516710E-01 0.34707384E-01 0.42198740E-01 0.51234554E-01 0.62211002E-01 0.75761323E-01 0.92859296E-01 0.11493158E+00 0.14395657E+00 0.18250562E+00 0.23364720E+00 0.30059324E+00 0.38595069E+00 0.49052107E+00 0.61185589E+00 0.74324475E+00 0.87423794E+00 0.99353567E+00 0.10935617E+01 0.11741242E+01 0.12425264E+01 0.13099598E+01 0.13859906E+01 0.14710018E+01 0.15464219E+01 0.15779091E+01 0.15464219E+01 0.14710018E+01 0.13859906E+01 0.13099598E+01 0.12425264E+01 0.11741242E+01 0.10935617E+01 0.99353567E+00 0.87423794E+00 0.74324475E+00 0.61185589E+00 0.49052107E+00 0.38595069E+00 0.30059324E+00 0.23364720E+00
0.12937207E-01 0.13349526E-01 0.14092450E-01 0.15319821E-01 0.17194508E-01 0.19865717E-01 0.23456668E-01 0.28069926E-01 0.33806730E-01 0.40795719E-01 0.49231733E-01 0.59428602E-01 0.71888654E-01 0.87387675E-01 0.10706798E+00 0.13252304E+00 0.16584189E+00 0.20955738E+00 0.26641261E+00 0.33884444E+00 0.42812390E+00 0.53324852E+00 0.64997268E+00 0.77067489E+00 0.88575396E+00 0.98652307E+00 0.10682986E+01 0.11317108E+01 0.11812229E+01 0.12217114E+01 0.12550447E+01 0.12786071E+01 0.12873370E+01 0.12786071E+01 0.12550447E+01 0.12217114E+01 0.11812229E+01 0.11317108E+01 0.10682986E+01 0.98652307E+00 0.88575396E+00 0.77067489E+00 0.64997268E+00 0.53324852E+00 0.42812390E+00 0.33884444E+00 0.26641261E+00 0.20955738E+00
0.15266615E-01 0.15510321E-01 0.16022037E-01 0.16943133E-01 0.18436737E-01 0.20667326E-01 0.23780208E-01 0.27894289E-01 0.33112582E-01 0.39546297E-01 0.47348598E-01 0.56758406E-01 0.68156076E-01 0.82130575E-01 0.99553192E-01 0.12164616E+00 0.15002443E+00 0.18667300E+00 0.23380224E+00 0.29351048E+00 0.36720233E+00 0.45479770E+00 0.55393721E+00 0.65959529E+00 0.76458569E+00 0.86115613E+00 0.94318247E+00 0.10078423E+01 0.10557735E+01 0.10896963E+01 0.11124773E+01 0.11258372E+01 0.11302833E+01 0.11258372E+01 0.11124773E+01 0.10896963E+01 0.10557735E+01 0.10078423E+01 0.94318247E+00 0.86115613E+00 0.76458569E+00 0.65959529E+00 0.55393721E+00 0.45479770E+00 0.36720233E+00 0.29351048E+00 0.23380224E+00 0.18667300E+00
0.18115498E-01 0.18190054E-01 0.18480183E-01 0.19108998E-01 0.20227996E-01 0.22004808E-01 0.24602946E-01 0.28164568E-01 0.32807603E-01 0.38639898E-01 0.45786166E-01 0.54423939E-01 0.64827494E-01 0.77419078E-01 0.92824168E-01 0.11192316E+00 0.13588561E+00 0.16616369E+00 0.20440873E+00 0.25226447E+00 0.31099759E+00 0.38097148E+00 0.46106555E+00 0.54826811E+00 0.63774699E+00 0.72360810E+00 0.80022877E+00 0.86364425E+00 0.91231400E+00 0.94691695E+00 0.96940392E+00 0.98189161E+00 0.98587862E+00 0.98189161E+00 0.96940392E+00 0.94691695E+00 0.91231400E+00 0.86364425E+00 0.80022877E+00 0.72360810E+00 0.63774699E+00 0.54826811E+00 0.46106555E+00 0.38097148E+00 0.31099759E+00 0.25226447E+00 0.20440873E+00 0.16616369E+00
0.21558933E-01 0.21456233E-01 0.21531427E-01 0.21888275E-01 0.22658717E-01 0.23999819E-01 0.26081019E-01 0.29065393E-01 0.33095351E-01 0.38292232E-01 0.44771557E-01 0.52669772E-01 0.62177997E-01 0.73579835E-01 0.87290230E-01 0.10389043E+00 0.12415104E+00 0.14903059E+00 0.17963003E+00 0.21707664E+00 0.26231018E+00 0.31576449E+00 0.37698816E+00 0.44432158E+00 0.51480639E+00 0.58448483E+00 0.64910701E+00 0.70504157E+00 0.75002056E+00 0.78339163E+00 0.80579904E+00 0.81849170E+00 0.82257824E+00 0.81849170E+00 0.80579904E+00 0.78339163E+00 0.75002056E+00 0.70504157E+00 0.64910701E+00 0.58448483E+00 0.51480639E+00 0.44432158E+00 0.37698816E+00 0.31576449E+00 0.26231018E+00 0.21707664E+00 0.17963003E+00 0.14903059E+00
0.25677363E-01 0.25380306E-01 0.25240595E-01 0.25344907E-01 0.25802802E-01 0.26750705E-01 0.28348997E-01 0.30770022E-01 0.34180750E-01 0.38729447E-01 0.44544750E-01 0.51748669E-01 0.60479150E-01 0.70916460E-01 0.83308549E-01 0.97991089E-01 0.11539764E+00 0.13605471E+00 0.16055457E+00 0.18949565E+00 0.22337714E+00 0.26243902E+00 0.30645779E+00 0.35454597E+00 0.40504341E+00 0.45559914E+00 0.50349236E+00 0.54613159E+00 0.58155907E+00 0.60875155E+00 0.62758942E+00 0.63852124E+00 0.64208784E+00 0.63852124E+00 0.62758942E+00 0.60875155E+00 0.58155907E+00 0.54613159E+00 0.50349236E+00 0.45559914E+00 0.40504341E+00 0.35454597E+00 0.30645779E+00 0.26243902E+00 0.22337714E+00 0.18949565E+00 0.16055457E+00 0.13605471E+00
0.30556061E-01 0.30039921E-01 0.29678813E-01 0.29546077E-01 0.29729587E-01 0.30340075E-01 0.31516805E-01 0.33425984E-01 0.36249341E-01 0.40166073E-01 0.45337013E-01 0.51899367E-01 0.59973714E-01 0.69678294E-01 0.81143365E-01 0.94519609E-01 0.10997675E+00 0.12769083E+00 0.14782086E+00 0.17047624E+00 0.19567590E+00 0.22329740E+00 0.25301551E+00 0.28423766E+00 0.31606118E+00 0.34729255E+00 0.37656364E+00 0.40254183E+00 0.42417342E+00 0.44086067E+00 0.45248583E+00 0.45926209E+00 0.46147816E+00 0.45926209E+00 0.45248583E+00 0.44086067E+00 0.42417342E+00 0.40254183E+00 0.37656364E+00 0.34729255E+00 0.31606118E+00 0.28423766E+00 0.25301551E+00 0.22329740E+00 0.19567590E+00 0.17047624E+00 0.14782086E+00 0.12769083E+00
0.36283692E-01 0.35520897E-01 0.34929794E-01 0.34574081E-01 0.34521754E-01 0.34855991E-01 0.35687269E-01 0.37161995E-01 0.39461937E-01 0.42790952E-01 0.47352012E-01 0.53324075E-01 0.60848326E-01 0.70025829E-01 0.80920583E-01 0.93559535E-01 0.10792374E+00 0.12392954E+00 0.14140358E+00 0.16005914E+00 0.17948305E+00 0.19914082E+00 0.21840325E+00 0.23659301E+00 0.25304740E+00 0.26719280E+00 0.27862433E+00 0.28717795E+00 0.29297568E+00 0.29642223E+00 0.29813483E+00 0.29879583E+00 0.29894697E+00 0.29879583E+00 0.29813483E+00 0.29642223E+00 0.29297568E+00 0.28717795E+00 0.27862433E+00 0.26719280E+00 0.25304740E+00 0.23659301E+00 0.21840325E+00 0.19914082E+00 0.17948305E+00 0.16005914E+00 0.14140358E+00 0.12392954E+00
0.42949905E-01 0.41919010E-01 0.41096463E-01 0.40538919E-01 0.40295396E-01 0.40420059E-01 0.40989356E-01 0.42119414E-01 0.43977315E-01 0.46778849E-01 0.50768366E-01 0.56184505E-01 0.63224024E-01 0.72015845E-01 0.82607697E-01 0.94957973E-01 0.10892385E+00 0.12424212E+00 0.14050634E+00 0.15714953E+00 0.17344351E+00 0.18852462E+00 0.20145168E+00 0.21129741E+00 0.21727085E+00 0.21886015E+00 0.21597119E+00 0.20902736E+00 0.19901085E+00 0.18746340E+00 0.17645512E+00 0.16839374E+00 0.16541144E+00 0.16839374E+00 0.17645512E+00 0.18746340E+00 0.19901085E+00 0.20902736E+00 0.21597119E+00 0.21886015E+00 0.21727085E+00 0.21129741E+00 0.20145168E+00 0.18852462E+00 0.17344351E+00 0.15714953E+00 0.14050634E+00 0.12424212E+00
