Advanced/Day1/qtaim/urea/molecule/pato/urea_mol_pl2d_pato.SURFRHOO
DSAA
 161 161
-0.75589045E+01  0.75589045E+01  0.94486307E-01
-0.75589045E+01  0.75589045E+01  0.94486307E-01
 0.00000000E+00  0.00000000E+00
[rows 0 to 21 of 161, columns 96 to 143 of 161]
0.14507558E-07 0.11797171E-07 0.94753447E-08 0.75176093E-08 0.58921982E-08 0.45629750E-08 0.34919860E-08 0.26415490E-08 0.19758445E-08 0.14620215E-08 0.10708655E-08 0.77709553E-09 0.55936913E-09 0.40007528E-09 0.28498805E-09 0.20284387E-09 0.14489230E-09 0.10445682E-09 0.76530006E-10 0.57417101E-10 0.44433873E-10 0.35658595E-10 0.29734275E-10 0.25714971E-10 0.20342863E-10 0.19447016E-10 0.18643201E-10 0.17892911E-10 0.17166843E-10 0.16443775E-10 0.15051476E-10 0.14475064E-10 0.13829956E-10 0.13127439E-10 0.12379357E-10 0.11597786E-10 0.10794710E-10 0.99817281E-11 0.91697903E-11 0.83689691E-11 0.75882812E-11 0.68355547E-11 0.61173454E-11 0.54389007E-11 0.48041677E-11 0.42158396E-11 0.36754362E-11 0.31834101E-11
0.27333231E-07 0.22227997E-07 0.17853574E-07 0.14164264E-07 0.11100572E-07 0.85947085E-08 0.65753873E-08 0.49717658E-08 0.37164480E-08 0.27475796E-08 0.20101182E-08 0.14564048E-08 0.10461849E-08 0.74622727E-09 0.52967839E-09 0.37527077E-09 0.26647941E-09 0.19069538E-09 0.13846315E-09 0.10280825E-09 0.78666637E-10 0.62416004E-10 0.51501700E-10 0.44145888E-10 0.39126740E-10 0.32660551E-10 0.31321906E-10 0.30070033E-10 0.28856371E-10 0.27645802E-10 0.26414800E-10 0.25149623E-10 0.23264236E-10 0.22082488E-10 0.20824093E-10 0.19509362E-10 0.18158458E-10 0.16790890E-10 0.15425079E-10 0.14077967E-10 0.12764723E-10 0.11498515E-10 0.10290370E-10 0.91491158E-11 0.80813915E-11 0.70917279E-11 0.61826816E-11 0.53550137E-11
0.50815427E-07 0.41329494E-07 0.33199069E-07 0.26340060E-07 0.20642644E-07 0.15981451E-07 0.12224477E-07 0.92403983E-08 0.69041687E-08 0.51009346E-08 0.37284175E-08 0.26980018E-08 0.19347956E-08 0.13769413E-08 0.97443049E-09 0.68764255E-09 0.48578351E-09 0.34535314E-09 0.24872804E-09 0.18291102E-09 0.13846853E-09 0.10865697E-09 0.88724846E-10 0.75369824E-10 0.66326286E-10 0.60058957E-10 0.52277275E-10 0.50202897E-10 0.48187991E-10 0.46174875E-10 0.44125029E-10 0.42016115E-10 0.39839143E-10 0.37595797E-10 0.34801100E-10 0.32603930E-10 0.30346306E-10 0.28060836E-10 0.25778300E-10 0.23527015E-10 0.21332330E-10 0.19216250E-10 0.17197205E-10 0.15289948E-10 0.13505573E-10 0.11851654E-10 0.10332461E-10 0.89492670E-11
0.93211127E-07 0.75825191E-07 0.60918567E-07 0.48338794E-07 0.37886061E-07 0.29331812E-07 0.22435052E-07 0.16955752E-07 0.12665135E-07 0.93528898E-08 0.68315857E-08 0.49387131E-08 0.35368404E-08 0.25123872E-08 0.17734809E-08 0.12472997E-08 0.87722366E-09 0.62003179E-09 0.44330669E-09 0.32314066E-09 0.24218431E-09 0.18804047E-09 0.15198011E-09 0.12794256E-09 0.11177549E-09 0.10067013E-09 0.92750075E-10 0.83265729E-10 0.79943338E-10 0.76618124E-10 0.73227496E-10 0.69735441E-10 0.66127863E-10 0.62408204E-10 0.58593393E-10 0.54132207E-10 0.50383881E-10 0.46589322E-10 0.42799634E-10 0.39061832E-10 0.35418003E-10 0.31904681E-10 0.28552468E-10 0.25385854E-10 0.22423263E-10 0.19677265E-10 0.17154953E-10 0.14858441E-10
0.16868413E-06 0.13725393E-06 0.11029545E-06 0.87536381E-07 0.68618425E-07 0.53130862E-07 0.40639929E-07 0.30713072E-07 0.22937579E-07 0.16933689E-07 0.12362669E-07 0.89305969E-08 0.63887260E-08 0.45313432E-08 0.31919511E-08 0.22385063E-08 0.15682956E-08 0.11028832E-08 0.78342394E-09 0.56651361E-09 0.42065559E-09 0.32334859E-09 0.25875644E-09 0.21589196E-09 0.18723558E-09 0.16770799E-09 0.15392206E-09 0.14364843E-09 0.13544083E-09 0.12630104E-09 0.12072999E-09 0.11498592E-09 0.10904701E-09 0.10292001E-09 0.96633687E-10 0.90232785E-10 0.83106747E-10 0.76847732E-10 0.70596752E-10 0.64431357E-10 0.58420966E-10 0.52625845E-10 0.47096466E-10 0.41873229E-10 0.36986520E-10 0.32457076E-10 0.28296597E-10 0.24508567E-10
0.30115317E-06 0.24511190E-06 0.19702342E-06 0.15640850E-06 0.12263401E-06 0.94972430E-07 0.72654103E-07 0.54910493E-07 0.41007478E-07 0.30268867E-07 0.22090964E-07 0.15949486E-07 0.11400387E-07 0.80761664E-08 0.56791849E-08 0.39732481E-08 0.27745266E-08 0.19425765E-08 0.13719926E-08 0.98500934E-09 0.72518878E-09 0.55221406E-09 0.43771813E-09 0.36202993E-09 0.31169735E-09 0.27764392E-09 0.25382565E-09 0.23627144E-09 0.22241000E-09 0.21060549E-09 0.19774626E-09 0.18836036E-09 0.17864791E-09 0.16862184E-09 0.15833067E-09 0.14784879E-09 0.13726773E-09 0.12668849E-09 0.11568799E-09 0.10558466E-09 0.95735343E-10 0.86238788E-10 0.77177709E-10 0.68618309E-10 0.60610384E-10 0.53187914E-10 0.46370072E-10 0.40162568E-10
0.53037674E-06 0.43182522E-06 0.34721957E-06 0.27572912E-06 0.21625135E-06 0.16751604E-06 0.12817696E-06 0.96887879E-07 0.72361275E-07 0.53409920E-07 0.38972816E-07 0.28127690E-07 0.20092740E-07 0.14220422E-07 0.99858928E-08 0.69723767E-08 0.48552967E-08 0.33865436E-08 0.23798229E-08 0.16976414E-08 0.12401912E-08 0.93616827E-09 0.73540765E-09 0.60313362E-09 0.51557818E-09 0.45671790E-09 0.41589492E-09 0.38611652E-09 0.36286205E-09 0.34326002E-09 0.32552886E-09 0.30654082E-09 0.29076174E-09 0.27446302E-09 0.25772601E-09 0.24067359E-09 0.22345609E-09 0.20623898E-09 0.18919234E-09 0.17189502E-09 0.15586003E-09 0.14039935E-09 0.12564764E-09 0.11171268E-09 0.98675536E-10 0.86591530E-10 0.75491877E-10 0.65385874E-10
0.92139566E-06 0.75047354E-06 0.60366378E-06 0.47954817E-06 0.37623487E-06 0.29153810E-06 0.22313669E-06 0.16870583E-06 0.12601913E-06 0.93021226E-07 0.67873324E-07 0.48975467E-07 0.34970136E-07 0.24731963E-07 0.17348083E-07 0.12093049E-07 0.84015074E-08 0.58410270E-08 0.40867384E-08 0.28987664E-08 0.21029240E-08 0.15747439E-08 0.12266553E-08 0.99796013E-09 0.84718860E-09 0.74640043E-09 0.67702745E-09 0.62690043E-09 0.58816229E-09 0.55582857E-09 0.52680962E-09 0.49925535E-09 0.47014508E-09 0.44382321E-09 0.41678132E-09 0.38922111E-09 0.36138792E-09 0.33355104E-09 0.30598679E-09 0.27896454E-09 0.25209028E-09 0.22708395E-09 0.20322432E-09 0.18068571E-09 0.15959925E-09 0.14005440E-09 0.12210166E-09 0.10575606E-09
0.15789067E-05 0.12865592E-05 0.10353159E-05 0.82279217E-06 0.64578949E-06 0.50060094E-06 0.38328159E-06 0.28987364E-06 0.21658143E-06 0.15989644E-06 0.11667626E-06 0.84183734E-07 0.60094141E-07 0.42478528E-07 0.29770814E-07 0.20725429E-07 0.14370937E-07 0.99637894E-08 0.69450362E-08 0.49017426E-08 0.35339230E-08 0.26271512E-08 0.20305385E-08 0.16394984E-08 0.13825892E-08 0.12116968E-08 0.10948663E-08 0.10111731E-08 0.94712078E-09 0.89415610E-09 0.84698104E-09 0.80242239E-09 0.75523487E-09 0.71300486E-09 0.66959957E-09 0.62534793E-09 0.58064783E-09 0.53593468E-09 0.49165451E-09 0.44824161E-09 0.40610073E-09 0.36559346E-09 0.32655469E-09 0.29033812E-09 0.25645495E-09 0.22504896E-09 0.19620127E-09 0.16993605E-09
0.26687130E-05 0.21755913E-05 0.17515518E-05 0.13926468E-05 0.10935484E-05 0.84806124E-06 0.64957700E-06 0.49145358E-06 0.36731127E-06 0.27124505E-06 0.19795955E-06 0.14283703E-06 0.10195143E-06 0.72041795E-07 0.50458135E-07 0.35090931E-07 0.24293588E-07 0.16804816E-07 0.11675808E-07 0.82051809E-08 0.58831344E-08 0.43451170E-08 0.33345246E-08 0.26734715E-08 0.22404497E-08 0.19536454E-08 0.17587460E-08 0.16202089E-08 0.15151269E-08 0.14289944E-08 0.13528312E-08 0.12812573E-08 0.12112186E-08 0.11379716E-08 0.10687574E-08 0.99817002E-09 0.92685072E-09 0.85549898E-09 0.78483008E-09 0.71553974E-09 0.64827582E-09 0.58361684E-09 0.52205695E-09 0.46349302E-09 0.40940225E-09 0.35926602E-09 0.31321385E-09 0.27128430E-09
0.44490894E-05 0.36288290E-05 0.29230323E-05 0.23252642E-05 0.18267826E-05 0.14173841E-05 0.10861581E-05 0.82211656E-06 0.61468834E-06 0.45407457E-06 0.33147646E-06 0.23921189E-06 0.17074199E-06 0.12062980E-06 0.84452571E-07 0.58686249E-07 0.40577657E-07 0.28016115E-07 0.19412644E-07 0.13591825E-07 0.96987819E-08 0.71218980E-08 0.54304925E-08 0.43259277E-08 0.36041929E-08 0.31279334E-08 0.28059885E-08 0.25787280E-08 0.24077423E-08 0.22687237E-08 0.21466298E-08 0.20324461E-08 0.19210450E-08 0.18097829E-08 0.16947288E-08 0.15828687E-08 0.14698217E-08 0.13567044E-08 0.12446566E-08 0.11347855E-08 0.10281215E-08 0.92558399E-09 0.82795829E-09 0.73588063E-09 0.64930426E-09 0.56978914E-09 0.49675126E-09 0.43025179E-09
0.73156827E-05 0.59701879E-05 0.48116636E-05 0.38297847E-05 0.30104210E-05 0.23370153E-05 0.17918136E-05 0.13568990E-05 0.10150032E-05 0.75009482E-06 0.54775843E-06 0.39539164E-06 0.28225452E-06 0.19940688E-06 0.13956838E-06 0.96932107E-07 0.66957088E-07 0.46158920E-07 0.31912274E-07 0.22273626E-07 0.15828501E-07 0.11564321E-07 0.87677183E-08 0.69438542E-08 0.57546119E-08 0.49723304E-08 0.44459291E-08 0.40766086E-08 0.38007544E-08 0.35781249E-08 0.33838247E-08 0.32029298E-08 0.30269362E-08 0.28514345E-08 0.26745970E-08 0.24936924E-08 0.23156741E-08 0.21375149E-08 0.19610190E-08 0.17879373E-08 0.16198977E-08 0.14583525E-08 0.13045410E-08 0.11594676E-08 0.10238914E-08 0.89778241E-09 0.78270103E-09 0.67792181E-09
0.11864389E-04 0.96880048E-05 0.78126889E-05 0.62221377E-05 0.48938577E-05 0.38013761E-05 0.29162238E-05 0.22096043E-05 0.16537108E-05 0.12226853E-05 0.89324104E-06 0.64499206E-06 0.46054255E-06 0.32539424E-06 0.22772706E-06 0.15810295E-06 0.10913383E-06 0.75145193E-07 0.51857740E-07 0.36100887E-07 0.25565388E-07 0.18597016E-07 0.14029691E-07 0.11054175E-07 0.91173402E-08 0.78466817E-08 0.69949880E-08 0.64006126E-08 0.59594996E-08 0.56058437E-08 0.52989411E-08 0.50143849E-08 0.47382463E-08 0.44632676E-08 0.41863899E-08 0.39071497E-08 0.36245012E-08 0.33457329E-08 0.30695337E-08 0.27986543E-08 0.25356502E-08 0.22827998E-08 0.20420470E-08 0.18149664E-08 0.16027484E-08 0.14062018E-08 0.12252133E-08 0.10611956E-08
0.18977391E-04 0.15506000E-04 0.12512495E-04 0.99715500E-05 0.78479028E-05 0.60998563E-05 0.46824239E-05 0.35499899E-05 0.26584162E-05 0.19665843E-05 0.14374048E-05 0.10383603E-05 0.74166486E-06 0.52413065E-06 0.36683018E-06 0.25463286E-06 0.17568157E-06 0.12086000E-06 0.83286641E-07 0.57858363E-07 0.40855309E-07 0.29610796E-07 0.22243824E-07 0.17448302E-07 0.14331103E-07 0.12290572E-07 0.10927354E-07 0.99803131E-08 0.92813648E-08 0.87242294E-08 0.82431729E-08 0.77987693E-08 0.73684899E-08 0.69405502E-08 0.65099155E-08 0.60757170E-08 0.56360795E-08 0.52027343E-08 0.47733297E-08 0.43521592E-08 0.39432082E-08 0.35500284E-08 0.31756487E-08 0.28225220E-08 0.24925027E-08 0.21868503E-08 0.19062563E-08 0.16503275E-08
0.29938059E-04 0.24478236E-04 0.19766130E-04 0.15763041E-04 0.12414541E-04 0.96559346E-05 0.74171763E-05 0.56270520E-05 0.42165020E-05 0.31210676E-05 0.22825058E-05 0.16496727E-05 0.11788017E-05 0.83331872E-06 0.58333075E-06 0.40491209E-06 0.27929164E-06 0.19202150E-06 0.13218444E-06 0.91676717E-07 0.64586010E-07 0.46670456E-07 0.34935805E-07 0.27301655E-07 0.22344651E-07 0.19105556E-07 0.16947495E-07 0.15453956E-07 0.14356838E-07 0.13486627E-07 0.12738481E-07 0.12049501E-07 0.11383710E-07 0.10722232E-07 0.10056915E-07 0.93862213E-08 0.87125575E-08 0.80376730E-08 0.73744376E-08 0.67238626E-08 0.60921236E-08 0.54847207E-08 0.49063430E-08 0.43607869E-08 0.38509218E-08 0.33786972E-08 0.29451837E-08 0.25506408E-08
0.46580461E-04 0.38112986E-04 0.30798648E-04 0.24579323E-04 0.19372295E-04 0.15078690E-04 0.11591056E-04 0.87998257E-05 0.65984973E-05 0.48874574E-05 0.35765323E-05 0.25864058E-05 0.18490964E-05 0.13077114E-05 0.91568684E-06 0.63570568E-06 0.43845448E-06 0.30134496E-06 0.20729008E-06 0.14359340E-06 0.10098303E-06 0.72800882E-07 0.54343419E-07 0.42340309E-07 0.34552725E-07 0.29471112E-07 0.26092837E-07 0.23762017E-07 0.22056417E-07 0.20709052E-07 0.19554786E-07 0.18494531E-07 0.17471565E-07 0.16456056E-07 0.15435028E-07 0.14405871E-07 0.13372164E-07 0.12340948E-07 0.11318656E-07 0.10320280E-07 0.93507480E-08 0.84185233E-08 0.75308174E-08 0.66934678E-08 0.59108860E-08 0.51860695E-08 0.45206649E-08 0.39150733E-08
0.71478417E-04 0.58529814E-04 0.47334067E-04 0.37805306E-04 0.29819840E-04 0.23228878E-04 0.17870003E-04 0.13577102E-04 0.10188290E-04 0.75518159E-05 0.55300392E-05 0.40016725E-05 0.28625882E-05 0.20255078E-05 0.14188938E-05 0.98533608E-06 0.67967910E-06 0.46708427E-06 0.32116730E-06 0.22230216E-06 0.15614188E-06 0.11237429E-06 0.83708196E-07 0.65070117E-07 0.52984450E-07 0.45106362E-07 0.39877705E-07 0.36278844E-07 0.33653215E-07 0.31585606E-07 0.29819180E-07 0.28199794E-07 0.26639171E-07 0.25090812E-07 0.23534378E-07 0.21965620E-07 0.20389867E-07 0.18817813E-07 0.17262765E-07 0.15737028E-07 0.14258790E-07 0.12837370E-07 0.11483786E-07 0.10206957E-07 0.90136208E-08 0.79083562E-08 0.68936797E-08 0.59702063E-08
0.10817753E-03 0.88652993E-04 0.71754513E-04 0.57357509E-04 0.45279965E-04 0.35301318E-04 0.27179812E-04 0.20667260E-04 0.15521144E-04 0.11513586E-04 0.84374558E-05 0.61098812E-05 0.43735847E-05 0.30965204E-05 0.21702896E-05 0.15077737E-05 0.10403564E-05 0.71502977E-06 0.49160033E-06 0.34013414E-06 0.23872978E-06 0.17162529E-06 0.12766704E-06 0.99087421E-07 0.80561142E-07 0.68493115E-07 0.60493065E-07 0.54996133E-07 0.50994352E-07 0.47850147E-07 0.45169084E-07 0.42714416E-07 0.40350525E-07 0.38005920E-07 0.35649245E-07 0.33273801E-07 0.30887565E-07 0.28506721E-07 0.26151447E-07 0.23840348E-07 0.21601190E-07 0.19447998E-07 0.17397500E-07 0.15463229E-07 0.13655412E-07 0.11980997E-07 0.10443804E-07 0.90447725E-08
0.16146998E-03 0.13244153E-03 0.10729048E-03 0.85839355E-04 0.67824635E-04 0.52924500E-04 0.40784359E-04 0.31038917E-04 0.23330136E-04 0.17320689E-04 0.12703281E-04 0.92060479E-05 0.65947315E-05 0.46723110E-05 0.32767832E-05 0.22777480E-05 0.15723507E-05 0.10810249E-05 0.74336133E-06 0.51431813E-06 0.36089581E-06 0.25932630E-06 0.19277207E-06 0.14949646E-06 0.12144489E-06 0.10318018E-06 0.91080921E-07 0.82776244E-07 0.76738390E-07 0.72000737E-07 0.67965196E-07 0.64272771E-07 0.60717820E-07 0.57191937E-07 0.53647552E-07 0.50074453E-07 0.46484639E-07 0.42902525E-07 0.39358552E-07 0.35884991E-07 0.32511081E-07 0.29270660E-07 0.26184686E-07 0.23273564E-07 0.20552713E-07 0.18032607E-07 0.15719011E-07 0.13613344E-07
0.23770742E-03 0.19515244E-03 0.15823952E-03 0.12672059E-03 0.10022040E-03 0.78276667E-04 0.60377243E-04 0.45992369E-04 0.34601059E-04 0.25711202E-04 0.18873324E-04 0.13688924E-04 0.98139339E-05 0.69584366E-05 0.48836306E-05 0.33969862E-05 0.23464112E-05 0.16140809E-05 0.11104176E-05 0.76854620E-06 0.53941219E-06 0.38764406E-06 0.28815802E-06 0.22345226E-06 0.18150741E-06 0.15419673E-06 0.13610976E-06 0.12370047E-06 0.11468126E-06 0.10760849E-06 0.10158495E-06 0.96073213E-07 0.90765527E-07 0.85499777E-07 0.80204967E-07 0.74866024E-07 0.69501108E-07 0.64146932E-07 0.58849196E-07 0.53656300E-07 0.48612042E-07 0.43767214E-07 0.39153149E-07 0.34800416E-07 0.30732107E-07 0.26963915E-07 0.23504475E-07 0.20355925E-07
0.34514043E-03 0.28362828E-03 0.23020674E-03 0.18453582E-03 0.14609010E-03 0.11421602E-03 0.88185066E-04 0.67240363E-04 0.50634936E-04 0.37661032E-04 0.27670594E-04 0.20087696E-04 0.14413985E-04 0.10228722E-04 0.71847144E-05 0.50015618E-05 0.34574006E-05 0.23800949E-05 0.16385899E-05 0.11349140E-05 0.79711203E-06 0.57323826E-06 0.42641421E-06 0.33088204E-06 0.26893568E-06 0.22859300E-06 0.20187070E-06 0.18353296E-06 0.17020254E-06 0.15974113E-06 0.15082527E-06 0.14265918E-06 0.13479170E-06 0.12698184E-06 0.11912538E-06 0.11120084E-06 0.10323583E-06 0.95285410E-07 0.87417826E-07 0.79705259E-07 0.72217682E-07 0.65016572E-07 0.58162736E-07 0.51696934E-07 0.45653530E-07 0.40055874E-07 0.34916827E-07 0.30239580E-07
0.49426507E-03 0.40659336E-03 0.33035473E-03 0.26509260E-03 0.21008387E-03 0.16441919E-03 0.12707817E-03 0.96995537E-04 0.73115905E-04 0.54436075E-04 0.40034888E-04 0.29091604E-04 0.20894477E-04 0.14841300E-04 0.10434179E-04 0.72702773E-05 0.50303137E-05 0.34661765E-05 0.23886850E-05 0.16562160E-05 0.11646170E-05 0.83860479E-06 0.62467042E-06 0.48539962E-06 0.39504759E-06 0.33617613E-06 0.29715692E-06 0.27035813E-06 0.25085412E-06 0.23552497E-06 0.22243941E-06 0.21043868E-06 0.19886027E-06 0.18735662E-06 0.17577581E-06 0.16409151E-06 0.15234413E-06 0.14061590E-06 0.12900827E-06 0.11762825E-06 0.10657946E-06 0.95952886E-07 0.85838434E-07 0.76296389E-07 0.67377553E-07 0.59116450E-07 0.51532100E-07 0.44629244E-07
