Basic/Day4/qtaim/urea/molecule/pato/urea_mol_pl2d_pato.SURFKKIN
DSAA
 161 161
-0.75589045E+01  0.75589045E+01  0.94486307E-01
-0.75589045E+01  0.75589045E+01  0.94486307E-01
 0.00000000E+00  0.00000000E+00
[rows 42 to 62 of 161, columns 0 to 47 of 161]
-0.13931659E-05 -0.17304993E-05 -0.21344893E-05 -0.26144132E-05 -0.31798821E-05 -0.38406911E-05 -0.46065317E-05 -0.54867014E-05 -0.64897672E-05 -0.76232020E-05 -0.88930054E-05 -0.10303328E-04 -0.11856118E-04 -0.13550810E-04 -0.15384088E-04 -0.17349733E-04 -0.19438585E-04 -0.21638634E-04 -0.23935259E-04 -0.26311610E-04 -0.28749146E-04 -0.31228318E-04 -0.33729393E-04 -0.36233415E-04 -0.38723298E-04 -0.41185087E-04 -0.43609439E-04 -0.45993440E-04 -0.48342973E-04 -0.50675962E-04 -0.53027003E-04 -0.55454094E-04 -0.58048477E-04 -0.60948842E-04 -0.64361439E-04 -0.68587740E-04 -0.74061164E-04 -0.81393855E-04 -0.91432020E-04 -0.10531835E-03 -0.12455167E-03 -0.15103150E-03 -0.18706459E-03 -0.23530468E-03 -0.29856732E-03 -0.37949551E-03 -0.47998452E-03 -0.60033289E-03
-0.17164538E-05 -0.21289770E-05 -0.26219986E-05 -0.32063622E-05 -0.38932582E-05 -0.46939206E-05 -0.56193079E-05 -0.66797245E-05 -0.78844017E-05 -0.92410499E-05 -0.10755402E-04 -0.12430768E-04 -0.14267634E-04 -0.16263327E-04 -0.18411773E-04 -0.20703390E-04 -0.23125126E-04 -0.25660674E-04 -0.28290860E-04 -0.30994231E-04 -0.33747818E-04 -0.36528066E-04 -0.39311926E-04 -0.42078073E-04 -0.44808249E-04 -0.47488762E-04 -0.50112167E-04 -0.52679281E-04 -0.55201730E-04 -0.57705412E-04 -0.60235395E-04 -0.62863073E-04 -0.65696625E-04 -0.68896156E-04 -0.72695143E-04 -0.77429927E-04 -0.83578734E-04 -0.91811258E-04 -0.10304631E-03 -0.11851672E-03 -0.13982871E-03 -0.16900267E-03 -0.20846907E-03 -0.26098806E-03 -0.32942567E-03 -0.41636608E-03 -0.52345436E-03 -0.65044112E-03
-0.21002156E-05 -0.26010236E-05 -0.31982070E-05 -0.39043551E-05 -0.47322794E-05 -0.56946702E-05 -0.68036794E-05 -0.80704451E-05 -0.95045725E-05 -0.11113588E-04 -0.12902394E-04 -0.14872756E-04 -0.17022846E-04 -0.19346903E-04 -0.21835012E-04 -0.24473075E-04 -0.27242969E-04 -0.30122938E-04 -0.33088212E-04 -0.36111855E-04 -0.39165836E-04 -0.42222283E-04 -0.45254893E-04 -0.48240466E-04 -0.51160533E-04 -0.54003090E-04 -0.56764481E-04 -0.59451552E-04 -0.62084328E-04 -0.64699584E-04 -0.67355918E-04 -0.70141173E-04 -0.73183371E-04 -0.76666596E-04 -0.80853574E-04 -0.86116710E-04 -0.92979357E-04 -0.10216665E-03 -0.11466724E-03 -0.13179789E-03 -0.15526313E-03 -0.18719123E-03 -0.23011896E-03 -0.28689071E-03 -0.36039579E-03 -0.45312857E-03 -0.56645104E-03 -0.69953556E-03
-0.25521442E-05 -0.31556684E-05 -0.38736417E-05 -0.47204533E-05 -0.57105633E-05 -0.68580518E-05 -0.81760906E-05 -0.96763506E-05 -0.11368363E-04 -0.13258865E-04 -0.15351150E-04 -0.17644492E-04 -0.20133645E-04 -0.22808514E-04 -0.25653997E-04 -0.28650080E-04 -0.31772181E-04 -0.34991801E-04 -0.38277446E-04 -0.41595848E-04 -0.44913418E-04 -0.48197911E-04 -0.51420230E-04 -0.54556315E-04 -0.57589078E-04 -0.60510363E-04 -0.63322976E-04 -0.66042907E-04 -0.68702018E-04 -0.71351586E-04 -0.74067383E-04 -0.76957193E-04 -0.80172001E-04 -0.83922405E-04 -0.88502055E-04 -0.94320152E-04 -0.10194352E-03 -0.11215080E-03 -0.12599457E-03 -0.14486747E-03 -0.17056062E-03 -0.20529467E-03 -0.25169313E-03 -0.31266167E-03 -0.39108754E-03 -0.48935061E-03 -0.60851029E-03 -0.74715385E-03
-0.30800576E-05 -0.38020540E-05 -0.46587965E-05 -0.56665144E-05 -0.68412607E-05 -0.81983375E-05 -0.97516328E-05 -0.11512888E-04 -0.13490919E-04 -0.15690838E-04 -0.18113303E-04 -0.20753865E-04 -0.23602466E-04 -0.26643137E-04 -0.29853965E-04 -0.33207380E-04 -0.36670779E-04 -0.40207524E-04 -0.43778300E-04 -0.47342801E-04 -0.50861692E-04 -0.54298765E-04 -0.57623210E-04 -0.60811894E-04 -0.63851593E-04 -0.66741124E-04 -0.69493428E-04 -0.72137726E-04 -0.74722025E-04 -0.77316456E-04 -0.80018124E-04 -0.82958485E-04 -0.86314556E-04 -0.90325592E-04 -0.95317108E-04 -0.10173444E-03 -0.11018574E-03 -0.12149807E-03 -0.13678053E-03 -0.15749091E-03 -0.18549262E-03 -0.22308071E-03 -0.27294684E-03 -0.33802686E-03 -0.42119138E-03 -0.52468599E-03 -0.64926298E-03 -0.79294290E-03
-0.36917607E-05 -0.45491566E-05 -0.55638238E-05 -0.67537908E-05 -0.81365486E-05 -0.97283239E-05 -0.11543255E-04 -0.13592491E-04 -0.15883263E-04 -0.18417953E-04 -0.21193256E-04 -0.24199467E-04 -0.27419992E-04 -0.30831145E-04 -0.34402315E-04 -0.38096530E-04 -0.41871491E-04 -0.45681055E-04 -0.49477158E-04 -0.53212114E-04 -0.56841205E-04 -0.60325430E-04 -0.63634292E-04 -0.66748471E-04 -0.69662299E-04 -0.72385948E-04 -0.74947391E-04 -0.77394258E-04 -0.79795926E-04 -0.82246342E-04 -0.84868377E-04 -0.87820775E-04 -0.91309112E-04 -0.95602475E-04 -0.10105804E-03 -0.10815424E-03 -0.11753661E-03 -0.13007323E-03 -0.14691951E-03 -0.16958489E-03 -0.19998801E-03 -0.24047799E-03 -0.29378975E-03 -0.36287325E-03 -0.45055758E-03 -0.55894634E-03 -0.68849633E-03 -0.83670532E-03
-0.43947897E-05 -0.54055076E-05 -0.65981727E-05 -0.79924763E-05 -0.96070661E-05 -0.11458637E-04 -0.13560913E-04 -0.15923558E-04 -0.18551064E-04 -0.21441687E-04 -0.24586499E-04 -0.27968660E-04 -0.31562997E-04 -0.35335975E-04 -0.39246162E-04 -0.43245231E-04 -0.47279538E-04 -0.51292270E-04 -0.55226112E-04 -0.59026326E-04 -0.62644089E-04 -0.66039937E-04 -0.69187077E-04 -0.72074416E-04 -0.74709125E-04 -0.77118685E-04 -0.79352421E-04 -0.81482737E-04 -0.83606397E-04 -0.85846480E-04 -0.88355870E-04 -0.91323468E-04 -0.94984621E-04 -0.99637755E-04 -0.10566826E-03 -0.11358356E-03 -0.12405829E-03 -0.13799126E-03 -0.15657072E-03 -0.18134094E-03 -0.21425585E-03 -0.25769673E-03 -0.31441688E-03 -0.38735897E-03 -0.47929418E-03 -0.59218675E-03 -0.72622364E-03 -0.87844840E-03
-0.51961641E-05 -0.63788739E-05 -0.77701910E-05 -0.93912141E-05 -0.11261313E-04 -0.13397001E-04 -0.15810694E-04 -0.18509402E-04 -0.21493430E-04 -0.24755158E-04 -0.28278035E-04 -0.32035866E-04 -0.35992544E-04 -0.40102313E-04 -0.44310682E-04 -0.48556037E-04 -0.52771985E-04 -0.56890380E-04 -0.60844944E-04 -0.64575303E-04 -0.68031228E-04 -0.71176801E-04 -0.73994240E-04 -0.76487113E-04 -0.78682750E-04 -0.80633764E-04 -0.82418734E-04 -0.84142301E-04 -0.85935156E-04 -0.87954638E-04 -0.90386950E-04 -0.93452305E-04 -0.97414595E-04 -0.10259774E-03 -0.10940929E-03 -0.11837625E-03 -0.13019069E-03 -0.14576747E-03 -0.16631008E-03 -0.19337795E-03 -0.22893581E-03 -0.27537141E-03 -0.33543402E-03 -0.41203746E-03 -0.50788512E-03 -0.62480957E-03 -0.76277003E-03 -0.91844718E-03
-0.61021089E-05 -0.74759140E-05 -0.90867043E-05 -0.10956586E-04 -0.13105033E-04 -0.15547508E-04 -0.18293960E-04 -0.21347276E-04 -0.24701782E-04 -0.28341893E-04 -0.32241078E-04 -0.36361250E-04 -0.40652763E-04 -0.45055137E-04 -0.49498622E-04 -0.53906670E-04 -0.58199301E-04 -0.62297280E-04 -0.66126943E-04 -0.69625386E-04 -0.72745706E-04 -0.75461903E-04 -0.77773050E-04 -0.79706409E-04 -0.81319240E-04 -0.82699227E-04 -0.83963660E-04 -0.85257706E-04 -0.86752441E-04 -0.88643518E-04 -0.91151668E-04 -0.94526494E-04 -0.99055464E-04 -0.10507901E-03 -0.11301587E-03 -0.12339796E-03 -0.13691749E-03 -0.15448632E-03 -0.17729931E-03 -0.20690512E-03 -0.24525531E-03 -0.29471651E-03 -0.35800741E-03 -0.43799435E-03 -0.53730673E-03 -0.65766267E-03 -0.79884883E-03 -0.95729427E-03
-0.71177625E-05 -0.87018233E-05 -0.10552588E-04 -0.12692602E-04 -0.15140619E-04 -0.17909930E-04 -0.21006567E-04 -0.24427500E-04 -0.28158939E-04 -0.32174894E-04 -0.36436172E-04 -0.40890002E-04 -0.45470465E-04 -0.50099898E-04 -0.54691400E-04 -0.59152464E-04 -0.63389707E-04 -0.67314528E-04 -0.70849400E-04 -0.73934408E-04 -0.76533542E-04 -0.78640201E-04 -0.80281407E-04 -0.81520290E-04 -0.82456596E-04 -0.83225184E-04 -0.83992769E-04 -0.84953486E-04 -0.86324140E-04 -0.88340313E-04 -0.91254750E-04 -0.95339641E-04 -0.10089494E-03 -0.10826306E-03 -0.11785520E-03 -0.13018775E-03 -0.14592789E-03 -0.16595701E-03 -0.19143594E-03 -0.22387267E-03 -0.26517403E-03 -0.31765655E-03 -0.38398230E-03 -0.46695243E-03 -0.56912026E-03 -0.69211426E-03 -0.83561525E-03 -0.99592856E-03
-0.82468825E-05 -0.10059983E-04 -0.12170356E-04 -0.14600225E-04 -0.17366571E-04 -0.20479114E-04 -0.23938216E-04 -0.27732799E-04 -0.31838482E-04 -0.36216105E-04 -0.40810882E-04 -0.45552426E-04 -0.50355855E-04 -0.55124189E-04 -0.59752145E-04 -0.64131347E-04 -0.68156821E-04 -0.71734506E-04 -0.74789305E-04 -0.77273104E-04 -0.79172055E-04 -0.80512378E-04 -0.81364038E-04 -0.81841769E-04 -0.82103225E-04 -0.82344355E-04 -0.82792503E-04 -0.83698120E-04 -0.85326319E-04 -0.87949824E-04 -0.91844982E-04 -0.97292906E-04 -0.10458655E-03 -0.11404844E-03 -0.12605438E-03 -0.14107469E-03 -0.15972259E-03 -0.18281605E-03 -0.21144668E-03 -0.24704812E-03 -0.29144853E-03 -0.34688253E-03 -0.41592867E-03 -0.50130626E-03 -0.60549377E-03 -0.73006075E-03 -0.87465808E-03 -0.10356077E-02
-0.94915614E-05 -0.11551630E-04 -0.13939783E-04 -0.16676954E-04 -0.19777042E-04 -0.23244522E-04 -0.27072010E-04 -0.31237929E-04 -0.35704520E-04 -0.40416437E-04 -0.45300231E-04 -0.50265008E-04 -0.55204555E-04 -0.60001118E-04 -0.64530965E-04 -0.68671669E-04 -0.72310854E-04 -0.75355959E-04 -0.77744316E-04 -0.79452684E-04 -0.80505255E-04 -0.80979164E-04 -0.81006677E-04 -0.80773489E-04 -0.80513023E-04 -0.80497084E-04 -0.81023766E-04 -0.82404009E-04 -0.84948568E-04 -0.88957380E-04 -0.94713382E-04 -0.10248305E-03 -0.11252491E-03 -0.12510567E-03 -0.14053281E-03 -0.15919332E-03 -0.18160720E-03 -0.20849116E-03 -0.24082930E-03 -0.27994287E-03 -0.32754452E-03 -0.38575287E-03 -0.45703470E-03 -0.54401070E-03 -0.64908714E-03 -0.77380877E-03 -0.91787782E-03 -0.10777806E-02
-0.10851968E-04 -0.13175569E-04 -0.15857593E-04 -0.18916494E-04 -0.22361525E-04 -0.26189949E-04 -0.30384263E-04 -0.34909646E-04 -0.39711931E-04 -0.44716432E-04 -0.49827991E-04 -0.54932625E-04 -0.59901083E-04 -0.64594552E-04 -0.68872556E-04 -0.72602914E-04 -0.75673287E-04 -0.78003606E-04 -0.79558343E-04 -0.80357396E-04 -0.80484261E-04 -0.80090215E-04 -0.79393548E-04 -0.78673314E-04 -0.78257725E-04 -0.78508020E-04 -0.79799374E-04 -0.82500945E-04 -0.86957585E-04 -0.93475764E-04 -0.10231631E-03 -0.11369623E-03 -0.12779659E-03 -0.14478948E-03 -0.16486875E-03 -0.18829587E-03 -0.21545629E-03 -0.24692540E-03 -0.28354056E-03 -0.32647193E-03 -0.37727849E-03 -0.43792682E-03 -0.51074114E-03 -0.59822401E-03 -0.70270982E-03 -0.82575117E-03 -0.96718268E-03 -0.11238037E-02
-0.12326132E-04 -0.14927943E-04 -0.17917233E-04 -0.21308557E-04 -0.25104702E-04 -0.29293481E-04 -0.33844631E-04 -0.38707111E-04 -0.43807175E-04 -0.49047657E-04 -0.54308922E-04 -0.59451938E-04 -0.64323842E-04 -0.68766212E-04 -0.72626032E-04 -0.75769001E-04 -0.78094467E-04 -0.79550862E-04 -0.80150158E-04 -0.79979628E-04 -0.79209119E-04 -0.78092299E-04 -0.76960760E-04 -0.76210670E-04 -0.76282578E-04 -0.77635994E-04 -0.80721298E-04 -0.85952171E-04 -0.93682020E-04 -0.10418847E-03 -0.11766467E-03 -0.13422690E-03 -0.15393112E-03 -0.17680225E-03 -0.20287483E-03 -0.23224367E-03 -0.26512325E-03 -0.30191449E-03 -0.34327590E-03 -0.39019322E-03 -0.44403616E-03 -0.50658191E-03 -0.57997642E-03 -0.66657670E-03 -0.76863606E-03 -0.88773755E-03 -0.10239195E-02 -0.11744337E-02
-0.13909777E-04 -0.16802081E-04 -0.20108753E-04 -0.23838805E-04 -0.27986500E-04 -0.32527723E-04 -0.37416597E-04 -0.42582749E-04 -0.47929689E-04 -0.53334862E-04 -0.58651952E-04 -0.63715961E-04 -0.68351488E-04 -0.72384376E-04 -0.75656556E-04 -0.78043480E-04 -0.79472979E-04 -0.79943908E-04 -0.79542454E-04 -0.78453770E-04 -0.76966645E-04 -0.75469316E-04 -0.74435384E-04 -0.74399923E-04 -0.75927294E-04 -0.79573523E-04 -0.85847321E-04 -0.95174435E-04 -0.10787103E-03 -0.12412550E-03 -0.14400091E-03 -0.16744829E-03 -0.19433608E-03 -0.22449164E-03 -0.25775163E-03 -0.29401839E-03 -0.33332009E-03 -0.37587359E-03 -0.42214868E-03 -0.47293072E-03 -0.52937393E-03 -0.59302880E-03 -0.66581796E-03 -0.74990819E-03 -0.84743981E-03 -0.96002362E-03 -0.10879472E-02 -0.12290298E-02
-0.15596232E-04 -0.18788447E-04 -0.22418813E-04 -0.26488962E-04 -0.30982365E-04 -0.35860307E-04 -0.41058323E-04 -0.46483585E-04 -0.52013880E-04 -0.57498852E-04 -0.62764223E-04 -0.67619620E-04 -0.71870424E-04 -0.75333735E-04 -0.77858024E-04 -0.79345448E-04 -0.79775073E-04 -0.79224609E-04 -0.77887723E-04 -0.76083826E-04 -0.74257411E-04 -0.72964860E-04 -0.72847892E-04 -0.74594631E-04 -0.78891236E-04 -0.86368930E-04 -0.97552690E-04 -0.11281948E-03 -0.13236725E-03 -0.15621078E-03 -0.18419222E-03 -0.21601636E-03 -0.25130058E-03 -0.28963547E-03 -0.33064835E-03 -0.37406392E-03 -0.41975858E-03 -0.46780857E-03 -0.51853414E-03 -0.57254244E-03 -0.63076768E-03 -0.69449866E-03 -0.76537054E-03 -0.84528741E-03 -0.93619328E-03 -0.10396744E-02 -0.11562607E-02 -0.12844032E-02
-0.17376414E-04 -0.20874679E-04 -0.24830837E-04 -0.29237116E-04 -0.34063768E-04 -0.39254707E-04 -0.44723879E-04 -0.50353032E-04 -0.55991661E-04 -0.61459989E-04 -0.66555825E-04 -0.71066017E-04 -0.74782903E-04 -0.77525651E-04 -0.79165691E-04 -0.79654603E-04 -0.79051864E-04 -0.77549067E-04 -0.75486624E-04 -0.73358874E-04 -0.71804088E-04 -0.71577156E-04 -0.73504811E-04 -0.78425824E-04 -0.87121440E-04 -0.10024385E-03 -0.11825327E-03 -0.14136810E-03 -0.16954826E-03 -0.20250359E-03 -0.23973557E-03 -0.28060760E-03 -0.32443057E-03 -0.37055312E-03 -0.41844210E-03 -0.46774240E-03 -0.51831139E-03 -0.57023051E-03 -0.62380357E-03 -0.67955466E-03 -0.73823573E-03 -0.80084497E-03 -0.86864006E-03 -0.94311537E-03 -0.10258646E-02 -0.11182974E-02 -0.12210817E-02 -0.13332736E-02
-0.19238906E-04 -0.23045760E-04 -0.27325294E-04 -0.32058186E-04 -0.37198949E-04 -0.42671326E-04 -0.48364798E-04 -0.54133055E-04 -0.59795399E-04 -0.65142129E-04 -0.69944920E-04 -0.73972956E-04 -0.77015123E-04 -0.78907878E-04 -0.79567398E-04 -0.79023509E-04 -0.77451674E-04 -0.75198316E-04 -0.72794159E-04 -0.70950385E-04 -0.70533486E-04 -0.72516784E-04 -0.77909696E-04 -0.87669617E-04 -0.10260522E-03 -0.12328444E-03 -0.14995606E-03 -0.18251046E-03 -0.22047742E-03 -0.26307484E-03 -0.30930466E-03 -0.35808267E-03 -0.40838429E-03 -0.45938063E-03 -0.51054003E-03 -0.56167616E-03 -0.61293543E-03 -0.66473192E-03 -0.71765215E-03 -0.77236143E-03 -0.82954259E-03 -0.88988616E-03 -0.95412821E-03 -0.10231069E-02 -0.10977584E-02 -0.11789993E-02 -0.12673627E-02 -0.13623258E-02
-0.21170110E-04 -0.25284286E-04 -0.29880140E-04 -0.34924579E-04 -0.40353848E-04 -0.46068816E-04 -0.51931897E-04 -0.57766625E-04 -0.63361125E-04 -0.68476729E-04 -0.72862887E-04 -0.76279175E-04 -0.78524499E-04 -0.79472631E-04 -0.79111861E-04 -0.77585053E-04 -0.75224871E-04 -0.72577722E-04 -0.70409447E-04 -0.69686260E-04 -0.71526278E-04 -0.77120230E-04 -0.87624515E-04 -0.10403520E-03 -0.12705809E-03 -0.15698855E-03 -0.19363295E-03 -0.23627940E-03 -0.28374160E-03 -0.33447741E-03 -0.38677730E-03 -0.43899730E-03 -0.48980207E-03 -0.53837252E-03 -0.58453384E-03 -0.62877119E-03 -0.67212240E-03 -0.71596542E-03 -0.76174633E-03 -0.81071218E-03 -0.86371612E-03 -0.92114458E-03 -0.98298208E-03 -0.10489862E-02 -0.11188841E-02 -0.11925052E-02 -0.12696938E-02 -0.13499059E-02
-0.23154503E-04 -0.27570844E-04 -0.32471363E-04 -0.37806977E-04 -0.43493208E-04 -0.49405580E-04 -0.55377261E-04 -0.61200281E-04 -0.66631788E-04 -0.71406842E-04 -0.75259037E-04 -0.77949674E-04 -0.79305281E-04 -0.79261868E-04 -0.77912553E-04 -0.75553209E-04 -0.72718899E-04 -0.70202450E-04 -0.69046147E-04 -0.70498580E-04 -0.75931594E-04 -0.86717155E-04 -0.10407055E-03 -0.12887498E-03 -0.16150489E-03 -0.20168594E-03 -0.24841151E-03 -0.29995303E-03 -0.35398248E-03 -0.40781202E-03 -0.45873747E-03 -0.50444131E-03 -0.54339366E-03 -0.57517229E-03 -0.60062487E-03 -0.62181723E-03 -0.64175075E-03 -0.66388362E-03 -0.69154154E-03 -0.72733909E-03 -0.77274098E-03 -0.82786581E-03 -0.89157860E-03 -0.96184393E-03 -0.10362439E-02 -0.11124726E-02 -0.11886848E-02 -0.12634621E-02
-0.25174957E-04 -0.29884479E-04 -0.35073646E-04 -0.40675236E-04 -0.46581790E-04 -0.52641352E-04 -0.58656273E-04 -0.64386666E-04 -0.69560295E-04 -0.73890629E-04 -0.77104437E-04 -0.78979505E-04 -0.79391701E-04 -0.78368785E-04 -0.76145971E-04 -0.73215742E-04 -0.70362082E-04 -0.68667709E-04 -0.69482768E-04 -0.74345361E-04 -0.84848652E-04 -0.10245638E-03 -0.12827873E-03 -0.16282685E-03 -0.20578718E-03 -0.25584823E-03 -0.31063258E-03 -0.36677576E-03 -0.42018185E-03 -0.46646390E-03 -0.50153775E-03 -0.52230101E-03 -0.52728759E-03 -0.51716525E-03 -0.49494433E-03 -0.46580162E-03 -0.43649193E-03 -0.41441023E-03 -0.40645743E-03 -0.41792653E-03 -0.45164125E-03 -0.50753675E-03 -0.58277835E-03 -0.67239114E-03 -0.77025634E-03 -0.87021257E-03 -0.96702522E-03 -0.10569177E-02
