Basic/Day4/qtaim/urea/molecule/pato/urea_mol_pl2d_pato.SURFGKIN
DSAA
 161 161
-0.75589045E+01  0.75589045E+01  0.94486307E-01
-0.75589045E+01  0.75589045E+01  0.94486307E-01
 0.00000000E+00  0.00000000E+00
[rows 44 to 65 of 161, columns 0 to 47 of 161]
0.30948407E-05 0.38844550E-05 0.48435114E-05 0.59998106E-05 0.73836419E-05 0.90275381E-05 0.10965901E-04 0.13234490E-04 0.15869777E-04 0.18908151E-04 0.22385000E-04 0.26333681E-04 0.30784391E-04 0.35762990E-04 0.41289805E-04 0.47378468E-04 0.54034842E-04 0.61256082E-04 0.69029901E-04 0.77334088E-04 0.86136329E-04 0.95394400E-04 0.10505674E-03 0.11506354E-03 0.12534825E-03 0.13583983E-03 0.14646568E-03 0.15715560E-03 0.16784703E-03 0.17849242E-03 0.18906928E-03 0.19959455E-03 0.21014513E-03 0.22088729E-03 0.23211869E-03 0.24432771E-03 0.25827606E-03 0.27511071E-03 0.29651353E-03 0.32489356E-03 0.36362714E-03 0.41734560E-03 0.49226353E-03 0.59653319E-03 0.74058424E-03 0.93742665E-03 0.12028344E-02 0.15553596E-02
0.38067767E-05 0.47746098E-05 0.59490532E-05 0.73636882E-05 0.90550192E-05 0.11062152E-04 0.13426319E-04 0.16190241E-04 0.19397322E-04 0.23090683E-04 0.27312040E-04 0.32100463E-04 0.37491030E-04 0.43513430E-04 0.50190570E-04 0.57537234E-04 0.65558862E-04 0.74250521E-04 0.83596124E-04 0.93567965E-04 0.10412663E-03 0.11522132E-03 0.12679065E-03 0.13876400E-03 0.15106338E-03 0.16360601E-03 0.17630777E-03 0.18908759E-03 0.20187345E-03 0.21461034E-03 0.22727135E-03 0.23987328E-03 0.25249878E-03 0.26532804E-03 0.27868380E-03 0.29309494E-03 0.30938415E-03 0.32878773E-03 0.35311375E-03 0.38494565E-03 0.42789545E-03 0.48690579E-03 0.56859271E-03 0.68161339E-03 0.83701271E-03 0.10485281E-02 0.13327609E-02 0.17091645E-02
0.46523522E-05 0.58308952E-05 0.72596778E-05 0.89789779E-05 0.11032471E-04 0.13466815E-04 0.16331052E-04 0.19675818E-04 0.23552351E-04 0.28011320E-04 0.33101471E-04 0.38868140E-04 0.45351670E-04 0.52585776E-04 0.60595940E-04 0.69397888E-04 0.78996241E-04 0.89383412E-04 0.10053881E-03 0.11242846E-03 0.12500499E-03 0.13820824E-03 0.15196624E-03 0.16619692E-03 0.18081034E-03 0.19571168E-03 0.21080511E-03 0.22599875E-03 0.24121117E-03 0.25638012E-03 0.27147449E-03 0.28651100E-03 0.30157793E-03 0.31686878E-03 0.33273014E-03 0.34972899E-03 0.36874513E-03 0.39109762E-03 0.41871079E-03 0.45432767E-03 0.50177447E-03 0.56627499E-03 0.65480684E-03 0.77647405E-03 0.94287072E-03 0.11683742E-02 0.14703098E-02 0.18689142E-02
0.56492972E-05 0.70750986E-05 0.88019586E-05 0.10877843E-04 0.13354626E-04 0.16287564E-04 0.19734543E-04 0.23755108E-04 0.28409261E-04 0.33756033E-04 0.39851885E-04 0.46748944E-04 0.54493150E-04 0.63122382E-04 0.72664630E-04 0.83136312E-04 0.94540818E-04 0.10686737E-03 0.12009027E-03 0.13416865E-03 0.14904665E-03 0.16465429E-03 0.18090876E-03 0.19771649E-03 0.21497578E-03 0.23258014E-03 0.25042262E-03 0.26840120E-03 0.28642578E-03 0.30442750E-03 0.32237147E-03 0.34027442E-03 0.35822977E-03 0.37644313E-03 0.39528271E-03 0.41534940E-03 0.43757439E-03 0.46335029E-03 0.49470428E-03 0.53451975E-03 0.58681006E-03 0.65704306E-03 0.75250719E-03 0.88269194E-03 0.10596565E-02 0.12983192E-02 0.16166139E-02 0.20354297E-02
0.68160654E-05 0.85298374E-05 0.10603400E-04 0.13093466E-04 0.16061204E-04 0.19571562E-04 0.23692348E-04 0.28493037E-04 0.34043319E-04 0.40411399E-04 0.47662102E-04 0.55854816E-04 0.65041363E-04 0.75263867E-04 0.86552732E-04 0.98924820E-04 0.11238194E-03 0.12690973E-03 0.14247706E-03 0.15903592E-03 0.17652195E-03 0.19485558E-03 0.21394375E-03 0.23368229E-03 0.25395892E-03 0.27465699E-03 0.29566003E-03 0.31685750E-03 0.33815209E-03 0.35946946E-03 0.38077149E-03 0.40207472E-03 0.42347655E-03 0.44519236E-03 0.46760766E-03 0.49135169E-03 0.51739805E-03 0.54720061E-03 0.58287224E-03 0.62741286E-03 0.68499055E-03 0.76127399E-03 0.86380472E-03 0.10023846E-02 0.11894458E-02 0.14403397E-02 0.17734810E-02 0.22102716E-02
0.81715060E-05 0.10218141E-04 0.12691910E-04 0.15659396E-04 0.19192200E-04 0.23366100E-04 0.28259924E-04 0.33954098E-04 0.40528915E-04 0.48062528E-04 0.56628730E-04 0.66294592E-04 0.77118048E-04 0.89145530E-04 0.10240978E-03 0.11692796E-03 0.13270014E-03 0.14970835E-03 0.16791614E-03 0.18726886E-03 0.20769453E-03 0.22910536E-03 0.25139988E-03 0.27446569E-03 0.29818270E-03 0.32242706E-03 0.34707587E-03 0.37201289E-03 0.39713596E-03 0.42236677E-03 0.44766441E-03 0.47304432E-03 0.49860530E-03 0.52456800E-03 0.55132878E-03 0.57953585E-03 0.61019290E-03 0.64479870E-03 0.68553012E-03 0.73547545E-03 0.79891916E-03 0.88168107E-03 0.99149335E-03 0.11383895E-02 0.13350768E-02 0.15972212E-02 0.19435849E-02 0.23959364E-02
0.97344581E-05 0.12162940E-04 0.15095169E-04 0.18608761E-04 0.22786925E-04 0.27717427E-04 0.33491209E-04 0.40200659E-04 0.47937553E-04 0.56790714E-04 0.66843458E-04 0.78170912E-04 0.90837338E-04 0.10489357E-03 0.12037475E-03 0.13729842E-03 0.15566318E-03 0.17544801E-03 0.19661220E-03 0.21909607E-03 0.24282229E-03 0.26769795E-03 0.29361699E-03 0.32046324E-03 0.34811375E-03 0.37644263E-03 0.40532549E-03 0.43464476E-03 0.46429672E-03 0.49420089E-03 0.52431343E-03 0.55464619E-03 0.58529447E-03 0.61647614E-03 0.64858787E-03 0.68228284E-03 0.71857726E-03 0.75899344E-03 0.80574455E-03 0.86197276E-03 0.93203740E-03 0.10218550E-02 0.11392795E-02 0.12944917E-02 0.15003703E-02 0.17727752E-02 0.21306780E-02 0.25960655E-02
0.11523272E-04 0.14386474E-04 0.17839890E-04 0.21973365E-04 0.26882905E-04 0.32669416E-04 0.39437036E-04 0.47291081E-04 0.56335643E-04 0.66670886E-04 0.78390148E-04 0.91576975E-04 0.10630221E-03 0.12262134E-03 0.14057220E-03 0.16017331E-03 0.18142279E-03 0.20429816E-03 0.22875686E-03 0.25473751E-03 0.28216197E-03 0.31093773E-03 0.34096079E-03 0.37211867E-03 0.40429356E-03 0.43736554E-03 0.47121617E-03 0.50573282E-03 0.54081448E-03 0.57638020E-03 0.61238167E-03 0.64882204E-03 0.68578397E-03 0.72346960E-03 0.76225864E-03 0.80278864E-03 0.84606279E-03 0.89359714E-03 0.94760836E-03 0.10112522E-02 0.10889142E-02 0.11865497E-02 0.13120631E-02 0.14756956E-02 0.16903943E-02 0.19720910E-02 0.23398309E-02 0.28156724E-02
0.13555266E-04 0.16909612E-04 0.20950992E-04 0.25782677E-04 0.31514658E-04 0.38262107E-04 0.46143396E-04 0.55277689E-04 0.65782159E-04 0.77768928E-04 0.91341846E-04 0.10659327E-03 0.12360103E-03 0.14242577E-03 0.16310890E-03 0.18567126E-03 0.21011265E-03 0.23641231E-03 0.26453028E-03 0.29440950E-03 0.32597849E-03 0.35915433E-03 0.39384563E-03 0.42995522E-03 0.46738250E-03 0.50602537E-03 0.54578202E-03 0.58655321E-03 0.62824590E-03 0.67077970E-03 0.71409787E-03 0.75818534E-03 0.80309640E-03 0.84899687E-03 0.89622234E-03 0.94536263E-03 0.99737335E-03 0.10537247E-02 0.11165927E-02 0.11890993E-02 0.12756025E-02 0.13820349E-02 0.15162797E-02 0.16885538E-02 0.19117720E-02 0.22018229E-02 0.25776954E-02 0.30613811E-02
0.15846124E-04 0.19751119E-04 0.24450695E-04 0.30062742E-04 0.36712386E-04 0.44530153E-04 0.53649624E-04 0.64204659E-04 0.76326227E-04 0.90138994E-04 0.10575783E-03 0.12328444E-03 0.14280431E-03 0.16438435E-03 0.18807118E-03 0.21389058E-03 0.24184793E-03 0.27192969E-03 0.30410595E-03 0.33833355E-03 0.37455958E-03 0.41272475E-03 0.45276616E-03 0.49461914E-03 0.53821789E-03 0.58349496E-03 0.63037992E-03 0.67879810E-03 0.72867054E-03 0.77991699E-03 0.83246420E-03 0.88626243E-03 0.94131324E-03 0.99771135E-03 0.10557089E-02 0.11158014E-02 0.11788451E-02 0.12462103E-02 0.13199767E-02 0.14031742E-02 0.15000737E-02 0.16165213E-02 0.17603089E-02 0.19415502E-02 0.21730372E-02 0.24705116E-02 0.28527907E-02 0.33416757E-02
0.18409255E-04 0.22926866E-04 0.28357573E-04 0.34835036E-04 0.42500623E-04 0.51501225E-04 0.61986545E-04 0.74105914E-04 0.88004762E-04 0.10382090E-03 0.12168084E-03 0.14169643E-03 0.16396204E-03 0.18855269E-03 0.21552322E-03 0.24490878E-03 0.27672667E-03 0.31097938E-03 0.34765860E-03 0.38674967E-03 0.42823594E-03 0.47210241E-03 0.51833773E-03 0.56693426E-03 0.61788579E-03 0.67118285E-03 0.72680642E-03 0.78472084E-03 0.84486799E-03 0.90716484E-03 0.97150752E-03 0.10377855E-02 0.11059071E-02 0.11758473E-02 0.12477131E-02 0.13218375E-02 0.13989046E-02 0.14801103E-02 0.15673640E-02 0.16635333E-02 0.17727340E-02 0.19006609E-02 0.20549498E-02 0.22455431E-02 0.24850364E-02 0.27889411E-02 0.31758106E-02 0.36671564E-02
0.21255128E-04 0.26449025E-04 0.32685577E-04 0.40115311E-04 0.48896866E-04 0.59194435E-04 0.71174665E-04 0.85003080E-04 0.10084022E-03 0.11883773E-03 0.13913461E-03 0.16185412E-03 0.18710151E-03 0.21496305E-03 0.24550656E-03 0.27878358E-03 0.31483316E-03 0.35368699E-03 0.39537541E-03 0.43993350E-03 0.48740635E-03 0.53785251E-03 0.59134457E-03 0.64796613E-03 0.70780470E-03 0.77094065E-03 0.83743301E-03 0.90730372E-03 0.98052280E-03 0.10569981E-02 0.11365714E-02 0.12190299E-02 0.13041320E-02 0.13916564E-02 0.14814765E-02 0.15736642E-02 0.16686280E-02 0.17672869E-02 0.18712823E-02 0.19832312E-02 0.21070177E-02 0.22481198E-02 0.24139609E-02 0.26142627E-02 0.28613748E-02 0.31705270E-02 0.35599509E-02 0.40508041E-02
0.24390600E-04 0.30325262E-04 0.37443078E-04 0.45912463E-04 0.55910264E-04 0.67618823E-04 0.81222475E-04 0.96903621E-04 0.11483861E-03 0.13519377E-03 0.15812184E-03 0.18375948E-03 0.21222595E-03 0.24362368E-03 0.27804074E-03 0.31555548E-03 0.35624305E-03 0.40018336E-03 0.44746965E-03 0.49821656E-03 0.55256631E-03 0.61069148E-03 0.67279303E-03 0.73909242E-03 0.80981720E-03 0.88518033E-03 0.96535430E-03 0.10504424E-02 0.11404510E-02 0.12352652E-02 0.13346382E-02 0.14381941E-02 0.15454551E-02 0.16558949E-02 0.17690255E-02 0.18845179E-02 0.20023606E-02 0.21230542E-02 0.22478433E-02 0.23789830E-02 0.25200372E-02 0.26762021E-02 0.28546469E-02 0.30648476E-02 0.33188955E-02 0.36317307E-02 0.40212533E-02 0.45082530E-02
0.27818273E-04 0.34557963E-04 0.42631955E-04 0.52227469E-04 0.63540400E-04 0.76771987E-04 0.92124937E-04 0.10979921E-03 0.12998778E-03 0.15287281E-03 0.17862267E-03 0.20739037E-03 0.23931394E-03 0.27451915E-03 0.31312493E-03 0.35525131E-03 0.40102973E-03 0.45061469E-03 0.50419568E-03 0.56200762E-03 0.62433781E-03 0.69152749E-03 0.76396574E-03 0.84207438E-03 0.92628294E-03 0.10169939E-02 0.11145398E-02 0.12191361E-02 0.13308323E-02 0.14494726E-02 0.15746676E-02 0.17057912E-02 0.18420061E-02 0.19823270E-02 0.21257249E-02 0.22712750E-02 0.24183464E-02 0.25668312E-02 0.27174067E-02 0.28718263E-02 0.30332307E-02 0.32064724E-02 0.33984416E-02 0.36183820E-02 0.38781597E-02 0.41924766E-02 0.45789569E-02 0.50580741E-02
0.31535893E-04 0.39143530E-04 0.48246771E-04 0.59052445E-04 0.71776225E-04 0.86638908E-04 0.10386221E-03 0.12366440E-03 0.14625611E-03 0.17183700E-03 0.20059372E-03 0.23270001E-03 0.26831946E-03 0.30761143E-03 0.35074039E-03 0.39788855E-03 0.44927103E-03 0.50515250E-03 0.56586324E-03 0.63181255E-03 0.70349647E-03 0.78149708E-03 0.86647055E-03 0.95912166E-03 0.10601636E-02 0.11702634E-02 0.12899751E-02 0.14196637E-02 0.15594312E-02 0.17090487E-02 0.18679092E-02 0.20350115E-02 0.22089870E-02 0.23881771E-02 0.25707654E-02 0.27549659E-02 0.29392614E-02 0.31226835E-02 0.33051225E-02 0.34876563E-02 0.36728843E-02 0.38652570E-02 0.40713885E-02 0.43003417E-02 0.45638579E-02 0.48765247E-02 0.52558283E-02 0.57220617E-02
0.35535824E-04 0.44071768E-04 0.54274069E-04 0.66369857E-04 0.80595195E-04 0.97191024E-04 0.11639872E-03 0.13845572E-03 0.16359170E-03 0.19202609E-03 0.22396766E-03 0.25961697E-03 0.29917258E-03 0.34284131E-03 0.39085302E-03 0.44347928E-03 0.50105508E-03 0.56400176E-03 0.63284851E-03 0.70824936E-03 0.79099164E-03 0.88199209E-03 0.98227662E-03 0.10929405E-02 0.12150871E-02 0.13497457E-02 0.14977690E-02 0.16597213E-02 0.18357623E-02 0.20255431E-02 0.22281303E-02 0.24419748E-02 0.26649406E-02 0.28944052E-02 0.31274352E-02 0.33610340E-02 0.35924515E-02 0.38195382E-02 0.40411241E-02 0.42574022E-02 0.44702983E-02 0.46838107E-02 0.49043095E-02 0.51407836E-02 0.54050177E-02 0.57116981E-02 0.60784081E-02 0.65254970E-02
0.39804622E-04 0.49325396E-04 0.60691840E-04 0.74151934E-04 0.89962649E-04 0.10838560E-03 0.12968252E-03 0.15411110E-03 0.18192190E-03 0.21335729E-03 0.24865332E-03 0.28804565E-03 0.33178030E-03 0.38012988E-03 0.43341539E-03 0.49203288E-03 0.55648358E-03 0.62740491E-03 0.70559895E-03 0.79205397E-03 0.88795376E-03 0.99466937E-03 0.11137277E-02 0.12467523E-02 0.13953734E-02 0.15611054E-02 0.17451996E-02 0.19484755E-02 0.21711502E-02 0.24126825E-02 0.26716589E-02 0.29457436E-02 0.32317156E-02 0.35256052E-02 0.38229357E-02 0.41190581E-02 0.44095612E-02 0.46907278E-02 0.49600069E-02 0.52164709E-02 0.54612320E-02 0.56977997E-02 0.59323648E-02 0.61740026E-02 0.64347834E-02 0.67297958E-02 0.70770601E-02 0.74973303E-02
0.44322733E-04 0.54879725E-04 0.67469165E-04 0.82360314E-04 0.99831469E-04 0.12016544E-03 0.14364511E-03 0.17054980E-03 0.20115342E-03 0.23572546E-03 0.27453614E-03 0.31786693E-03 0.36602744E-03 0.41937937E-03 0.47836741E-03 0.54355617E-03 0.61567100E-03 0.69563944E-03 0.78462859E-03 0.88407253E-03 0.99568291E-03 0.11214350E-02 0.12635216E-02 0.14242678E-02 0.16060002E-02 0.18108733E-02 0.20406536E-02 0.22964771E-02 0.25786009E-02 0.28861792E-02 0.32170993E-02 0.35679138E-02 0.39338966E-02 0.43092418E-02 0.46874015E-02 0.50615461E-02 0.54251100E-02 0.57723810E-02 0.60990875E-02 0.64029430E-02 0.66841182E-02 0.69456175E-02 0.71935475E-02 0.74372709E-02 0.76894464E-02 0.79659410E-02 0.82856467E-02 0.86701762E-02
0.49064336E-04 0.60702499E-04 0.74566086E-04 0.90945946E-04 0.11014205E-03 0.13245892E-03 0.15820155E-03 0.18767269E-03 0.22117275E-03 0.25900376E-03 0.30147885E-03 0.34893881E-03 0.40177696E-03 0.46047284E-03 0.52563480E-03 0.59804978E-03 0.67873778E-03 0.76900655E-03 0.87050043E-03 0.98523558E-03 0.11156124E-02 0.12643945E-02 0.14346434E-02 0.16295966E-02 0.18524853E-02 0.21062849E-02 0.23934085E-02 0.27153609E-02 0.30723861E-02 0.34631552E-02 0.38845441E-02 0.43315543E-02 0.47974149E-02 0.52738808E-02 0.57517173E-02 0.62213323E-02 0.66734986E-02 0.71001020E-02 0.74948540E-02 0.78539240E-02 0.81764589E-02 0.84649733E-02 0.87256018E-02 0.89682064E-02 0.92063403E-02 0.94570588E-02 0.97406077E-02 0.10079986E-01
0.53997345E-04 0.66753937E-04 0.81933705E-04 0.99849274E-04 0.12082257E-03 0.14518043E-03 0.17325110E-03 0.20536298E-03 0.24184702E-03 0.28304451E-03 0.32932224E-03 0.38109684E-03 0.43886954E-03 0.50327226E-03 0.57512459E-03 0.65549979E-03 0.74579626E-03 0.84780902E-03 0.96379330E-03 0.10965101E-02 0.12492414E-02 0.14257599E-02 0.16302380E-02 0.18670776E-02 0.21406543E-02 0.24549663E-02 0.28132019E-02 0.32172540E-02 0.36672323E-02 0.41610408E-02 0.46940975E-02 0.52592682E-02 0.58470595E-02 0.64460829E-02 0.70437547E-02 0.76271606E-02 0.81839921E-02 0.87034614E-02 0.91771234E-02 0.95995618E-02 0.99689218E-02 0.10287292E-01 0.10560934E-01 0.10800365E-01 0.11020264E-01 0.11239210E-01 0.11479240E-01 0.11765264E-01
0.59083583E-04 0.72986985E-04 0.89514528E-04 0.10900069E-03 0.13178963E-03 0.15823109E-03 0.18867804E-03 0.22348727E-03 0.26302510E-03 0.30768020E-03 0.35788587E-03 0.41415395E-03 0.47712198E-03 0.54761438E-03 0.62671718E-03 0.71586394E-03 0.81692838E-03 0.93231695E-03 0.10650512E-02 0.12188268E-02 0.13980324E-02 0.16077079E-02 0.18534159E-02 0.21410097E-02 0.24762727E-02 0.28644284E-02 0.33095374E-02 0.38138268E-02 0.43770300E-02 0.49958394E-02 0.56635835E-02 0.63702249E-02 0.71027295E-02 0.78457975E-02 0.85828765E-02 0.92973270E-02 0.99735938E-02 0.10598259E-01 0.11160904E-01 0.11654759E-01 0.12077174E-01 0.12429944E-01 0.12719510E-01 0.12957046E-01 0.13158380E-01 0.13343717E-01 0.13537130E-01 0.13765825E-01
0.64279133E-04 0.79347773E-04 0.97243050E-04 0.11832129E-03 0.14294909E-03 0.17149990E-03 0.20435303E-03 0.24189692E-03 0.28453899E-03 0.33272469E-03 0.38696857E-03 0.44789984E-03 0.51632445E-03 0.59330461E-03 0.68025487E-03 0.77905230E-03 0.89215511E-03 0.10227213E-02 0.11747148E-02 0.13529813E-02 0.15632722E-02 0.18121831E-02 0.21069808E-02 0.24552768E-02 0.28645274E-02 0.33413531E-02 0.38907064E-02 0.45149609E-02 0.52130415E-02 0.59797514E-02 0.68054527E-02 0.76762272E-02 0.85745629E-02 0.94805058E-02 0.10373114E-01 0.11231985E-01 0.12038643E-01 0.12777622E-01 0.13437213E-01 0.14009934E-01 0.14492808E-01 0.14887565E-01 0.15200808E-01 0.15444145E-01 0.15634221E-01 0.15792558E-01 0.15945085E-01 0.16121347E-01
