Basic/Day4/qtaim/urea/molecule/pato/urea_mol_pl2d_pato.SURFELFB
DSAA
 161 161
-0.75589045E+01  0.75589045E+01  0.94486307E-01
-0.75589045E+01  0.75589045E+01  0.94486307E-01
 0.00000000E+00  0.00000000E+00
[rows 22 to 43 of 161, columns 0 to 47 of 161]
0.27050452E-03 0.64329336E-03 0.14802716E-02 0.32726500E-02 0.68762446E-02 0.13517023E-01 0.24360845E-01 0.39375184E-01 0.56097370E-01 0.69976384E-01 0.76925692E-01 0.75746881E-01 0.68177731E-01 0.57208056E-01 0.45503187E-01 0.34752238E-01 0.25721776E-01 0.18565253E-01 0.13117308E-01 0.90904264E-02 0.61820373E-02 0.41226413E-02 0.26912955E-02 0.17153718E-02 0.10639929E-02 0.63987506E-03 0.37171654E-03 0.20791950E-03 0.11174925E-03 0.57693253E-04 0.28667925E-04 0.13774511E-04 0.64485239E-05 0.29735169E-05 0.13706744E-05 0.64429511E-06 0.31716439E-06 0.16935300E-06 0.10253227E-06 0.74067697E-07 0.67094507E-07 0.78957889E-07 0.12168311E-06 0.23965967E-06 0.57355774E-06 0.15651735E-05 0.45645422E-05 0.13413253E-04
0.98343437E-03 0.23221020E-02 0.52746879E-02 0.11402385E-01 0.23083272E-01 0.42840178E-01 0.71213127E-01 0.10411926E+00 0.13319415E+00 0.15035333E+00 0.15239182E+00 0.14143535E+00 0.12238157E+00 0.10022154E+00 0.78609230E-01 0.59593287E-01 0.43953966E-01 0.31683530E-01 0.22382695E-01 0.15517585E-01 0.10559324E-01 0.70462876E-02 0.46026042E-02 0.29350590E-02 0.18212313E-02 0.10955686E-02 0.63654222E-03 0.35607377E-03 0.19137481E-03 0.98794668E-04 0.49085022E-04 0.23579965E-04 0.11035462E-04 0.50859200E-05 0.23422507E-05 0.10992566E-05 0.53971406E-06 0.28699534E-06 0.17268486E-06 0.12367347E-06 0.11080112E-06 0.12873675E-06 0.19576943E-06 0.38074473E-06 0.90124895E-06 0.24371883E-05 0.70554315E-05 0.20606085E-04
0.34784294E-02 0.81120570E-02 0.18015261E-01 0.37450855E-01 0.71194167E-01 0.12065299E+00 0.17899987E+00 0.23206732E+00 0.26657212E+00 0.27699905E+00 0.26552847E+00 0.23845814E+00 0.20298169E+00 0.16527608E+00 0.12968084E+00 0.98639466E-01 0.73075902E-01 0.52911697E-01 0.37530093E-01 0.26108107E-01 0.17815870E-01 0.11915725E-01 0.77977040E-02 0.49801277E-02 0.30941760E-02 0.18633853E-02 0.10837372E-02 0.60678833E-03 0.32640579E-03 0.16863896E-03 0.83847538E-04 0.40303669E-04 0.18869305E-04 0.86963987E-05 0.40026776E-05 0.18756880E-05 0.91824925E-06 0.48588446E-06 0.29014281E-06 0.20556902E-06 0.18162872E-06 0.20763375E-06 0.31042781E-06 0.59412404E-06 0.13869484E-05 0.37087816E-05 0.10643394E-04 0.30876827E-04
0.11899711E-01 0.27095755E-01 0.57608710E-01 0.11132070E+00 0.18995950E+00 0.28134776E+00 0.36339673E+00 0.41869414E+00 0.44176544E+00 0.43569800E+00 0.40697427E+00 0.36283721E+00 0.31028989E+00 0.25550012E+00 0.20328758E+00 0.15682776E+00 0.11769013E+00 0.86156696E-01 0.61661394E-01 0.43201924E-01 0.29645264E-01 0.19913987E-01 0.13076639E-01 0.83748710E-02 0.52155523E-02 0.31474318E-02 0.18340361E-02 0.10287624E-02 0.55437923E-03 0.28691380E-03 0.14288307E-03 0.68777621E-04 0.32235132E-04 0.14864865E-04 0.68403428E-05 0.32009426E-05 0.15620990E-05 0.82193447E-06 0.48646500E-06 0.34028921E-06 0.29569285E-06 0.33147907E-06 0.48547536E-06 0.91117621E-06 0.20915647E-05 0.55182345E-05 0.15676339E-04 0.45143742E-04
0.38774037E-01 0.83901531E-01 0.16327721E+00 0.27649877E+00 0.40163165E+00 0.50808800E+00 0.57862776E+00 0.61246268E+00 0.61560593E+00 0.59446886E+00 0.55436458E+00 0.50003392E+00 0.43628990E+00 0.36816943E+00 0.30057318E+00 0.23765451E+00 0.18230344E+00 0.13596139E+00 0.98789259E-01 0.70048086E-01 0.48516234E-01 0.32825404E-01 0.21675916E-01 0.13944286E-01 0.87161460E-02 0.52769232E-02 0.30840162E-02 0.17347976E-02 0.93741426E-03 0.48644069E-03 0.24285563E-03 0.11716257E-03 0.55012262E-04 0.25397718E-04 0.11689389E-04 0.54632377E-05 0.26572906E-05 0.13895185E-05 0.81416190E-06 0.56125044E-06 0.47840194E-06 0.52421652E-06 0.74941070E-06 0.13745214E-05 0.30930077E-05 0.80324811E-05 0.22553955E-04 0.64425092E-04
0.11565844E+00 0.22452366E+00 0.37225080E+00 0.52301305E+00 0.64090519E+00 0.71516113E+00 0.75262125E+00 0.76293432E+00 0.75284774E+00 0.72613117E+00 0.68488042E+00 0.63073447E+00 0.56576122E+00 0.49296079E+00 0.41630557E+00 0.34029493E+00 0.26918681E+00 0.20623780E+00 0.15326949E+00 0.11067633E+00 0.77763307E-01 0.53202351E-01 0.35435970E-01 0.22951490E-01 0.14425640E-01 0.87746993E-02 0.51499020E-02 0.29083525E-02 0.15775350E-02 0.82161087E-03 0.41160799E-03 0.19919404E-03 0.93770798E-04 0.43368959E-04 0.19973391E-04 0.93253412E-05 0.45204180E-05 0.23479836E-05 0.13606325E-05 0.92282492E-06 0.76977350E-06 0.82196084E-06 0.11429788E-05 0.20414156E-05 0.44890129E-05 0.11446690E-04 0.31714011E-04 0.89781297E-04
0.29022651E+00 0.46668229E+00 0.63009397E+00 0.74601888E+00 0.81440207E+00 0.84909170E+00 0.86200944E+00 0.86000651E+00 0.84624904E+00 0.82177902E+00 0.78657530E+00 0.74028324E+00 0.68282255E+00 0.61494740E+00 0.53868013E+00 0.45743122E+00 0.37563842E+00 0.29795725E+00 0.22830256E+00 0.16915127E+00 0.12135320E+00 0.84404084E-01 0.56945424E-01 0.37255604E-01 0.23604960E-01 0.14454209E-01 0.85326144E-02 0.48443014E-02 0.26407738E-02 0.13819178E-02 0.69540410E-03 0.33789455E-03 0.15960479E-03 0.73999356E-04 0.34119134E-04 0.15918254E-04 0.76903459E-05 0.39665087E-05 0.22714408E-05 0.15135358E-05 0.12328452E-05 0.12791383E-05 0.17242629E-05 0.29882345E-05 0.64003440E-05 0.15982348E-04 0.43611614E-04 0.12223355E-03
0.55096673E+00 0.71529065E+00 0.82117812E+00 0.87957987E+00 0.90875740E+00 0.92108740E+00 0.92301852E+00 0.91738507E+00 0.90507816E+00 0.88591085E+00 0.85906666E+00 0.82339070E+00 0.77768368E+00 0.72108860E+00 0.65358407E+00 0.57648761E+00 0.49274655E+00 0.40675425E+00 0.32359015E+00 0.24791394E+00 0.18299385E+00 0.13027257E+00 0.89534281E-01 0.59435439E-01 0.38094278E-01 0.23545592E-01 0.14009584E-01 0.80094870E-02 0.43942560E-02 0.23133133E-02 0.11705938E-02 0.57165280E-03 0.27117569E-03 0.12613206E-03 0.58256682E-04 0.27170414E-04 0.13084156E-04 0.67000505E-05 0.37892652E-05 0.24776940E-05 0.19670525E-05 0.19778572E-05 0.25760638E-05 0.43165885E-05 0.89748286E-05 0.21884551E-04 0.58693460E-04 0.16266534E-03
0.77846141E+00 0.87187649E+00 0.92027883E+00 0.94383933E+00 0.95436249E+00 0.95757625E+00 0.95597499E+00 0.95044252E+00 0.94100344E+00 0.92714621E+00 0.90795738E+00 0.88219298E+00 0.84836576E+00 0.80491545E+00 0.75052140E+00 0.68458320E+00 0.60780262E+00 0.52265351E+00 0.43341427E+00 0.34552602E+00 0.26439354E+00 0.19413974E+00 0.13688234E+00 0.92748400E-01 0.60420605E-01 0.37834429E-01 0.22753644E-01 0.13128219E-01 0.72614242E-02 0.38512096E-02 0.19621245E-02 0.96407335E-03 0.45972588E-03 0.21469566E-03 0.99399426E-04 0.46366054E-04 0.22262141E-04 0.11317904E-04 0.63191634E-05 0.40509838E-05 0.31296167E-05 0.30423267E-05 0.38167424E-05 0.61618980E-05 0.12392948E-04 0.29419624E-04 0.77370400E-04 0.21171772E-03
0.90514010E+00 0.94526575E+00 0.96419453E+00 0.97280475E+00 0.97609022E+00 0.97620440E+00 0.97397682E+00 0.96958421E+00 0.96282051E+00 0.95319219E+00 0.93993593E+00 0.92200549E+00 0.89805998E+00 0.86648988E+00 0.82553123E+00 0.77353073E+00 0.70941183E+00 0.63331622E+00 0.54723637E+00 0.45527724E+00 0.36318000E+00 0.27707534E+00 0.20197104E+00 0.14069845E+00 0.93736011E-01 0.59758765E-01 0.36463902E-01 0.21293569E-01 0.11900511E-01 0.63699156E-02 0.32723000E-02 0.16196934E-02 0.77724521E-03 0.36478112E-03 0.16942114E-03 0.79088256E-04 0.37876977E-04 0.19121260E-04 0.10538076E-04 0.66191822E-05 0.49699296E-05 0.46612384E-05 0.56163791E-05 0.87057511E-05 0.16876217E-04 0.38875160E-04 0.99994003E-04 0.26969568E-03
0.96062911E+00 0.97608868E+00 0.98309598E+00 0.98603933E+00 0.98677272E+00 0.98604339E+00 0.98408619E+00 0.98086521E+00 0.97615962E+00 0.96958147E+00 0.96055905E+00 0.94830091E+00 0.93175112E+00 0.90955039E+00 0.88003011E+00 0.84128662E+00 0.79140466E+00 0.72890340E+00 0.65341864E+00 0.56648171E+00 0.47200958E+00 0.37602082E+00 0.28537417E+00 0.20597855E+00 0.14137548E+00 0.92342385E-01 0.57457709E-01 0.34091092E-01 0.19307534E-01 0.10453410E-01 0.54241859E-02 0.27085728E-02 0.13095889E-02 0.61832261E-03 0.28834463E-03 0.13480403E-03 0.64432924E-04 0.32310914E-04 0.17578690E-04 0.10815322E-04 0.78851257E-05 0.71227939E-05 0.82211512E-05 0.12194042E-04 0.22700079E-04 0.50564903E-04 0.12684312E-03 0.33650321E-03
0.98315247E+00 0.98894808E+00 0.99147717E+00 0.99236757E+00 0.99228068E+00 0.99146031E+00 0.98994653E+00 0.98765810E+00 0.98441538E+00 0.97993553E+00 0.97381041E+00 0.96547083E+00 0.95413902E+00 0.93877276E+00 0.91801119E+00 0.89014580E+00 0.85316093E+00 0.80492077E+00 0.74359244E+00 0.66836331E+00 0.58035116E+00 0.48332256E+00 0.38361055E+00 0.28883842E+00 0.20582629E+00 0.13876804E+00 0.88612170E-01 0.53690332E-01 0.30933362E-01 0.16989539E-01 0.89243772E-02 0.45037183E-02 0.21971515E-02 0.10448975E-02 0.48975887E-03 0.22951036E-03 0.10956340E-03 0.54607474E-04 0.29338185E-04 0.17680858E-04 0.12510343E-04 0.10869960E-04 0.11990517E-04 0.16963965E-04 0.30213799E-04 0.64841544E-04 0.15812654E-03 0.41163220E-03
0.99235319E+00 0.99452191E+00 0.99539483E+00 0.99556572E+00 0.99526658E+00 0.99456678E+00 0.99344966E+00 0.99183836E+00 0.98959899E+00 0.98653129E+00 0.98234944E+00 0.97665314E+00 0.96888769E+00 0.95829204E+00 0.94383638E+00 0.92415573E+00 0.89750208E+00 0.86175702E+00 0.81458548E+00 0.75384121E+00 0.67831865E+00 0.58879620E+00 0.48898176E+00 0.38562530E+00 0.28719262E+00 0.20140548E+00 0.13297544E+00 0.82804609E-01 0.48777155E-01 0.27280105E-01 0.14547891E-01 0.74358108E-02 0.36666109E-02 0.17588731E-02 0.82962876E-03 0.39011159E-03 0.18616799E-03 0.92293844E-04 0.48996204E-04 0.28933440E-04 0.19865983E-04 0.16588271E-04 0.17454500E-04 0.23484581E-04 0.39870892E-04 0.82121006E-04 0.19400952E-03 0.49420328E-03
0.99627153E+00 0.99707669E+00 0.99733875E+00 0.99727486E+00 0.99696331E+00 0.99641561E+00 0.99560322E+00 0.99446469E+00 0.99290327E+00 0.99077824E+00 0.98789015E+00 0.98395919E+00 0.97859468E+00 0.97125308E+00 0.96118336E+00 0.94735843E+00 0.92839911E+00 0.90250857E+00 0.86746113E+00 0.82072952E+00 0.75988076E+00 0.68337397E+00 0.59174929E+00 0.48880516E+00 0.38187753E+00 0.28038006E+00 0.19287681E+00 0.12435685E+00 0.75370276E-01 0.43136543E-01 0.23440452E-01 0.12168491E-01 0.60778862E-02 0.29459653E-02 0.14003783E-02 0.66157414E-03 0.31595758E-03 0.15595871E-03 0.81881977E-04 0.47412130E-04 0.31598826E-04 0.25346263E-04 0.25402717E-04 0.32418263E-04 0.52275196E-04 0.10292155E-03 0.23466314E-03 0.58308557E-03
0.99803687E+00 0.99832210E+00 0.99836230E+00 0.99823678E+00 0.99796895E+00 0.99755260E+00 0.99696082E+00 0.99614712E+00 0.99504203E+00 0.99354623E+00 0.99151973E+00 0.98876613E+00 0.98501019E+00 0.97986629E+00 0.97279508E+00 0.96304541E+00 0.94958027E+00 0.93099082E+00 0.90541536E+00 0.87050732E+00 0.82354347E+00 0.76182368E+00 0.68353658E+00 0.58911956E+00 0.48267356E+00 0.37234786E+00 0.26860317E+00 0.18068930E+00 0.11350649E+00 0.66889372E-01 0.37214994E-01 0.19691866E-01 0.99898274E-02 0.49029696E-02 0.23528845E-02 0.11184330E-02 0.53527038E-03 0.26339139E-03 0.13692046E-03 0.77817253E-04 0.50377915E-04 0.38821410E-04 0.37023881E-04 0.44714462E-04 0.68249935E-04 0.12792578E-03 0.28034487E-03 0.67707455E-03
0.99888290E+00 0.99896773E+00 0.99893199E+00 0.99880383E+00 0.99858734E+00 0.99827217E+00 0.99783618E+00 0.99724472E+00 0.99644759E+00 0.99537386E+00 0.99392404E+00 0.99195877E+00 0.98928259E+00 0.98562077E+00 0.98058671E+00 0.97363654E+00 0.96400742E+00 0.95063733E+00 0.93206907E+00 0.90635462E+00 0.87100596E+00 0.82309339E+00 0.75966886E+00 0.67873277E+00 0.58080207E+00 0.47055879E+00 0.35722787E+00 0.25235290E+00 0.16556329E+00 0.10118587E+00 0.57984235E-01 0.31417386E-01 0.16244157E-01 0.80942271E-02 0.39297248E-02 0.18828934E-02 0.90446975E-03 0.44434007E-03 0.22902979E-03 0.12793714E-03 0.80545380E-04 0.59665311E-04 0.54125990E-04 0.61753714E-04 0.88941523E-04 0.15806650E-03 0.33150743E-03 0.77512316E-03
0.99931444E+00 0.99932245E+00 0.99926530E+00 0.99915189E+00 0.99897989E+00 0.99873914E+00 0.99841220E+00 0.99797316E+00 0.99738521E+00 0.99659684E+00 0.99553616E+00 0.99410269E+00 0.99215571E+00 0.98949729E+00 0.98584837E+00 0.98081444E+00 0.97383757E+00 0.96413033E+00 0.95058856E+00 0.93168484E+00 0.90535909E+00 0.86895649E+00 0.81932857E+00 0.75330761E+00 0.66882035E+00 0.56670719E+00 0.45257253E+00 0.33696685E+00 0.23241237E+00 0.14842889E+00 0.88222781E-01 0.49228581E-01 0.26056087E-01 0.13225656E-01 0.65131176E-02 0.31524529E-02 0.15228199E-02 0.74822504E-03 0.38306147E-03 0.21067347E-03 0.12918616E-03 0.92095973E-04 0.79486087E-04 0.85570771E-04 0.11597462E-03 0.19465397E-03 0.38893969E-03 0.87660534E-03
0.99954810E+00 0.99952790E+00 0.99946899E+00 0.99937305E+00 0.99923595E+00 0.99904891E+00 0.99879826E+00 0.99846437E+00 0.99801975E+00 0.99742622E+00 0.99663074E+00 0.99555948E+00 0.99410923E+00 0.99213516E+00 0.98943308E+00 0.98571405E+00 0.98056810E+00 0.97341269E+00 0.96342141E+00 0.94942862E+00 0.92981186E+00 0.90236978E+00 0.86425353E+00 0.81208829E+00 0.74253684E+00 0.65361793E+00 0.54681343E+00 0.42903080E+00 0.31230624E+00 0.20981859E+00 0.13032254E+00 0.75399692E-01 0.41077112E-01 0.21328909E-01 0.10689219E-01 0.52402484E-02 0.25513692E-02 0.12564048E-02 0.64019574E-03 0.34736148E-03 0.20788179E-03 0.14286038E-03 0.11740895E-03 0.11920249E-03 0.15169040E-03 0.23955648E-03 0.45394493E-03 0.98159446E-03
0.99968171E+00 0.99965249E+00 0.99959814E+00 0.99951769E+00 0.99940685E+00 0.99925829E+00 0.99906121E+00 0.99880044E+00 0.99845501E+00 0.99799592E+00 0.99738315E+00 0.99656122E+00 0.99545283E+00 0.99394988E+00 0.99190029E+00 0.98908922E+00 0.98521183E+00 0.97983411E+00 0.97233717E+00 0.96183936E+00 0.94709186E+00 0.92634950E+00 0.89723844E+00 0.85669077E+00 0.80111206E+00 0.72708456E+00 0.63295598E+00 0.52124261E+00 0.40052023E+00 0.28428016E+00 0.18577444E+00 0.11226010E+00 0.63359394E-01 0.33830305E-01 0.17324416E-01 0.86302557E-02 0.42467592E-02 0.21011729E-02 0.10681432E-02 0.57315450E-03 0.33557248E-03 0.22279802E-03 0.17462282E-03 0.16723437E-03 0.19950350E-03 0.29546306E-03 0.52856962E-03 0.10911463E-02
0.99976184E+00 0.99973100E+00 0.99968251E+00 0.99961451E+00 0.99952304E+00 0.99940201E+00 0.99924274E+00 0.99903326E+00 0.99875712E+00 0.99839178E+00 0.99790626E+00 0.99725782E+00 0.99638724E+00 0.99521195E+00 0.99361633E+00 0.99143754E+00 0.98844511E+00 0.98431129E+00 0.97856843E+00 0.97054781E+00 0.95929424E+00 0.94345146E+00 0.92112177E+00 0.88972812E+00 0.84596712E+00 0.78605897E+00 0.70665394E+00 0.60675239E+00 0.49034854E+00 0.36794321E+00 0.25416260E+00 0.16151925E+00 0.95116126E-01 0.52549405E-01 0.27635543E-01 0.14045176E-01 0.70082911E-02 0.34941028E-02 0.17770233E-02 0.94562855E-03 0.54318534E-03 0.34937431E-03 0.26171876E-03 0.23666250E-03 0.26445879E-03 0.36627139E-03 0.61590810E-03 0.12075917E-02
0.99981179E+00 0.99978197E+00 0.99973887E+00 0.99968042E+00 0.99960309E+00 0.99950176E+00 0.99936933E+00 0.99919607E+00 0.99896877E+00 0.99866940E+00 0.99827337E+00 0.99774689E+00 0.99704339E+00 0.99609833E+00 0.99482170E+00 0.99308735E+00 0.99071749E+00 0.98746022E+00 0.98295687E+00 0.97669492E+00 0.96794053E+00 0.95564430E+00 0.93831606E+00 0.91387515E+00 0.87951538E+00 0.83169995E+00 0.76654307E+00 0.68099189E+00 0.57511016E+00 0.45480039E+00 0.33251457E+00 0.22335562E+00 0.13818515E+00 0.79538989E-01 0.43212021E-01 0.22514539E-01 0.11437599E-01 0.57661018E-02 0.29432776E-02 0.15582239E-02 0.88102627E-03 0.55076027E-03 0.39546264E-03 0.33826976E-03 0.35409400E-03 0.45767117E-03 0.72052801E-03 0.13348655E-02
0.99984381E+00 0.99981572E+00 0.99977703E+00 0.99972569E+00 0.99965860E+00 0.99957137E+00 0.99945802E+00 0.99931047E+00 0.99911778E+00 0.99886516E+00 0.99853253E+00 0.99809247E+00 0.99750741E+00 0.99672555E+00 0.99567510E+00 0.99425600E+00 0.99232800E+00 0.98969340E+00 0.98607203E+00 0.98106488E+00 0.97410166E+00 0.96436591E+00 0.95069125E+00 0.93142593E+00 0.90427836E+00 0.86619928E+00 0.81345294E+00 0.74219247E+00 0.64998506E+00 0.53842483E+00 0.41563124E+00 0.29568936E+00 0.19323575E+00 0.11667542E+00 0.65918470E-01 0.35411747E-01 0.18402668E-01 0.94196338E-02 0.48439166E-02 0.25606291E-02 0.14303631E-02 0.87233620E-03 0.60249705E-03 0.48880004E-03 0.47979191E-03 0.57803519E-03 0.84909053E-03 0.14789289E-02
