Basic/Day4/qtaim/urea/molecule/pato/urea_mol_pl2d_pato.SURFLAPP
DSAA
 161 161
-0.75589045E+01  0.75589045E+01  0.94486307E-01
-0.75589045E+01  0.75589045E+01  0.94486307E-01
 0.00000000E+00  0.00000000E+00
[rows 63 to 83 of 161, columns 0 to 47 of 161]
0.32484190E-03 0.39582869E-03 0.47837919E-03 0.57339452E-03 0.68163275E-03 0.80367683E-03 0.93992260E-03 0.10905992E-02 0.12558365E-02 0.14357943E-02 0.16308667E-02 0.18419694E-02 0.20709102E-02 0.23208282E-02 0.25966726E-02 0.29056723E-02 0.32577292E-02 0.36656541E-02 0.41451535E-02 0.47144842E-02 0.53937023E-02 0.62034608E-02 0.71633790E-02 0.82900338E-02 0.95947350E-02 0.11081312E-01 0.12744239E-01 0.14567460E-01 0.16524332E-01 0.18578953E-01 0.20689019E-01 0.22810020E-01 0.24900248E-01 0.26925753E-01 0.28864246E-01 0.30706985E-01 0.32458116E-01 0.34131529E-01 0.35746013E-01 0.37320026E-01 0.38867607E-01 0.40396718E-01 0.41910732E-01 0.43412922E-01 0.44913014E-01 0.46434301E-01 0.48019551E-01 0.49734193E-01
0.35333395E-03 0.42996688E-03 0.51889002E-03 0.62100454E-03 0.73705116E-03 0.86758390E-03 0.10129708E-02 0.11734373E-02 0.13491688E-02 0.15404911E-02 0.17481412E-02 0.19736383E-02 0.22197485E-02 0.24910247E-02 0.27943782E-02 0.31396174E-02 0.35398671E-02 0.40117632E-02 0.45753093E-02 0.52532860E-02 0.60701236E-02 0.70501945E-02 0.82155312E-02 0.95830764E-02 0.11161676E-01 0.12949166E-01 0.14930025E-01 0.17074197E-01 0.19337652E-01 0.21665188E-01 0.23995591E-01 0.26268822E-01 0.28434242E-01 0.30458381E-01 0.32330423E-01 0.34063832E-01 0.35693240E-01 0.37266944E-01 0.38836523E-01 0.40446024E-01 0.42123369E-01 0.43876162E-01 0.45693091E-01 0.47550780E-01 0.49424700E-01 0.51301775E-01 0.53191824E-01 0.55135351E-01
0.38217991E-03 0.46445813E-03 0.55973021E-03 0.66889164E-03 0.79266235E-03 0.93156882E-03 0.10859619E-02 0.12560886E-02 0.14422386E-02 0.16449841E-02 0.18655304E-02 0.21061816E-02 0.23709126E-02 0.26660182E-02 0.30007801E-02 0.33880701E-02 0.38447743E-02 0.43919069E-02 0.50542711E-02 0.58595277E-02 0.68365529E-02 0.80130384E-02 0.94123295E-02 0.11049656E-01 0.12928061E-01 0.15034533E-01 0.17337090E-01 0.19783712E-01 0.22304064E-01 0.24814741E-01 0.27228245E-01 0.29465010E-01 0.31466791E-01 0.33208690E-01 0.34706719E-01 0.36018220E-01 0.37233996E-01 0.38463170E-01 0.39813861E-01 0.41373926E-01 0.43195921E-01 0.45289389E-01 0.47621997E-01 0.50129439E-01 0.52732353E-01 0.55357006E-01 0.57955497E-01 0.60521194E-01
0.41110609E-03 0.49897644E-03 0.60051623E-03 0.71661084E-03 0.84795801E-03 0.99506144E-03 0.11582701E-02 0.13378847E-02 0.15343558E-02 0.17485941E-02 0.19824111E-02 0.22390916E-02 0.25240836E-02 0.28457628E-02 0.32161962E-02 0.36517955E-02 0.41737192E-02 0.48078534E-02 0.55841938E-02 0.65354405E-02 0.76946750E-02 0.90920071E-02 0.10750222E-01 0.12679615E-01 0.14872447E-01 0.17297796E-01 0.19897917E-01 0.22587523E-01 0.25257480E-01 0.27784076E-01 0.30044149E-01 0.31934893E-01 0.33395243E-01 0.34424084E-01 0.35089764E-01 0.35526727E-01 0.35918232E-01 0.36468360E-01 0.37369679E-01 0.38773608E-01 0.40768760E-01 0.43369983E-01 0.46518926E-01 0.50096110E-01 0.53943589E-01 0.57895379E-01 0.61810289E-01 0.65600083E-01
0.43982309E-03 0.53317965E-03 0.64084883E-03 0.76370287E-03 0.90241824E-03 0.10574839E-02 0.12292665E-02 0.14181583E-02 0.16248342E-02 0.18506428E-02 0.20981469E-02 0.23718142E-02 0.26788331E-02 0.30299961E-02 0.34405550E-02 0.39309072E-02 0.45269366E-02 0.52597973E-02 0.61649050E-02 0.72799126E-02 0.86414544E-02 0.10280530E-01 0.12216534E-01 0.14450177E-01 0.16955942E-01 0.19675190E-01 0.22511632E-01 0.25331383E-01 0.27969933E-01 0.30247970E-01 0.31996448E-01 0.33088760E-01 0.33474297E-01 0.33204547E-01 0.32442066E-01 0.31446122E-01 0.30536345E-01 0.30043912E-01 0.30263719E-01 0.31418083E-01 0.33635309E-01 0.36940396E-01 0.41254406E-01 0.46402705E-01 0.52135876E-01 0.58165931E-01 0.64214291E-01 0.70060744E-01
0.46803072E-03 0.56671538E-03 0.68031984E-03 0.80970189E-03 0.95551990E-03 0.11182589E-02 0.12983268E-02 0.14962487E-02 0.17129916E-02 0.19504439E-02 0.22120660E-02 0.25037071E-02 0.28345528E-02 0.32181279E-02 0.36732327E-02 0.42246380E-02 0.49033178E-02 0.57459545E-02 0.67934139E-02 0.80878987E-02 0.96684721E-02 0.11564765E-01 0.13788841E-01 0.16325550E-01 0.19122271E-01 0.22079723E-01 0.25046426E-01 0.27820271E-01 0.30161030E-01 0.31816950E-01 0.32566149E-01 0.32268507E-01 0.30916947E-01 0.28670919E-01 0.25854936E-01 0.22915065E-01 0.20344245E-01 0.18602630E-01 0.18060212E-01 0.18973696E-01 0.21488769E-01 0.25647494E-01 0.31385348E-01 0.38518687E-01 0.46739287E-01 0.55636457E-01 0.64754780E-01 0.73674673E-01
0.49542336E-03 0.59922707E-03 0.71851913E-03 0.85414310E-03 0.10067444E-02 0.11768177E-02 0.13648374E-02 0.15715051E-02 0.17981477E-02 0.20472931E-02 0.23234382E-02 0.26339981E-02 0.29903879E-02 0.34091411E-02 0.39129128E-02 0.45311526E-02 0.53001740E-02 0.62622820E-02 0.74635914E-02 0.89501104E-02 0.10761698E-01 0.12923588E-01 0.15435414E-01 0.18258181E-01 0.21300454E-01 0.24406228E-01 0.27348437E-01 0.29833549E-01 0.31523571E-01 0.32080934E-01 0.31237092E-01 0.28875817E-01 0.25107927E-01 0.20303293E-01 0.15050919E-01 0.10046420E-01 0.59469928E-02 0.32574945E-02 0.22943933E-02 0.32263567E-02 0.61470388E-02 0.11125029E-01 0.18196910E-01 0.27305026E-01 0.38216761E-01 0.50481581E-01 0.63469120E-01 0.76486861E-01
0.52169528E-03 0.63036022E-03 0.75504139E-03 0.89656989E-03 0.10555852E-02 0.12326062E-02 0.14282005E-02 0.16432888E-02 0.18796220E-02 0.21404583E-02 0.24314548E-02 0.27617510E-02 0.31451846E-02 0.36015179E-02 0.41574894E-02 0.48474286E-02 0.57130996E-02 0.68023492E-02 0.81660917E-02 0.98530622E-02 0.11901797E-01 0.14329389E-01 0.17116889E-01 0.20191953E-01 0.23410519E-01 0.26541151E-01 0.29258126E-01 0.31151986E-01 0.31768307E-01 0.30684039E-01 0.27621677E-01 0.22580461E-01 0.15934809E-01 0.84330399E-02 0.10539325E-02 -0.52461180E-02 -0.97799047E-02 -0.12239845E-01 -0.12625021E-01 -0.11053988E-01 -0.75819627E-02 -0.21030904E-02 0.56376574E-02 0.15924206E-01 0.28869370E-01 0.44220895E-01 0.61293247E-01 0.79089143E-01
0.54654612E-03 0.65976835E-03 0.78949266E-03 0.93654069E-03 0.11015541E-02 0.12850915E-02 0.14878390E-02 0.17109755E-02 0.19567316E-02 0.22291729E-02 0.25352151E-02 0.28858442E-02 0.32974606E-02 0.37932036E-02 0.44040291E-02 0.51692292E-02 0.61359784E-02 0.73574046E-02 0.88885489E-02 0.10779508E-01 0.13064997E-01 0.15749698E-01 0.18789190E-01 0.22067256E-01 0.25372092E-01 0.28376808E-01 0.30633564E-01 0.31595629E-01 0.30685594E-01 0.27425303E-01 0.21623379E-01 0.13571633E-01 0.41451814E-02 -0.53159459E-02 -0.13380482E-01 -0.19010994E-01 -0.21877048E-01 -0.22287104E-01 -0.20810117E-01 -0.17887303E-01 -0.13663351E-01 -0.79905968E-02 -0.44123574E-03 0.96662057E-02 0.23061230E-01 0.40108437E-01 0.60432106E-01 0.82873552E-01
0.56968613E-03 0.68711884E-03 0.82149645E-03 0.97363528E-03 0.11441877E-02 0.13337670E-02 0.15432005E-02 0.17739576E-02 0.20287925E-02 0.23126336E-02 0.26337227E-02 0.30049669E-02 0.34454057E-02 0.39816180E-02 0.46488045E-02 0.54911725E-02 0.65611253E-02 0.79166417E-02 0.96160450E-02 0.11709246E-01 0.14224458E-01 0.17149494E-01 0.20407394E-01 0.23827404E-01 0.27114941E-01 0.29828464E-01 0.31377770E-01 0.31067055E-01 0.28213041E-01 0.22361606E-01 0.13583398E-01 0.27375312E-02 -0.85071270E-02 -0.18090360E-01 -0.24371869E-01 -0.26896081E-01 -0.26496832E-01 -0.24524198E-01 -0.21766371E-01 -0.18035298E-01 -0.12754224E-01 -0.57580307E-02 0.27189550E-02 0.12827433E-01 0.25608755E-01 0.42493640E-01 0.64201857E-01 0.90017840E-01
0.59084119E-03 0.71209833E-03 0.85069951E-03 0.10074605E-02 0.11830530E-02 0.13781578E-02 0.15937619E-02 0.18316484E-02 0.20951229E-02 0.23900063E-02 0.27258951E-02 0.31176381E-02 0.35869159E-02 0.41637169E-02 0.48874018E-02 0.58069155E-02 0.69795738E-02 0.84676513E-02 0.10331814E-01 0.12620218E-01 0.15351983E-01 0.18493901E-01 0.21930004E-01 0.25425437E-01 0.28589738E-01 0.30851176E-01 0.31464527E-01 0.29589528E-01 0.24488010E-01 0.15869151E-01 0.43222579E-02 -0.83990186E-02 -0.19631588E-01 -0.26863290E-01 -0.29272069E-01 -0.28642161E-01 -0.28434452E-01 -0.31007283E-01 -0.35008617E-01 -0.35727490E-01 -0.28863170E-01 -0.14340623E-01 0.38081372E-02 0.21338361E-01 0.37365869E-01 0.54446475E-01 0.75854116E-01 0.10288712E+00
0.60975753E-03 0.73441771E-03 0.87677694E-03 0.10376554E-02 0.12177520E-02 0.14178255E-02 0.16390348E-02 0.18834885E-02 0.21550521E-02 0.24604399E-02 0.28105876E-02 0.32222466E-02 0.37196624E-02 0.43361050E-02 0.51148959E-02 0.61094241E-02 0.73814845E-02 0.89970204E-02 0.11018110E-01 0.13489753E-01 0.16419832E-01 0.19750834E-01 0.23322859E-01 0.26829930E-01 0.29776682E-01 0.31452297E-01 0.30955351E-01 0.27326444E-01 0.19859221E-01 0.86156555E-02 -0.50044543E-02 -0.18100294E-01 -0.27179671E-01 -0.30421026E-01 -0.30324489E-01 -0.34361326E-01 -0.51233975E-01 -0.83218519E-01 -0.12002379E+00 -0.14180053E+00 -0.13238661E+00 -0.92099561E-01 -0.37285415E-01 0.12859220E-01 0.49030213E-01 0.74058273E-01 0.96420731E-01 0.12274627E+00
0.62620598E-03 0.75381668E-03 0.89943684E-03 0.10638960E-02 0.12479270E-02 0.14523736E-02 0.16785711E-02 0.19289533E-02 0.22079332E-02 0.25230867E-02 0.28866290E-02 0.33171118E-02 0.38411902E-02 0.44951914E-02 0.53260917E-02 0.63913216E-02 0.77566431E-02 0.94910245E-02 0.11657150E-01 0.14295832E-01 0.17402366E-01 0.20893123E-01 0.24561853E-01 0.28028407E-01 0.30689563E-01 0.31695544E-01 0.30000765E-01 0.24570860E-01 0.14840724E-01 0.14252679E-02 -0.13229627E-01 -0.25072169E-01 -0.30596876E-01 -0.31123727E-01 -0.37136672E-01 -0.68068099E-01 -0.14271606E+00 -0.26097125E+00 -0.38928458E+00 -0.46961884E+00 -0.45593449E+00 -0.34962170E+00 -0.19818973E+00 -0.58673815E-01 0.37558839E-01 0.91809978E-01 0.12268962E+00 0.14821917E+00
0.63998577E-03 0.77006769E-03 0.91842444E-03 0.10858997E-02 0.12732648E-02 0.14814518E-02 0.17119698E-02 0.19675632E-02 0.22531590E-02 0.25771316E-02 0.29528690E-02 0.34005617E-02 0.39490411E-02 0.46373783E-02 0.55157974E-02 0.66452839E-02 0.80950033E-02 0.99363490E-02 0.12232028E-01 0.15018182E-01 0.18277275E-01 0.21899729E-01 0.25633806E-01 0.29027278E-01 0.31373567E-01 0.31694061E-01 0.28822679E-01 0.21703305E-01 0.10015754E-01 -0.49224496E-02 -0.19538551E-01 -0.28982351E-01 -0.31248623E-01 -0.34514517E-01 -0.64129989E-01 -0.16121805E+00 -0.36308817E+00 -0.66459151E+00 -0.98544212E+00 -0.11894832E+01 -0.11688415E+01 -0.92720033E+00 -0.57664611E+00 -0.25162208E+00 -0.27814275E-01 0.92719100E-01 0.14720793E+00 0.17444908E+00
0.65092782E-03 0.78297935E-03 0.93352555E-03 0.11034282E-02 0.12935007E-02 0.15047617E-02 0.17388838E-02 0.19988950E-02 0.22901820E-02 0.26218234E-02 0.30082322E-02 0.34710188E-02 0.40408885E-02 0.47592597E-02 0.56791201E-02 0.68644485E-02 0.83872333E-02 0.10320777E-01 0.12727520E-01 0.15639120E-01 0.19026246E-01 0.22755818E-01 0.26535221E-01 0.29847936E-01 0.31896463E-01 0.31592749E-01 0.27680592E-01 0.19128949E-01 0.59251211E-02 -0.98685620E-02 -0.23669455E-01 -0.30446779E-01 -0.31460025E-01 -0.45693010E-01 -0.12085138E+00 -0.33123049E+00 -0.74389707E+00 -0.13472237E+01 -0.19860831E+01 -0.23956130E+01 -0.23647800E+01 -0.19011639E+01 -0.12246431E+01 -0.59713500E+00 -0.16517185E+00 0.65343736E-01 0.16147181E+00 0.19378754E+00
0.65889744E-03 0.79239930E-03 0.94456954E-03 0.11162916E-02 0.13084218E-02 0.15220609E-02 0.17590273E-02 0.20225934E-02 0.23185332E-02 0.26565091E-02 0.30517734E-02 0.35270893E-02 0.41146736E-02 0.48578291E-02 0.58117520E-02 0.70428065E-02 0.86252205E-02 0.10633800E-01 0.13130740E-01 0.16144088E-01 0.19635063E-01 0.23451811E-01 0.27269164E-01 0.30519667E-01 0.32334631E-01 0.31543120E-01 0.26829716E-01 0.17213837E-01 0.29844794E-02 -0.13141839E-01 -0.25839294E-01 -0.30469405E-01 -0.32637750E-01 -0.64197505E-01 -0.19931216E+00 -0.55265137E+00 -0.12293215E+01 -0.22119131E+01 -0.32525513E+01 -0.39228984E+01 -0.38796482E+01 -0.31354692E+01 -0.20485641E+01 -0.10427968E+01 -0.35248084E+00 0.13760803E-01 0.16082996E+00 0.19784798E+00
0.66379653E-03 0.79821642E-03 0.95143166E-03 0.11243500E-02 0.13178706E-02 0.15331677E-02 0.17721822E-02 0.20383821E-02 0.23378417E-02 0.26806652E-02 0.30827291E-02 0.35676442E-02 0.41687299E-02 0.49306575E-02 0.59102271E-02 0.71755444E-02 0.88025034E-02 0.10867108E-01 0.13431614E-01 0.16521921E-01 0.20093272E-01 0.23981730E-01 0.27841057E-01 0.31070855E-01 0.32756774E-01 0.31676097E-01 0.26480968E-01 0.16237854E-01 0.14568034E-02 -0.14699453E-01 -0.26474479E-01 -0.29799465E-01 -0.34089622E-01 -0.82012267E-01 -0.27011070E+00 -0.74801916E+00 -0.16549237E+01 -0.29698244E+01 -0.43640103E+01 -0.52643095E+01 -0.52095749E+01 -0.42171750E+01 -0.27688685E+01 -0.14323508E+01 -0.51885093E+00 -0.38500349E-01 0.14692196E+00 0.17964491E+00
0.66556510E-03 0.80036248E-03 0.95403475E-03 0.11275162E-02 0.13217470E-02 0.15379641E-02 0.17782033E-02 0.20460730E-02 0.23478502E-02 0.26939239E-02 0.31005602E-02 0.35918863E-02 0.42018849E-02 0.49760416E-02 0.59721248E-02 0.72593143E-02 0.89146036E-02 0.11014959E-01 0.13623193E-01 0.16764928E-01 0.20393669E-01 0.24341410E-01 0.28254459E-01 0.31520556E-01 0.33208892E-01 0.32078348E-01 0.26770365E-01 0.16370671E-01 0.14726396E-02 -0.14597678E-01 -0.25936428E-01 -0.28721072E-01 -0.33866639E-01 -0.88272120E-01 -0.29731751E+00 -0.82463669E+00 -0.18232875E+01 -0.32710787E+01 -0.48067424E+01 -0.57983799E+01 -0.57370566E+01 -0.46424182E+01 -0.30471408E+01 -0.15782490E+01 -0.57920183E+00 -0.61870131E-01 0.12436866E+00 0.13459257E+00
0.66418224E-03 0.79881314E-03 0.95235035E-03 0.11257565E-02 0.13200099E-02 0.15363984E-02 0.17770228E-02 0.20455728E-02 0.23484256E-02 0.26960914E-02 0.31049815E-02 0.35993959E-02 0.42135242E-02 0.49931017E-02 0.59962060E-02 0.72924123E-02 0.89592431E-02 0.11074413E-01 0.13701849E-01 0.16868911E-01 0.20531875E-01 0.24527166E-01 0.28508014E-01 0.31872481E-01 0.33703795E-01 0.32776488E-01 0.27740858E-01 0.17664600E-01 0.30654233E-02 -0.12875229E-01 -0.24365425E-01 -0.27277790E-01 -0.30940068E-01 -0.77899332E-01 -0.26454596E+00 -0.74033547E+00 -0.16442677E+01 -0.29551860E+01 -0.43443212E+01 -0.52386583E+01 -0.51776030E+01 -0.41797156E+01 -0.27288504E+01 -0.13958762E+01 -0.49616930E+00 -0.44366176E-01 0.94148913E-01 0.60600005E-01
0.65966648E-03 0.79358833E-03 0.94639915E-03 0.11190912E-02 0.13126783E-02 0.15284865E-02 0.17686514E-02 0.20368857E-02 0.23395644E-02 0.26871562E-02 0.30959744E-02 0.35901503E-02 0.42036272E-02 0.49818243E-02 0.59824715E-02 0.72748543E-02 0.89364379E-02 0.11045432E-01 0.13667362E-01 0.16833193E-01 0.20506220E-01 0.24535340E-01 0.28594379E-01 0.32112876E-01 0.34217399E-01 0.33731611E-01 0.29336472E-01 0.20053842E-01 0.61878330E-02 -0.95081304E-02 -0.21638237E-01 -0.25448555E-01 -0.26372270E-01 -0.56025636E-01 -0.18827104E+00 -0.53742691E+00 -0.12082353E+01 -0.21829852E+01 -0.32137028E+01 -0.38723914E+01 -0.38168908E+01 -0.30623038E+01 -0.19710674E+01 -0.97338050E+00 -0.31168277E+00 -0.31373114E-02 0.50844831E-01 -0.41374133E-01
0.65207549E-03 0.78475203E-03 0.93625075E-03 0.11075947E-02 0.12998308E-02 0.15143113E-02 0.17531788E-02 0.20201133E-02 0.23213917E-02 0.26672866E-02 0.30737825E-02 0.35645165E-02 0.41727512E-02 0.49430438E-02 0.59321372E-02 0.72083451E-02 0.88484638E-02 0.10930858E-01 0.13522931E-01 0.16660711E-01 0.20318002E-01 0.24362925E-01 0.28501479E-01 0.32212836E-01 0.34692612E-01 0.34844904E-01 0.31408242E-01 0.23355192E-01 0.10695221E-01 -0.44552702E-02 -0.17411133E-01 -0.22972536E-01 -0.22146613E-01 -0.33570517E-01 -0.10450980E+00 -0.30874791E+00 -0.71282469E+00 -0.13046876E+01 -0.19291009E+01 -0.23217750E+01 -0.22734814E+01 -0.17955566E+01 -0.11143095E+01 -0.50109546E+00 -0.11420042E+00 0.28790979E-01 -0.12489454E-01 -0.16592261E+00
