Basic/Day4/qtaim/urea/molecule/pato/urea_mol_pl2d_pato.SURFKKIN
DSAA
 161 161
-0.75589045E+01  0.75589045E+01  0.94486307E-01
-0.75589045E+01  0.75589045E+01  0.94486307E-01
 0.00000000E+00  0.00000000E+00
[rows 0 to 20 of 161, columns 48 to 95 of 161]
-0.89461396E-09 -0.12639221E-08 -0.17789014E-08 -0.24880398E-08 -0.34520698E-08 -0.47455749E-08 -0.64582613E-08 -0.86956608E-08 -0.11578993E-07 -0.15243907E-07 -0.19837823E-07 -0.25515648E-07 -0.32433714E-07 -0.40741919E-07 -0.50574178E-07 -0.62037530E-07 -0.75200383E-07 -0.90080622E-07 -0.10663444E-06 -0.12474685E-06 -0.14422495E-06 -0.16479481E-06 -0.18610283E-06 -0.20772210E-06 -0.22916400E-06 -0.24989465E-06 -0.26935587E-06 -0.28698930E-06 -0.30226251E-06 -0.31469525E-06 -0.32388420E-06 -0.32952444E-06 -0.33142603E-06 -0.32952444E-06 -0.32388420E-06 -0.31469525E-06 -0.30226251E-06 -0.28698930E-06 -0.26935587E-06 -0.24989465E-06 -0.22916400E-06 -0.20772210E-06 -0.18610283E-06 -0.16479481E-06 -0.14422495E-06 -0.12474685E-06 -0.10663444E-06 -0.90080622E-07
-0.16124578E-08 -0.22836679E-08 -0.32191949E-08 -0.45066105E-08 -0.62554002E-08 -0.85997554E-08 -0.11700741E-07 -0.15747418E-07 -0.20956435E-07 -0.27569610E-07 -0.35849010E-07 -0.46069142E-07 -0.58506024E-07 -0.73423099E-07 -0.91054257E-07 -0.11158454E-06 -0.13512948E-06 -0.16171426E-06 -0.19125433E-06 -0.22353911E-06 -0.25822054E-06 -0.29480816E-06 -0.33267199E-06 -0.37105424E-06 -0.40908995E-06 -0.44583631E-06 -0.48030940E-06 -0.51152659E-06 -0.53855206E-06 -0.56054265E-06 -0.57679085E-06 -0.58676211E-06 -0.59012354E-06 -0.58676211E-06 -0.57679085E-06 -0.56054265E-06 -0.53855206E-06 -0.51152659E-06 -0.48030940E-06 -0.44583631E-06 -0.40908995E-06 -0.37105424E-06 -0.33267199E-06 -0.29480816E-06 -0.25822054E-06 -0.22353911E-06 -0.19125433E-06 -0.16171426E-06
-0.28735438E-08 -0.40773542E-08 -0.57540641E-08 -0.80595140E-08 -0.11188149E-07 -0.15377782E-07 -0.20913204E-07 -0.28127895E-07 -0.37403013E-07 -0.49162803E-07 -0.63865619E-07 -0.81989910E-07 -0.10401479E-06 -0.13039524E-06 -0.16153231E-06 -0.19773965E-06 -0.23920763E-06 -0.28596770E-06 -0.33785920E-06 -0.39450198E-06 -0.45527742E-06 -0.51932093E-06 -0.58552797E-06 -0.65257509E-06 -0.71895635E-06 -0.78303440E-06 -0.84310411E-06 -0.89746552E-06 -0.94450205E-06 -0.98275885E-06 -0.10110163E-05 -0.10283536E-05 -0.10341976E-05 -0.10283536E-05 -0.10110163E-05 -0.98275885E-06 -0.94450205E-06 -0.89746552E-06 -0.84310411E-06 -0.78303440E-06 -0.71895635E-06 -0.65257509E-06 -0.58552797E-06 -0.51932093E-06 -0.45527742E-06 -0.39450198E-06 -0.33785920E-06 -0.28596770E-06
-0.50610303E-08 -0.71911557E-08 -0.10155444E-07 -0.14227127E-07 -0.19746372E-07 -0.27128248E-07 -0.36868580E-07 -0.49546434E-07 -0.65821792E-07 -0.86426988E-07 -0.11215055E-06 -0.14381244E-06 -0.18223002E-06 -0.22817503E-06 -0.28232236E-06 -0.34519262E-06 -0.41709135E-06 -0.49804878E-06 -0.58776446E-06 -0.68556198E-06 -0.79035847E-06 -0.90065369E-06 -0.10145421E-05 -0.11297503E-05 -0.12437001E-05 -0.13535964E-05 -0.14565347E-05 -0.15496253E-05 -0.16301244E-05 -0.16955662E-05 -0.17438856E-05 -0.17735246E-05 -0.17835139E-05 -0.17735246E-05 -0.17438856E-05 -0.16955662E-05 -0.16301244E-05 -0.15496253E-05 -0.14565347E-05 -0.13535964E-05 -0.12437001E-05 -0.11297503E-05 -0.10145421E-05 -0.90065369E-06 -0.79035847E-06 -0.68556198E-06 -0.58776446E-06 -0.49804878E-06
-0.88063350E-08 -0.12524516E-07 -0.17693210E-07 -0.24784340E-07 -0.34384031E-07 -0.47205648E-07 -0.64099055E-07 -0.86053928E-07 -0.11419475E-06 -0.14976505E-06 -0.19409882E-06 -0.24857727E-06 -0.31457031E-06 -0.39336305E-06 -0.48606901E-06 -0.59353364E-06 -0.71623287E-06 -0.85417342E-06 -0.10068022E-05 -0.11729332E-05 -0.13506998E-05 -0.15375398E-05 -0.17302197E-05 -0.19248992E-05 -0.21172400E-05 -0.23025526E-05 -0.24759772E-05 -0.26326886E-05 -0.27681138E-05 -0.28781490E-05 -0.29593613E-05 -0.30091632E-05 -0.30259458E-05 -0.30091632E-05 -0.29593613E-05 -0.28781490E-05 -0.27681138E-05 -0.26326886E-05 -0.24759772E-05 -0.23025526E-05 -0.21172400E-05 -0.19248992E-05 -0.17302197E-05 -0.15375398E-05 -0.13506998E-05 -0.11729332E-05 -0.10068022E-05 -0.85417342E-06
-0.15134041E-07 -0.21535453E-07 -0.30423072E-07 -0.42599768E-07 -0.59060108E-07 -0.81011216E-07 -0.10988696E-06 -0.14735183E-06 -0.19529061E-06 -0.25577992E-06 -0.33103819E-06 -0.42335148E-06 -0.53497430E-06 -0.66800608E-06 -0.82424676E-06 -0.10050374E-05 -0.12110942E-05 -0.14423468E-05 -0.16977930E-05 -0.19753837E-05 -0.22719508E-05 -0.25831892E-05 -0.29037019E-05 -0.32271132E-05 -0.35462496E-05 -0.38533832E-05 -0.41405289E-05 -0.43997773E-05 -0.46236479E-05 -0.48054383E-05 -0.49395498E-05 -0.50217664E-05 -0.50494681E-05 -0.50217664E-05 -0.49395498E-05 -0.48054383E-05 -0.46236479E-05 -0.43997773E-05 -0.41405289E-05 -0.38533832E-05 -0.35462496E-05 -0.32271132E-05 -0.29037019E-05 -0.25831892E-05 -0.22719508E-05 -0.19753837E-05 -0.16977930E-05 -0.14423468E-05
-0.25680735E-07 -0.36549778E-07 -0.51618886E-07 -0.72233318E-07 -0.10005481E-06 -0.13709416E-06 -0.18573218E-06 -0.24872311E-06 -0.32917402E-06 -0.43049415E-06 -0.55630882E-06 -0.71033405E-06 -0.89621094E-06 -0.11173017E-05 -0.13764537E-05 -0.16757403E-05 -0.20161954E-05 -0.23975558E-05 -0.28180344E-05 -0.32741437E-05 -0.37605903E-05 -0.42702578E-05 -0.47942913E-05 -0.53222892E-05 -0.58426017E-05 -0.63427270E-05 -0.68097881E-05 -0.72310654E-05 -0.75945563E-05 -0.78895274E-05 -0.81070259E-05 -0.82403174E-05 -0.82852204E-05 -0.82403174E-05 -0.81070259E-05 -0.78895274E-05 -0.75945563E-05 -0.72310654E-05 -0.68097881E-05 -0.63427270E-05 -0.58426017E-05 -0.53222892E-05 -0.47942913E-05 -0.42702578E-05 -0.37605903E-05 -0.32741437E-05 -0.28180344E-05 -0.23975558E-05
-0.43019005E-07 -0.61217450E-07 -0.86408513E-07 -0.12081189E-06 -0.16716100E-06 -0.22875262E-06 -0.30947640E-06 -0.41381501E-06 -0.54680450E-06 -0.71394552E-06 -0.92105719E-06 -0.11740685E-05 -0.14787464E-05 -0.18403645E-05 -0.22633235E-05 -0.27507404E-05 -0.33040295E-05 -0.39225028E-05 -0.46030243E-05 -0.53397467E-05 -0.61239652E-05 -0.69441117E-05 -0.77859080E-05 -0.86326874E-05 -0.94658783E-05 -0.10265637E-04 -0.11011597E-04 -0.11683706E-04 -0.12263089E-04 -0.12732905E-04 -0.13079130E-04 -0.13291229E-04 -0.13362667E-04 -0.13291229E-04 -0.13079130E-04 -0.12732905E-04 -0.12263089E-04 -0.11683706E-04 -0.11011597E-04 -0.10265637E-04 -0.94658783E-05 -0.86326874E-05 -0.77859080E-05 -0.69441117E-05 -0.61239652E-05 -0.53397467E-05 -0.46030243E-05 -0.39225028E-05
-0.71127314E-07 -0.10117202E-06 -0.14268902E-06 -0.19928451E-06 -0.27538441E-06 -0.37630757E-06 -0.50830524E-06 -0.67855149E-06 -0.89506917E-06 -0.11665767E-05 -0.15022437E-05 -0.19113496E-05 -0.24028437E-05 -0.29848170E-05 -0.36639039E-05 -0.44446408E-05 -0.53288217E-05 -0.63148929E-05 -0.73974384E-05 -0.85668031E-05 -0.98089011E-05 -0.11105245E-04 -0.12433218E-04 -0.13766606E-04 -0.15076367E-04 -0.16331616E-04 -0.17500793E-04 -0.18552930E-04 -0.19458969E-04 -0.20193046E-04 -0.20733668E-04 -0.21064713E-04 -0.21176190E-04 -0.21064713E-04 -0.20733668E-04 -0.20193046E-04 -0.19458969E-04 -0.18552930E-04 -0.17500793E-04 -0.16331616E-04 -0.15076367E-04 -0.13766606E-04 -0.12433218E-04 -0.11105245E-04 -0.98089011E-05 -0.85668031E-05 -0.73974384E-05 -0.63148929E-05
-0.11605703E-06 -0.16496278E-06 -0.23241457E-06 -0.32418016E-06 -0.44731243E-06 -0.61025387E-06 -0.82288470E-06 -0.10964912E-05 -0.14436304E-05 -0.18778702E-05 -0.24133869E-05 -0.30644143E-05 -0.38445453E-05 -0.47659040E-05 -0.58382192E-05 -0.70678463E-05 -0.84567974E-05 -0.10001848E-04 -0.11693793E-04 -0.13516936E-04 -0.15448853E-04 -0.17460507E-04 -0.19516727E-04 -0.21577064E-04 -0.23596996E-04 -0.25529444E-04 -0.27326528E-04 -0.28941461E-04 -0.30330496E-04 -0.31454813E-04 -0.32282225E-04 -0.32788633E-04 -0.32959119E-04 -0.32788633E-04 -0.32282225E-04 -0.31454813E-04 -0.30330496E-04 -0.28941461E-04 -0.27326528E-04 -0.25529444E-04 -0.23596996E-04 -0.21577064E-04 -0.19516727E-04 -0.17460507E-04 -0.15448853E-04 -0.13516936E-04 -0.11693793E-04 -0.10001848E-04
-0.18685833E-06 -0.26534245E-06 -0.37336622E-06 -0.52000979E-06 -0.71633209E-06 -0.97551362E-06 -0.13129069E-05 -0.17459590E-05 -0.22939703E-05 -0.29776597E-05 -0.38185130E-05 -0.48379075E-05 -0.60560222E-05 -0.74905629E-05 -0.91553581E-05 -0.11058898E-04 -0.13202912E-04 -0.15581085E-04 -0.18178031E-04 -0.20968621E-04 -0.23917749E-04 -0.26980617E-04 -0.30103557E-04 -0.33225386E-04 -0.36279270E-04 -0.39194989E-04 -0.41901527E-04 -0.44329832E-04 -0.46415610E-04 -0.48102003E-04 -0.49342008E-04 -0.50100504E-04 -0.50355784E-04 -0.50100504E-04 -0.49342008E-04 -0.48102003E-04 -0.46415610E-04 -0.44329832E-04 -0.41901527E-04 -0.39194989E-04 -0.36279270E-04 -0.33225386E-04 -0.30103557E-04 -0.26980617E-04 -0.23917749E-04 -0.20968621E-04 -0.18178031E-04 -0.15581085E-04
-0.29683557E-06 -0.42100315E-06 -0.59152339E-06 -0.82246429E-06 -0.11308842E-05 -0.15370170E-05 -0.20643077E-05 -0.27392464E-05 -0.35909476E-05 -0.46504347E-05 -0.59496008E-05 -0.75198407E-05 -0.93903783E-05 -0.11586343E-04 -0.14126685E-04 -0.17022042E-04 -0.20272715E-04 -0.23866881E-04 -0.27779238E-04 -0.31970189E-04 -0.36385701E-04 -0.40957921E-04 -0.45606545E-04 -0.50240957E-04 -0.54763018E-04 -0.59070402E-04 -0.63060312E-04 -0.66633376E-04 -0.69697542E-04 -0.72171753E-04 -0.73989232E-04 -0.75100217E-04 -0.75474005E-04 -0.75100217E-04 -0.73989232E-04 -0.72171753E-04 -0.69697542E-04 -0.66633376E-04 -0.63060312E-04 -0.59070402E-04 -0.54763018E-04 -0.50240957E-04 -0.45606545E-04 -0.40957921E-04 -0.36385701E-04 -0.31970189E-04 -0.27779238E-04 -0.23866881E-04
-0.46520748E-06 -0.65885697E-06 -0.92415722E-06 -0.12825534E-05 -0.17599234E-05 -0.23867999E-05 -0.31983551E-05 -0.42340704E-05 -0.55370201E-05 -0.71527121E-05 -0.91274550E-05 -0.11506258E-04 -0.14330308E-04 -0.17634126E-04 -0.21442535E-04 -0.25767640E-04 -0.30606011E-04 -0.35936323E-04 -0.41717643E-04 -0.47888574E-04 -0.54367395E-04 -0.61053257E-04 -0.67828465E-04 -0.74561744E-04 -0.81112366E-04 -0.87334924E-04 -0.93084519E-04 -0.98222087E-04 -0.10261961E-03 -0.10616497E-03 -0.10876621E-03 -0.11035502E-03 -0.11088936E-03 -0.11035502E-03 -0.10876621E-03 -0.10616497E-03 -0.10261961E-03 -0.98222087E-04 -0.93084519E-04 -0.87334924E-04 -0.81112366E-04 -0.74561744E-04 -0.67828465E-04 -0.61053257E-04 -0.54367395E-04 -0.47888574E-04 -0.41717643E-04 -0.35936323E-04
-0.71924478E-06 -0.10169494E-05 -0.14237486E-05 -0.19718000E-05 -0.26997006E-05 -0.36527217E-05 -0.48826716E-05 -0.64472769E-05 -0.84089848E-05 -0.10833116E-04 -0.13785342E-04 -0.17328510E-04 -0.21518914E-04 -0.26402170E-04 -0.32008928E-04 -0.38350692E-04 -0.45416078E-04 -0.53167811E-04 -0.61540770E-04 -0.70441311E-04 -0.79748021E-04 -0.89313963E-04 -0.98970344E-04 -0.10853146E-03 -0.11780064E-03 -0.12657934E-03 -0.13466501E-03 -0.14187096E-03 -0.14802495E-03 -0.15297719E-03 -0.15660547E-03 -0.15881946E-03 -0.15956368E-03 -0.15881946E-03 -0.15660547E-03 -0.15297719E-03 -0.14802495E-03 -0.14187096E-03 -0.13466501E-03 -0.12657934E-03 -0.11780064E-03 -0.10853146E-03 -0.98970344E-04 -0.89313963E-04 -0.79748021E-04 -0.70441311E-04 -0.61540770E-04 -0.53167811E-04
-0.10969440E-05 -0.15480692E-05 -0.21627924E-05 -0.29885358E-05 -0.40818789E-05 -0.55087464E-05 -0.73440226E-05 -0.96704401E-05 -0.12576618E-04 -0.16154166E-04 -0.20493848E-04 -0.25680868E-04 -0.31789462E-04 -0.38877053E-04 -0.46978332E-04 -0.56099683E-04 -0.66214411E-04 -0.77259198E-04 -0.89132175E-04 -0.10169288E-03 -0.11476426E-03 -0.12813911E-03 -0.14157693E-03 -0.15482347E-03 -0.16761163E-03 -0.17967221E-03 -0.19074296E-03 -0.20057738E-03 -0.20895272E-03 -0.21567702E-03 -0.22059493E-03 -0.22359225E-03 -0.22459918E-03 -0.22359225E-03 -0.22059493E-03 -0.21567702E-03 -0.20895272E-03 -0.20057738E-03 -0.19074296E-03 -0.17967221E-03 -0.16761163E-03 -0.15482347E-03 -0.14157693E-03 -0.12813911E-03 -0.11476426E-03 -0.10169288E-03 -0.89132175E-04 -0.77259198E-04
-0.16502667E-05 -0.23240708E-05 -0.32394766E-05 -0.44652355E-05 -0.60828303E-05 -0.81864937E-05 -0.10882358E-04 -0.14286530E-04 -0.18521938E-04 -0.23713869E-04 -0.29984227E-04 -0.37444661E-04 -0.46188878E-04 -0.56284556E-04 -0.67765422E-04 -0.80624106E-04 -0.94806402E-04 -0.11020753E-03 -0.12667325E-03 -0.14399294E-03 -0.16191493E-03 -0.18014661E-03 -0.19836496E-03 -0.21622715E-03 -0.23338208E-03 -0.24948210E-03 -0.26419425E-03 -0.27721052E-03 -0.28825666E-03 -0.29709944E-03 -0.30355219E-03 -0.30747895E-03 -0.30879711E-03 -0.30747895E-03 -0.30355219E-03 -0.29709944E-03 -0.28825666E-03 -0.27721052E-03 -0.26419425E-03 -0.24948210E-03 -0.23338208E-03 -0.21622715E-03 -0.19836496E-03 -0.18014661E-03 -0.16191493E-03 -0.14399294E-03 -0.12667325E-03 -0.11020753E-03
-0.24489241E-05 -0.34408505E-05 -0.47841099E-05 -0.65766577E-05 -0.89337209E-05 -0.11987426E-04 -0.15885129E-04 -0.20786183E-04 -0.26856964E-04 -0.34264112E-04 -0.43166075E-04 -0.53703284E-04 -0.65987453E-04 -0.80090695E-04 -0.96035271E-04 -0.11378489E-03 -0.13324124E-03 -0.15423124E-03 -0.17652011E-03 -0.19980815E-03 -0.22374057E-03 -0.24791864E-03 -0.27191335E-03 -0.29528050E-03 -0.31757602E-03 -0.33837062E-03 -0.35726280E-03 -0.37388968E-03 -0.38793524E-03 -0.39913617E-03 -0.40728551E-03 -0.41223469E-03 -0.41389434E-03 -0.41223469E-03 -0.40728551E-03 -0.39913617E-03 -0.38793524E-03 -0.37388968E-03 -0.35726280E-03 -0.33837062E-03 -0.31757602E-03 -0.29528050E-03 -0.27191335E-03 -0.24791864E-03 -0.22374057E-03 -0.19980815E-03 -0.17652011E-03 -0.15423124E-03
-0.35846160E-05 -0.50238117E-05 -0.69660225E-05 -0.95483461E-05 -0.12930689E-04 -0.17294625E-04 -0.22840339E-04 -0.29781357E-04 -0.38336848E-04 -0.48721539E-04 -0.61133503E-04 -0.75740366E-04 -0.92664759E-04 -0.11197010E-03 -0.13365076E-03 -0.15761285E-03 -0.18368038E-03 -0.21158706E-03 -0.24098210E-03 -0.27143976E-03 -0.30247359E-03 -0.33355439E-03 -0.36413049E-03 -0.39364851E-03 -0.42157319E-03 -0.44740456E-03 -0.47069152E-03 -0.49104123E-03 -0.50812419E-03 -0.52167580E-03 -0.53149499E-03 -0.53744150E-03 -0.53943275E-03 -0.53744150E-03 -0.53149499E-03 -0.52167580E-03 -0.50812419E-03 -0.49104123E-03 -0.47069152E-03 -0.44740456E-03 -0.42157319E-03 -0.39364851E-03 -0.36413049E-03 -0.33355439E-03 -0.30247359E-03 -0.27143976E-03 -0.24098210E-03 -0.21158706E-03
-0.51755386E-05 -0.72335205E-05 -0.10000469E-04 -0.13664778E-04 -0.18444058E-04 -0.24582607E-04 -0.32346128E-04 -0.42013320E-04 -0.53864201E-04 -0.68165328E-04 -0.85152450E-04 -0.10501155E-03 -0.12786202E-03 -0.15373102E-03 -0.18254852E-03 -0.21413161E-03 -0.24818208E-03 -0.28428999E-03 -0.32194483E-03 -0.36055375E-03 -0.39946558E-03 -0.43799874E-03 -0.47547045E-03 -0.51122478E-03 -0.54465693E-03 -0.57523170E-03 -0.60249516E-03 -0.62607881E-03 -0.64569717E-03 -0.66114005E-03 -0.67226162E-03 -0.67896855E-03 -0.68120961E-03 -0.67896855E-03 -0.67226162E-03 -0.66114005E-03 -0.64569717E-03 -0.62607881E-03 -0.60249516E-03 -0.57523170E-03 -0.54465693E-03 -0.51122478E-03 -0.47547045E-03 -0.43799874E-03 -0.39946558E-03 -0.36055375E-03 -0.32194483E-03 -0.28428999E-03
-0.73708628E-05 -0.10271093E-04 -0.14154853E-04 -0.19276155E-04 -0.25925132E-04 -0.34423164E-04 -0.45114091E-04 -0.58351139E-04 -0.74479521E-04 -0.93815148E-04 -0.11662046E-03 -0.14308246E-03 -0.17327695E-03 -0.20716094E-03 -0.24454867E-03 -0.28510544E-03 -0.32834943E-03 -0.37366418E-03 -0.42032157E-03 -0.46751396E-03 -0.51439292E-03 -0.56011118E-03 -0.60386376E-03 -0.64492427E-03 -0.68267283E-03 -0.71661308E-03 -0.74637710E-03 -0.77171844E-03 -0.79249503E-03 -0.80864503E-03 -0.82015925E-03 -0.82705422E-03 -0.82934976E-03 -0.82705422E-03 -0.82015925E-03 -0.80864503E-03 -0.79249503E-03 -0.77171844E-03 -0.74637710E-03 -0.71661308E-03 -0.68267283E-03 -0.64492427E-03 -0.60386376E-03 -0.56011118E-03 -0.51439292E-03 -0.46751396E-03 -0.42032157E-03 -0.37366418E-03
-0.10354761E-04 -0.14382688E-04 -0.19753353E-04 -0.26802541E-04 -0.35908790E-04 -0.47484730E-04 -0.61962981E-04 -0.79776267E-04 -0.10133196E-03 -0.12698437E-03 -0.15699462E-03 -0.19150627E-03 -0.23050950E-03 -0.27381785E-03 -0.32105349E-03 -0.37164511E-03 -0.42484060E-03 -0.47973493E-03 -0.53531224E-03 -0.59049920E-03 -0.64422500E-03 -0.69548243E-03 -0.74338373E-03 -0.78720528E-03 -0.82641651E-03 -0.86068987E-03 -0.88989131E-03 -0.91405268E-03 -0.93332993E-03 -0.94795231E-03 -0.95816893E-03 -0.96419897E-03 -0.96619143E-03 -0.96419897E-03 -0.95816893E-03 -0.94795231E-03 -0.93332993E-03 -0.91405268E-03 -0.88989131E-03 -0.86068987E-03 -0.82641651E-03 -0.78720528E-03 -0.74338373E-03 -0.69548243E-03 -0.64422500E-03 -0.59049920E-03 -0.53531224E-03 -0.47973493E-03
