Basic/Day4/qtaim/urea/molecule/pato/urea_mol_pl2d_pato.SURFELFB
DSAA
 161 161
-0.75589045E+01  0.75589045E+01  0.94486307E-01
-0.75589045E+01  0.75589045E+01  0.94486307E-01
 0.00000000E+00  0.00000000E+00
[rows 110 to 131 of 161, columns 96 to 143 of 161]
0.92825915E+00 0.94170730E+00 0.95621865E+00 0.97097031E+00 0.98285830E+00 0.99010348E+00 0.99333714E+00 0.99371830E+00 0.99142769E+00 0.98546629E+00 0.97475063E+00 0.96029631E+00 0.94552210E+00 0.93275592E+00 0.92101604E+00 0.90784393E+00 0.89127778E+00 0.87014873E+00 0.84388066E+00 0.81242653E+00 0.77619718E+00 0.73586582E+00 0.69211324E+00 0.64543108E+00 0.59606897E+00 0.54415046E+00 0.48991262E+00 0.43396296E+00 0.37742462E+00 0.32187878E+00 0.26910752E+00 0.22074208E+00 0.17796331E+00 0.14135687E+00 0.11093664E+00 0.86280309E-01 0.66702505E-01 0.51410008E-01 0.39614114E-01 0.30597896E-01 0.23747449E-01 0.18558878E-01 0.14631249E-01 0.11652864E-01 0.93855406E-02 0.76495507E-02 0.63104478E-02 0.52682127E-02
0.95434083E+00 0.96599120E+00 0.97691849E+00 0.98650101E+00 0.99324636E+00 0.99684547E+00 0.99826030E+00 0.99842124E+00 0.99746911E+00 0.99467043E+00 0.98892349E+00 0.98008092E+00 0.96965754E+00 0.95914214E+00 0.94828190E+00 0.93567518E+00 0.91986592E+00 0.89965067E+00 0.87413538E+00 0.84287276E+00 0.80593426E+00 0.76380511E+00 0.71715505E+00 0.66661434E+00 0.61267557E+00 0.55577550E+00 0.49651514E+00 0.43589215E+00 0.37539527E+00 0.31687253E+00 0.26220977E+00 0.21296347E+00 0.17010552E+00 0.13395644E+00 0.10428135E+00 0.80467962E-01 0.61709984E-01 0.47151812E-01 0.35982800E-01 0.27487457E-01 0.21064222E-01 0.16224832E-01 0.12583379E-01 0.98410216E-02 0.77699750E-02 0.61986993E-02 0.49991535E-02 0.40763595E-02
0.97065624E+00 0.97977095E+00 0.98728859E+00 0.99314977E+00 0.99692838E+00 0.99878896E+00 0.99945502E+00 0.99952761E+00 0.99909903E+00 0.99771210E+00 0.99462077E+00 0.98947808E+00 0.98275859E+00 0.97502877E+00 0.96609641E+00 0.95513973E+00 0.94110622E+00 0.92286039E+00 0.89932650E+00 0.86971963E+00 0.83371715E+00 0.79146498E+00 0.74343703E+00 0.69025187E+00 0.63257187E+00 0.57115882E+00 0.50705409E+00 0.44174907E+00 0.37718880E+00 0.31553966E+00 0.25880239E+00 0.20844917E+00 0.16523615E+00 0.12922656E+00 0.99957162E-01 0.76650040E-01 0.58398415E-01 0.44297286E-01 0.33519581E-01 0.25351109E-01 0.19199046E-01 0.14585497E-01 0.11133890E-01 0.85528544E-02 0.66202709E-02 0.51688305E-02 0.40736926E-02 0.32423682E-02
0.98037482E+00 0.98730882E+00 0.99243332E+00 0.99605667E+00 0.99827134E+00 0.99934138E+00 0.99971982E+00 0.99976140E+00 0.99952279E+00 0.99873986E+00 0.99697700E+00 0.99394504E+00 0.98965770E+00 0.98414703E+00 0.97715319E+00 0.96811035E+00 0.95619259E+00 0.94034002E+00 0.91939271E+00 0.89231951E+00 0.85842134E+00 0.81742344E+00 0.76944809E+00 0.71492912E+00 0.65456724E+00 0.58939360E+00 0.52090857E+00 0.45116005E+00 0.38261581E+00 0.31780339E+00 0.25885568E+00 0.20716885E+00 0.16329872E+00 0.12707795E+00 0.97846897E-01 0.74690701E-01 0.56622364E-01 0.42698332E-01 0.32078204E-01 0.24046987E-01 0.18015619E-01 0.13510438E-01 0.10157997E-01 0.76687234E-02 0.58212934E-02 0.44486352E-02 0.34259503E-02 0.26607673E-02
0.98601929E+00 0.99137631E+00 0.99502591E+00 0.99740932E+00 0.99880998E+00 0.99949830E+00 0.99975701E+00 0.99978774E+00 0.99962424E+00 0.99912243E+00 0.99803600E+00 0.99613995E+00 0.99327703E+00 0.98927562E+00 0.98385367E+00 0.97655035E+00 0.96665031E+00 0.95316121E+00 0.93490798E+00 0.91070839E+00 0.87955535E+00 0.84075209E+00 0.79398456E+00 0.73935943E+00 0.67746637E+00 0.60949712E+00 0.53736355E+00 0.46367191E+00 0.39143519E+00 0.32356377E+00 0.26234176E+00 0.20911509E+00 0.16427700E+00 0.12747459E+00 0.97894611E-01 0.74518455E-01 0.56299924E-01 0.42266951E-01 0.31567790E-01 0.23483587E-01 0.17423347E-01 0.12910978E-01 0.95695530E-02 0.71053134E-02 0.52926383E-02 0.39605589E-02 0.29810113E-02 0.22591411E-02
0.98924795E+00 0.99353290E+00 0.99631440E+00 0.99804401E+00 0.99903353E+00 0.99952983E+00 0.99972972E+00 0.99975610E+00 0.99963064E+00 0.99927254E+00 0.99852930E+00 0.99722036E+00 0.99515944E+00 0.99214197E+00 0.98789931E+00 0.98201512E+00 0.97383548E+00 0.96243678E+00 0.94667631E+00 0.92530185E+00 0.89708743E+00 0.86097336E+00 0.81620521E+00 0.76248795E+00 0.70017857E+00 0.63050050E+00 0.55567323E+00 0.47879321E+00 0.40338109E+00 0.33271774E+00 0.26925225E+00 0.21432026E+00 0.16821046E+00 0.13044638E+00 0.10011461E+00 0.76131326E-01 0.57414390E-01 0.42974066E-01 0.31949462E-01 0.23614773E-01 0.17371190E-01 0.12733215E-01 0.93134435E-02 0.68075465E-02 0.49801283E-02 0.36518392E-02 0.26879109E-02 0.19884052E-02
0.99106603E+00 0.99463305E+00 0.99689364E+00 0.99827968E+00 0.99907431E+00 0.99948492E+00 0.99966032E+00 0.99968633E+00 0.99957943E+00 0.99928896E+00 0.99871028E+00 0.99770433E+00 0.99611270E+00 0.99375206E+00 0.99037200E+00 0.98558085E+00 0.97877461E+00 0.96910370E+00 0.95548579E+00 0.93665745E+00 0.91125942E+00 0.87795859E+00 0.83562011E+00 0.78354950E+00 0.72180834E+00 0.65153852E+00 0.57513061E+00 0.49603898E+00 0.41818810E+00 0.34517310E+00 0.27960786E+00 0.22286517E+00 0.17520268E+00 0.13609672E+00 0.10459739E+00 0.79600726E-01 0.60016000E-01 0.44849302E-01 0.33234478E-01 0.24436597E-01 0.17843468E-01 0.12953068E-01 0.93600923E-02 0.67426775E-02 0.48496054E-02 0.34881168E-02 0.25128601E-02 0.18158506E-02
0.99205346E+00 0.99515206E+00 0.99708501E+00 0.99827437E+00 0.99897395E+00 0.99935282E+00 0.99952478E+00 0.99955374E+00 0.99945376E+00 0.99919190E+00 0.99869628E+00 0.99786671E+00 0.99657971E+00 0.99467493E+00 0.99191589E+00 0.98793414E+00 0.98217629E+00 0.97386783E+00 0.96199804E+00 0.94532885E+00 0.92243756E+00 0.89181313E+00 0.85203724E+00 0.80208154E+00 0.74171578E+00 0.67192719E+00 0.59513558E+00 0.51497606E+00 0.43561412E+00 0.36085675E+00 0.29346037E+00 0.23488002E+00 0.18542327E+00 0.14460548E+00 0.11151302E+00 0.85074491E-01 0.64224115E-01 0.47982033E-01 0.35484049E-01 0.25985968E-01 0.18857558E-01 0.13573215E-01 0.97018154E-02 0.68962611E-02 0.48825201E-02 0.34488051E-02 0.24345484E-02 0.17203083E-02
0.99252023E+00 0.99534523E+00 0.99707644E+00 0.99814166E+00 0.99878273E+00 0.99914519E+00 0.99931884E+00 0.99935241E+00 0.99925851E+00 0.99901716E+00 0.99858045E+00 0.99787602E+00 0.99680333E+00 0.99521643E+00 0.99289197E+00 0.98948796E+00 0.98450077E+00 0.97722516E+00 0.96672129E+00 0.95179611E+00 0.93101571E+00 0.90277860E+00 0.86549360E+00 0.81790289E+00 0.75954205E+00 0.69121639E+00 0.61524946E+00 0.53526170E+00 0.45545830E+00 0.37971683E+00 0.31088688E+00 0.25053718E+00 0.19910263E+00 0.15622676E+00 0.12111150E+00 0.92778897E-01 0.70229778E-01 0.52523640E-01 0.38810800E-01 0.28341108E-01 0.20463358E-01 0.14621694E-01 0.10350763E-01 0.72695049E-02 0.50731725E-02 0.35240424E-02 0.24409437E-02 0.16888706E-02
0.99260603E+00 0.99532573E+00 0.99696046E+00 0.99795682E+00 0.99856018E+00 0.99890910E+00 0.99908249E+00 0.99912129E+00 0.99903786E+00 0.99882040E+00 0.99843494E+00 0.99782398E+00 0.99689885E+00 0.99552330E+00 0.99348807E+00 0.99047791E+00 0.98603311E+00 0.97950717E+00 0.97002433E+00 0.95644594E+00 0.93736524E+00 0.91116552E+00 0.87619096E+00 0.83107333E+00 0.77520218E+00 0.70920970E+00 0.63522486E+00 0.55666693E+00 0.47756959E+00 0.40171714E+00 0.33197580E+00 0.27003513E+00 0.21651848E+00 0.17128017E+00 0.13371898E+00 0.10301862E+00 0.78297930E-01 0.58690538E-01 0.43381570E-01 0.31623548E-01 0.22744278E-01 0.16151953E-01 0.11338225E-01 0.78781469E-02 0.54269406E-02 0.37127471E-02 0.25272028E-02 0.17147264E-02
0.99234561E+00 0.99511540E+00 0.99675356E+00 0.99773945E+00 0.99833356E+00 0.99867923E+00 0.99885494E+00 0.99890045E+00 0.99882919E+00 0.99863364E+00 0.99828618E+00 0.99773594E+00 0.99690042E+00 0.99565105E+00 0.99379167E+00 0.99102991E+00 0.98694118E+00 0.98092616E+00 0.97216522E+00 0.95957946E+00 0.94181921E+00 0.91731611E+00 0.88444687E+00 0.84184656E+00 0.78885212E+00 0.72594962E+00 0.65500403E+00 0.57907776E+00 0.50184171E+00 0.42682203E+00 0.35680346E+00 0.29357198E+00 0.23797185E+00 0.19013301E+00 0.14972718E+00 0.11617262E+00 0.88767767E-01 0.66766938E-01 0.49420891E-01 0.36001239E-01 0.25819480E-01 0.18244157E-01 0.12714838E-01 0.87519957E-02 0.59594995E-02 0.40215092E-02 0.26943843E-02 0.17957818E-02
0.99170847E+00 0.99468195E+00 0.99642273E+00 0.99746062E+00 0.99808235E+00 0.99844446E+00 0.99863173E+00 0.99868707E+00 0.99862624E+00 0.99844418E+00 0.99811604E+00 0.99759381E+00 0.99679851E+00 0.99560717E+00 0.99383371E+00 0.99120288E+00 0.98731654E+00 0.98161298E+00 0.97332313E+00 0.96143373E+00 0.94467854E+00 0.92159136E+00 0.89066231E+00 0.85062363E+00 0.80083774E+00 0.74167274E+00 0.67468591E+00 0.60247228E+00 0.52819269E+00 0.45497081E+00 0.38540084E+00 0.32130761E+00 0.26375046E+00 0.21317024E+00 0.16957275E+00 0.13268283E+00 0.10204885E+00 0.77105673E-01 0.57214065E-01 0.41692126E-01 0.29847051E-01 0.21007027E-01 0.14552028E-01 0.99353992E-02 0.66966942E-02 0.44640971E-02 0.29487336E-02 0.19338253E-02
0.99061874E+00 0.99395978E+00 0.99590779E+00 0.99706458E+00 0.99775596E+00 0.99815966E+00 0.99837195E+00 0.99844204E+00 0.99838930E+00 0.99821086E+00 0.99788335E+00 0.99735997E+00 0.99656345E+00 0.99537409E+00 0.99361231E+00 0.99101470E+00 0.98720312E+00 0.98164790E+00 0.97362958E+00 0.96220977E+00 0.94623082E+00 0.92437314E+00 0.89530071E+00 0.85790760E+00 0.81163202E+00 0.75674283E+00 0.69446848E+00 0.62687727E+00 0.55653063E+00 0.48604294E+00 0.41771145E+00 0.35331438E+00 0.29407788E+00 0.24074911E+00 0.19370257E+00 0.15303173E+00 0.11860958E+00 0.90124609E-01 0.67108210E-01 0.48967375E-01 0.35026687E-01 0.24580947E-01 0.16943607E-01 0.11488223E-01 0.76749065E-02 0.50614049E-02 0.33013707E-02 0.21340685E-02
0.98896465E+00 0.99285786E+00 0.99513071E+00 0.99648170E+00 0.99729069E+00 0.99776564E+00 0.99801976E+00 0.99811173E+00 0.99806608E+00 0.99788260E+00 0.99753902E+00 0.99698891E+00 0.99615525E+00 0.99491960E+00 0.99310609E+00 0.99045990E+00 0.98662004E+00 0.98108834E+00 0.97319957E+00 0.96210325E+00 0.94677382E+00 0.92607112E+00 0.89886954E+00 0.86425631E+00 0.82176487E+00 0.77157229E+00 0.71457754E+00 0.65231278E+00 0.58671124E+00 0.51981834E+00 0.45354465E+00 0.38951997E+00 0.32904997E+00 0.27313741E+00 0.22252161E+00 0.17770450E+00 0.13895401E+00 0.10629535E+00 0.79509351E-01 0.58151319E-01 0.41603159E-01 0.29140255E-01 0.20007865E-01 0.13487166E-01 0.89417480E-02 0.58416997E-02 0.37682497E-02 0.24049381E-02
0.98660843E+00 0.99126425E+00 0.99399788E+00 0.99563097E+00 0.99661422E+00 0.99719612E+00 0.99751309E+00 0.99763699E+00 0.99759956E+00 0.99740417E+00 0.99702985E+00 0.99643011E+00 0.99552743E+00 0.99420359E+00 0.99228548E+00 0.98952656E+00 0.98558439E+00 0.97999693E+00 0.97216261E+00 0.96133359E+00 0.94663496E+00 0.92712373E+00 0.90189529E+00 0.87023005E+00 0.83175066E+00 0.78654297E+00 0.73519512E+00 0.67873610E+00 0.61849606E+00 0.55594044E+00 0.49253190E+00 0.42964986E+00 0.36856434E+00 0.31043783E+00 0.25632280E+00 0.20713255E+00 0.16358271E+00 0.12612105E+00 0.94870050E-01 0.69620071E-01 0.49866351E-01 0.34895263E-01 0.23889462E-01 0.16027153E-01 0.10556914E-01 0.68410428E-02 0.43702882E-02 0.27580268E-02
0.98340577E+00 0.98905703E+00 0.99240567E+00 0.99442263E+00 0.99564690E+00 0.99637873E+00 0.99678480E+00 0.99695443E+00 0.99692917E+00 0.99671741E+00 0.99630023E+00 0.99563146E+00 0.99463340E+00 0.99318864E+00 0.99112831E+00 0.98821715E+00 0.98413678E+00 0.97846985E+00 0.97068992E+00 0.96016419E+00 0.94617747E+00 0.92798379E+00 0.90488623E+00 0.87633473E+00 0.84202008E+00 0.80193759E+00 0.75639991E+00 0.70599697E+00 0.65152164E+00 0.59389192E+00 0.53409737E+00 0.47318190E+00 0.41225501E+00 0.35250769E+00 0.29520306E+00 0.24161852E+00 0.19293598E+00 0.15009543E+00 0.11367098E+00 0.83790830E-01 0.60148684E-01 0.42092571E-01 0.28760663E-01 0.19222526E-01 0.12593012E-01 0.81037619E-02 0.51335740E-02 0.32081326E-02
0.97923899E+00 0.98612818E+00 0.99025717E+00 0.99276981E+00 0.99431018E+00 0.99524155E+00 0.99576818E+00 0.99600163E+00 0.99599631E+00 0.99576770E+00 0.99530046E+00 0.99455017E+00 0.99344074E+00 0.99185817E+00 0.98964180E+00 0.98657361E+00 0.98236735E+00 0.97666009E+00 0.96900996E+00 0.95890474E+00 0.94578521E+00 0.92908518E+00 0.90828455E+00 0.88296651E+00 0.85286527E+00 0.81789159E+00 0.77813023E+00 0.73381402E+00 0.68528957E+00 0.63299359E+00 0.57745504E+00 0.51932853E+00 0.45944976E+00 0.39889026E+00 0.33897993E+00 0.28124990E+00 0.22731423E+00 0.17865168E+00 0.13638381E+00 0.10110354E+00 0.72817026E-01 0.51012586E-01 0.34821249E-01 0.23207636E-01 0.15136152E-01 0.96828423E-02 0.60895631E-02 0.37733205E-02
0.97405883E+00 0.98241917E+00 0.98749165E+00 0.99061295E+00 0.99254717E+00 0.99373100E+00 0.99441337E+00 0.99473291E+00 0.99476035E+00 0.99452091E+00 0.99400523E+00 0.99317332E+00 0.99195391E+00 0.99024086E+00 0.98788751E+00 0.98470032E+00 0.98043328E+00 0.97478524E+00 0.96740246E+00 0.95788894E+00 0.94582528E+00 0.93079542E+00 0.91241688E+00 0.89036831E+00 0.86440712E+00 0.83437267E+00 0.80017539E+00 0.76177848E+00 0.71918351E+00 0.67243311E+00 0.62164185E+00 0.56706052E+00 0.50916907E+00 0.44878167E+00 0.38711489E+00 0.32580772E+00 0.26679806E+00 0.21208728E+00 0.16342127E+00 0.12199064E+00 0.88257239E-01 0.61962916E-01 0.42296291E-01 0.28136408E-01 0.18286054E-01 0.11640093E-01 0.72751794E-02 0.44749517E-02
0.96791893E+00 0.97795714E+00 0.98411940E+00 0.98795217E+00 0.99035250E+00 0.99183967E+00 0.99271368E+00 0.99314485E+00 0.99322379E+00 0.99298859E+00 0.99243903E+00 0.99154303E+00 0.99023851E+00 0.98843236E+00 0.98599798E+00 0.98277267E+00 0.97855594E+00 0.97311039E+00 0.96616620E+00 0.95742991E+00 0.94659713E+00 0.93336723E+00 0.91745687E+00 0.89860850E+00 0.87659083E+00 0.85119039E+00 0.82219654E+00 0.78938572E+00 0.75251342E+00 0.71132395E+00 0.66558822E+00 0.61518079E+00 0.56018183E+00 0.50104021E+00 0.43870375E+00 0.37471228E+00 0.31116087E+00 0.25048386E+00 0.19507275E+00 0.14683407E+00 0.10684965E+00 0.75266244E-01 0.51430918E-01 0.34180353E-01 0.22155366E-01 0.14045927E-01 0.87327239E-02 0.53376195E-02
0.96098130E+00 0.97287193E+00 0.98024480E+00 0.98487309E+00 0.98779906E+00 0.98963300E+00 0.99073175E+00 0.99130162E+00 0.99145657E+00 0.99125080E+00 0.99069661E+00 0.98977365E+00 0.98843326E+00 0.98659997E+00 0.98417176E+00 0.98102004E+00 0.97699046E+00 0.97190522E+00 0.96556726E+00 0.95776617E+00 0.94828483E+00 0.93690531E+00 0.92341167E+00 0.90758794E+00 0.88921016E+00 0.86803277E+00 0.84377171E+00 0.81608828E+00 0.78457991E+00 0.74878562E+00 0.70821831E+00 0.66242307E+00 0.61110510E+00 0.55428516E+00 0.49250269E+00 0.42700172E+00 0.35981323E+00 0.29363131E+00 0.23143234E+00 0.17591093E+00 0.12893467E+00 0.91241545E-01 0.62481187E-01 0.41524486E-01 0.26867912E-01 0.16978614E-01 0.10509510E-01 0.63889456E-02
0.95347904E+00 0.96737669E+00 0.97605911E+00 0.98154745E+00 0.98504340E+00 0.98725725E+00 0.98860854E+00 0.98934361E+00 0.98960305E+00 0.98946017E+00 0.98894280E+00 0.98804545E+00 0.98673598E+00 0.98495933E+00 0.98263960E+00 0.97968179E+00 0.97597360E+00 0.97138782E+00 0.96578528E+00 0.95901770E+00 0.95092997E+00 0.94136034E+00 0.93013758E+00 0.91707410E+00 0.90195464E+00 0.88452108E+00 0.86445481E+00 0.84135906E+00 0.81474689E+00 0.78403050E+00 0.74854781E+00 0.70760237E+00 0.66056240E+00 0.60702302E+00 0.54703715E+00 0.48138495E+00 0.41179495E+00 0.34097670E+00 0.27233166E+00 0.20933303E+00 0.15476974E+00 0.11017824E+00 0.75700400E-01 0.50360730E-01 0.32555582E-01 0.20522630E-01 0.12657031E-01 0.76591325E-02
0.94564307E+00 0.96171077E+00 0.97179630E+00 0.97819860E+00 0.98229793E+00 0.98491599E+00 0.98654185E+00 0.98746622E+00 0.98785939E+00 0.98781627E+00 0.98738235E+00 0.98656884E+00 0.98536143E+00 0.98372573E+00 0.98161060E+00 0.97895071E+00 0.97566861E+00 0.97167657E+00 0.96687806E+00 0.96116853E+00 0.95443483E+00 0.94655257E+00 0.93738084E+00 0.92675374E+00 0.91446852E+00 0.90027051E+00 0.88383668E+00 0.86475147E+00 0.84249620E+00 0.81643020E+00 0.78579099E+00 0.74971805E+00 0.70732095E+00 0.65781682E+00 0.60075972E+00 0.53635988E+00 0.46583145E+00 0.39161892E+00 0.31729426E+00 0.24698994E+00 0.18448166E+00 0.13230426E+00 0.91320784E-01 0.60877971E-01 0.39353352E-01 0.24766484E-01 0.15229828E-01 0.91803473E-02
