Basic/Day4/qtaim/urea/molecule/pato/urea_mol_pl2d_pato.SURFVIRI
DSAA
 161 161
-0.75589045E+01  0.75589045E+01  0.94486307E-01
-0.75589045E+01  0.75589045E+01  0.94486307E-01
 0.00000000E+00  0.00000000E+00
[rows 42 to 62 of 161, columns 0 to 46 of 161]
-0.61293889E-06 -0.79092044E-06 -0.10139288E-05 -0.12913345E-05 -0.16339191E-05 -0.20539086E-05 -0.25650181E-05 -0.31824267E-05 -0.39226988E-05 -0.48036352E-05 -0.58440441E-05 -0.70634241E-05 -0.84815533E-05 -0.10117981E-04 -0.11991425E-04 -0.14119087E-04 -0.16515887E-04 -0.19193654E-04 -0.22160294E-04 -0.25418958E-04 -0.28967279E-04 -0.32796691E-04 -0.36891915E-04 -0.41230634E-04 -0.45783441E-04 -0.50514107E-04 -0.55380247E-04 -0.60334460E-04 -0.65326071E-04 -0.70303637E-04 -0.75218493E-04 -0.80029763E-04 -0.84711532E-04 -0.89263234E-04 -0.93724927E-04 -0.98199905E-04 -0.10288827E-03 -0.10813647E-03 -0.11451032E-03 -0.12289987E-03 -0.13466954E-03 -0.15186749E-03 -0.17751244E-03 -0.21597536E-03 -0.27348386E-03 -0.35875043E-03 -0.48375212E-03
-0.78335538E-06 -0.10108216E-05 -0.12958261E-05 -0.16503626E-05 -0.20881934E-05 -0.26249476E-05 -0.32781517E-05 -0.40672021E-05 -0.50132642E-05 -0.61390805E-05 -0.74686777E-05 -0.90269597E-05 -0.10839180E-04 -0.12930291E-04 -0.15324172E-04 -0.18042747E-04 -0.21105010E-04 -0.24525987E-04 -0.28315667E-04 -0.32477949E-04 -0.37009661E-04 -0.41899705E-04 -0.47128399E-04 -0.52667077E-04 -0.58478033E-04 -0.64514864E-04 -0.70723313E-04 -0.77042693E-04 -0.83408034E-04 -0.89753124E-04 -0.96014754E-04 -0.10213863E-03 -0.10808767E-03 -0.11385396E-03 -0.11947603E-03 -0.12506429E-03 -0.13083853E-03 -0.13718304E-03 -0.14472765E-03 -0.15446370E-03 -0.16790979E-03 -0.18734274E-03 -0.21611330E-03 -0.25906549E-03 -0.32309104E-03 -0.41781647E-03 -0.55645540E-03
-0.99462510E-06 -0.12834314E-05 -0.16453043E-05 -0.20954555E-05 -0.26513625E-05 -0.33328678E-05 -0.41622212E-05 -0.51640452E-05 -0.63652046E-05 -0.77945626E-05 -0.94826059E-05 -0.11460926E-04 -0.13761545E-04 -0.16416087E-04 -0.19454793E-04 -0.22905393E-04 -0.26791873E-04 -0.31133144E-04 -0.35941689E-04 -0.41222233E-04 -0.46970493E-04 -0.53172117E-04 -0.59801852E-04 -0.66823071E-04 -0.74187713E-04 -0.81836738E-04 -0.89701204E-04 -0.97704043E-04 -0.10576270E-03 -0.11379284E-03 -0.12171336E-03 -0.12945337E-03 -0.13696175E-03 -0.14422069E-03 -0.15126511E-03 -0.15821100E-03 -0.16529670E-03 -0.17294405E-03 -0.18184629E-03 -0.19309567E-03 -0.20836401E-03 -0.23015436E-03 -0.26214457E-03 -0.30964248E-03 -0.38018845E-03 -0.48429808E-03 -0.63638334E-03
-0.12546325E-05 -0.16189413E-05 -0.20754116E-05 -0.26432349E-05 -0.33444559E-05 -0.42041004E-05 -0.52502289E-05 -0.65138908E-05 -0.80289588E-05 -0.98318180E-05 -0.11960890E-04 -0.14455972E-04 -0.17357385E-04 -0.20704916E-04 -0.24536573E-04 -0.28887155E-04 -0.33786681E-04 -0.39258720E-04 -0.45318678E-04 -0.51972117E-04 -0.59213210E-04 -0.67023406E-04 -0.75370424E-04 -0.84207690E-04 -0.93474301E-04 -0.10309565E-03 -0.11298479E-03 -0.12304469E-03 -0.13317143E-03 -0.14325875E-03 -0.15320396E-03 -0.16291609E-03 -0.17232678E-03 -0.18140563E-03 -0.19018174E-03 -0.19877479E-03 -0.20744063E-03 -0.21663693E-03 -0.22711918E-03 -0.24007818E-03 -0.25733483E-03 -0.28161112E-03 -0.31689958E-03 -0.36895172E-03 -0.44592517E-03 -0.55917751E-03 -0.72425061E-03
-0.15722946E-05 -0.20288412E-05 -0.26008813E-05 -0.33124635E-05 -0.41912101E-05 -0.52684772E-05 -0.65794191E-05 -0.81629300E-05 -0.10061432E-04 -0.12320482E-04 -0.14988168E-04 -0.18114274E-04 -0.21749203E-04 -0.25942640E-04 -0.30741975E-04 -0.36190508E-04 -0.42325462E-04 -0.49175888E-04 -0.56760513E-04 -0.65085656E-04 -0.74143301E-04 -0.83909472E-04 -0.94343030E-04 -0.10538503E-03 -0.11695874E-03 -0.12897055E-03 -0.14131168E-03 -0.15386102E-03 -0.16648914E-03 -0.17906367E-03 -0.19145637E-03 -0.20355252E-03 -0.21526337E-03 -0.22654319E-03 -0.23741303E-03 -0.24799454E-03 -0.25855938E-03 -0.26959955E-03 -0.28193027E-03 -0.29683676E-03 -0.31628185E-03 -0.34319429E-03 -0.38186000E-03 -0.43844719E-03 -0.52167934E-03 -0.64368817E-03 -0.82104686E-03
-0.19575366E-05 -0.25259421E-05 -0.32381348E-05 -0.41240521E-05 -0.52180778E-05 -0.65592397E-05 -0.81912878E-05 -0.10162617E-04 -0.12525998E-04 -0.15338080E-04 -0.18658629E-04 -0.22549476E-04 -0.27073158E-04 -0.32291237E-04 -0.38262316E-04 -0.45039782E-04 -0.52669326E-04 -0.61186312E-04 -0.70613114E-04 -0.80956533E-04 -0.92205448E-04 -0.10432885E-03 -0.11727447E-03 -0.13096802E-03 -0.14531348E-03 -0.16019419E-03 -0.17547523E-03 -0.19100694E-03 -0.20662985E-03 -0.22218116E-03 -0.23750309E-03 -0.25245365E-03 -0.26692066E-03 -0.28084066E-03 -0.29422467E-03 -0.30719515E-03 -0.32003778E-03 -0.33327706E-03 -0.34778477E-03 -0.36493486E-03 -0.38682205E-03 -0.41656507E-03 -0.45871744E-03 -0.51981869E-03 -0.60909888E-03 -0.73937288E-03 -0.92811759E-03
-0.24212757E-05 -0.31243298E-05 -0.40052270E-05 -0.51009901E-05 -0.64541378E-05 -0.81129249E-05 -0.10131435E-04 -0.12569480E-04 -0.15492254E-04 -0.18969711E-04 -0.23075603E-04 -0.27886156E-04 -0.33478366E-04 -0.39927892E-04 -0.47306570E-04 -0.55679588E-04 -0.65102401E-04 -0.75617463E-04 -0.87250948E-04 -0.10000959E-03 -0.11387786E-03 -0.12881564E-03 -0.14475667E-03 -0.16160787E-03 -0.17924980E-03 -0.19753830E-03 -0.21630761E-03 -0.23537476E-03 -0.25454569E-03 -0.27362298E-03 -0.29241562E-03 -0.31075125E-03 -0.32849193E-03 -0.34555460E-03 -0.36193939E-03 -0.37776813E-03 -0.39333976E-03 -0.40920935E-03 -0.42630152E-03 -0.44607192E-03 -0.47073471E-03 -0.50357726E-03 -0.54938784E-03 -0.61502559E-03 -0.71015166E-03 -0.84815300E-03 -0.10472574E-02
-0.29753420E-05 -0.38392669E-05 -0.49217189E-05 -0.62681823E-05 -0.79308870E-05 -0.99690997E-05 -0.12449230E-04 -0.15444695E-04 -0.19035485E-04 -0.23307370E-04 -0.28350695E-04 -0.34258725E-04 -0.41125503E-04 -0.49043217E-04 -0.58099100E-04 -0.68371923E-04 -0.79928158E-04 -0.92817967E-04 -0.10707120E-03 -0.12269356E-03 -0.13966331E-03 -0.15792856E-03 -0.17740564E-03 -0.19797858E-03 -0.21949995E-03 -0.24179330E-03 -0.26465714E-03 -0.28787059E-03 -0.31120080E-03 -0.33441213E-03 -0.35727746E-03 -0.37959202E-03 -0.40119070E-03 -0.42197026E-03 -0.44191948E-03 -0.46115960E-03 -0.48000221E-03 -0.49903122E-03 -0.51922004E-03 -0.54209750E-03 -0.56998334E-03 -0.60630966E-03 -0.65605933E-03 -0.72635208E-03 -0.82719168E-03 -0.97241167E-03 -0.11808149E-02
-0.36323492E-05 -0.46870264E-05 -0.60084648E-05 -0.76521757E-05 -0.96818925E-05 -0.12169919E-04 -0.15197249E-04 -0.18853382E-04 -0.23235771E-04 -0.28448821E-04 -0.34602380E-04 -0.41809662E-04 -0.50184574E-04 -0.59838437E-04 -0.70876129E-04 -0.83391746E-04 -0.97463880E-04 -0.11315073E-03 -0.13048526E-03 -0.14947068E-03 -0.17007659E-03 -0.19223605E-03 -0.21584394E-03 -0.24075683E-03 -0.26679451E-03 -0.29374341E-03 -0.32136183E-03 -0.34938705E-03 -0.37754427E-03 -0.40555737E-03 -0.43316176E-03 -0.46011970E-03 -0.48623901E-03 -0.51139713E-03 -0.53557200E-03 -0.55888488E-03 -0.58165977E-03 -0.60450712E-03 -0.62844524E-03 -0.65506765E-03 -0.68678208E-03 -0.72713850E-03 -0.78127213E-03 -0.85649730E-03 -0.96306360E-03 -0.11151125E-02 -0.13318292E-02
-0.44055096E-05 -0.56846508E-05 -0.72873022E-05 -0.92807632E-05 -0.11742286E-04 -0.14759486E-04 -0.18430469E-04 -0.22863582E-04 -0.28176705E-04 -0.34495992E-04 -0.41953976E-04 -0.50686973E-04 -0.60831747E-04 -0.72521440E-04 -0.85880802E-04 -0.10102084E-03 -0.11803308E-03 -0.13698363E-03 -0.15790746E-03 -0.18080311E-03 -0.20562843E-03 -0.23229753E-03 -0.26067938E-03 -0.29059838E-03 -0.32183696E-03 -0.35414036E-03 -0.38722340E-03 -0.42077933E-03 -0.45449034E-03 -0.48803989E-03 -0.52112692E-03 -0.55348240E-03 -0.58488904E-03 -0.61520653E-03 -0.64440344E-03 -0.67260090E-03 -0.70013490E-03 -0.72764013E-03 -0.75617242E-03 -0.78737956E-03 -0.82374022E-03 -0.86889315E-03 -0.92808079E-03 -0.10087432E-02 -0.11212741E-02 -0.12799767E-02 -0.15042156E-02
-0.53083832E-05 -0.68496296E-05 -0.87806360E-05 -0.11182451E-04 -0.14148087E-04 -0.17782993E-04 -0.22205181E-04 -0.27544890E-04 -0.33943676E-04 -0.41552823E-04 -0.50530964E-04 -0.61040844E-04 -0.73245171E-04 -0.87301580E-04 -0.10335676E-03 -0.12153992E-03 -0.14195583E-03 -0.16467781E-03 -0.18974098E-03 -0.21713639E-03 -0.24680644E-03 -0.27864196E-03 -0.31248159E-03 -0.34811345E-03 -0.38527928E-03 -0.42368102E-03 -0.46298952E-03 -0.50285509E-03 -0.54291958E-03 -0.58282988E-03 -0.62225289E-03 -0.66089244E-03 -0.69850986E-03 -0.73494844E-03 -0.77016796E-03 -0.80428795E-03 -0.83765076E-03 -0.87090862E-03 -0.90514603E-03 -0.94205118E-03 -0.98415397E-03 -0.10351524E-02 -0.11003510E-02 -0.11872475E-02 -0.13062783E-02 -0.14717621E-02 -0.17030373E-02
-0.63545622E-05 -0.81994893E-05 -0.10510912E-04 -0.13385787E-04 -0.16935345E-04 -0.21285631E-04 -0.26577615E-04 -0.32966731E-04 -0.40621707E-04 -0.49722557E-04 -0.60457600E-04 -0.73019427E-04 -0.87599758E-04 -0.10438323E-03 -0.12354021E-03 -0.14521891E-03 -0.16953707E-03 -0.19657373E-03 -0.22636164E-03 -0.25888087E-03 -0.29405433E-03 -0.33174559E-03 -0.37175948E-03 -0.41384565E-03 -0.45770487E-03 -0.50299787E-03 -0.54935616E-03 -0.59639410E-03 -0.64372198E-03 -0.69095961E-03 -0.73775082E-03 -0.78377939E-03 -0.82878832E-03 -0.87260568E-03 -0.91517610E-03 -0.95660807E-03 -0.99723787E-03 -0.10377192E-02 -0.10791474E-02 -0.11232313E-02 -0.11725292E-02 -0.12307684E-02 -0.13032742E-02 -0.13975395E-02 -0.15239501E-02 -0.16967029E-02 -0.19349129E-02
-0.75572865E-05 -0.97512975E-05 -0.12499979E-04 -0.15918541E-04 -0.20139098E-04 -0.25311277E-04 -0.31602282E-04 -0.39196268E-04 -0.48292830E-04 -0.59104467E-04 -0.71852849E-04 -0.86763802E-04 -0.10406096E-03 -0.12395814E-03 -0.14665066E-03 -0.17230586E-03 -0.20105338E-03 -0.23297578E-03 -0.26810026E-03 -0.30639227E-03 -0.34775168E-03 -0.39201220E-03 -0.43894418E-03 -0.48826095E-03 -0.53962806E-03 -0.59267483E-03 -0.64700705E-03 -0.70221990E-03 -0.75791040E-03 -0.81368907E-03 -0.86919121E-03 -0.92408922E-03 -0.97811049E-03 -0.10310578E-02 -0.10828443E-02 -0.11335416E-02 -0.11834483E-02 -0.12331849E-02 -0.12838235E-02 -0.13370613E-02 -0.13954555E-02 -0.14627341E-02 -0.15442086E-02 -0.16473191E-02 -0.17823266E-02 -0.19631899E-02 -0.22086279E-02
-0.89289957E-05 -0.11521083E-04 -0.14768343E-04 -0.18806754E-04 -0.23792163E-04 -0.29900954E-04 -0.37330033E-04 -0.46295968E-04 -0.57033049E-04 -0.69790073E-04 -0.84825690E-04 -0.10240218E-03 -0.12277767E-03 -0.14619684E-03 -0.17288053E-03 -0.20301458E-03 -0.23673869E-03 -0.27413612E-03 -0.31522525E-03 -0.35995387E-03 -0.40819723E-03 -0.45976021E-03 -0.51438381E-03 -0.57175545E-03 -0.63152212E-03 -0.69330465E-03 -0.75671171E-03 -0.82135155E-03 -0.88684078E-03 -0.95280960E-03 -0.10189068E-02 -0.10848030E-02 -0.11502008E-02 -0.12148542E-02 -0.12786016E-02 -0.13414205E-02 -0.14035048E-02 -0.14653724E-02 -0.15280064E-02 -0.15930380E-02 -0.16629816E-02 -0.17415379E-02 -0.18339845E-02 -0.19476860E-02 -0.20927387E-02 -0.22827895E-02 -0.25360314E-02
-0.10480823E-04 -0.13523180E-04 -0.17334325E-04 -0.22073658E-04 -0.27923763E-04 -0.35091100E-04 -0.43805878E-04 -0.54320871E-04 -0.66908925E-04 -0.81858905E-04 -0.99469892E-04 -0.12004352E-03 -0.14387446E-03 -0.17123930E-03 -0.20238418E-03 -0.23751200E-03 -0.27677007E-03 -0.32023945E-03 -0.36792719E-03 -0.41976279E-03 -0.47559967E-03 -0.53522217E-03 -0.59835765E-03 -0.66469249E-03 -0.73388990E-03 -0.80560680E-03 -0.87950697E-03 -0.95526795E-03 -0.10325799E-02 -0.11111397E-02 -0.11906372E-02 -0.12707458E-02 -0.13511190E-02 -0.14314032E-02 -0.15112738E-02 -0.15904995E-02 -0.16690405E-02 -0.17471806E-02 -0.18256946E-02 -0.19060523E-02 -0.19906633E-02 -0.20831733E-02 -0.21888290E-02 -0.23149394E-02 -0.24714557E-02 -0.26717070E-02 -0.29333060E-02
-0.12222042E-04 -0.15769517E-04 -0.20213142E-04 -0.25738506E-04 -0.32558035E-04 -0.40911681E-04 -0.51066614E-04 -0.63315621E-04 -0.77973899E-04 -0.95373961E-04 -0.11585845E-03 -0.13977076E-03 -0.16744352E-03 -0.19918542E-03 -0.23526690E-03 -0.27590586E-03 -0.32125465E-03 -0.37139008E-03 -0.42630796E-03 -0.48592379E-03 -0.55008040E-03 -0.61856263E-03 -0.69111784E-03 -0.76747975E-03 -0.84739170E-03 -0.93062494E-03 -0.10169871E-02 -0.11063167E-02 -0.11984651E-02 -0.12932618E-02 -0.13904753E-02 -0.14897748E-02 -0.15907055E-02 -0.16926915E-02 -0.17950765E-02 -0.18972111E-02 -0.19985879E-02 -0.20990226E-02 -0.21988725E-02 -0.22992838E-02 -0.24024630E-02 -0.25119737E-02 -0.26330710E-02 -0.27730945E-02 -0.29419664E-02 -0.31528022E-02 -0.34226962E-02
-0.14159479E-04 -0.18268851E-04 -0.23415934E-04 -0.29815329E-04 -0.37712457E-04 -0.47384201E-04 -0.59138335E-04 -0.73311369E-04 -0.90264453E-04 -0.11037701E-03 -0.13403789E-03 -0.16163400E-03 -0.19353656E-03 -0.23008578E-03 -0.27157470E-03 -0.31823394E-03 -0.37021917E-03 -0.42760343E-03 -0.49037662E-03 -0.55845368E-03 -0.63169238E-03 -0.70991992E-03 -0.79296574E-03 -0.88069584E-03 -0.97304220E-03 -0.10700196E-02 -0.11717218E-02 -0.12782956E-02 -0.13898829E-02 -0.15065451E-02 -0.16281736E-02 -0.17544039E-02 -0.18845565E-02 -0.20176240E-02 -0.21523233E-02 -0.22872235E-02 -0.24209500E-02 -0.25524530E-02 -0.26813189E-02 -0.28081017E-02 -0.29346486E-02 -0.30644120E-02 -0.32027484E-02 -0.33572264E-02 -0.35379932E-02 -0.37582273E-02 -0.40347466E-02
-0.16296918E-04 -0.21026007E-04 -0.26948775E-04 -0.34311671E-04 -0.43396246E-04 -0.54519698E-04 -0.68033925E-04 -0.84322665E-04 -0.10379630E-03 -0.12688396E-03 -0.15402274E-03 -0.18564402E-03 -0.22215746E-03 -0.26393343E-03 -0.31128562E-03 -0.36445577E-03 -0.42360341E-03 -0.48880344E-03 -0.56005435E-03 -0.63729898E-03 -0.72045816E-03 -0.80947531E-03 -0.90436692E-03 -0.10052709E-02 -0.11124818E-02 -0.12264612E-02 -0.13478129E-02 -0.14772108E-02 -0.16152849E-02 -0.17624682E-02 -0.19188256E-02 -0.20838921E-02 -0.22565563E-02 -0.24350246E-02 -0.26168952E-02 -0.27993578E-02 -0.29795161E-02 -0.31548063E-02 -0.33234719E-02 -0.34850408E-02 -0.36407557E-02 -0.37939246E-02 -0.39501813E-02 -0.41176766E-02 -0.43072592E-02 -0.45326988E-02 -0.48110454E-02
-0.18634512E-04 -0.24041110E-04 -0.30811700E-04 -0.39227354E-04 -0.49608801E-04 -0.62316785E-04 -0.77750628E-04 -0.96344478E-04 -0.11856078E-03 -0.14488056E-03 -0.17579043E-03 -0.21176648E-03 -0.25325580E-03 -0.30065725E-03 -0.35430353E-03 -0.41444783E-03 -0.48125871E-03 -0.55482719E-03 -0.63518951E-03 -0.72236771E-03 -0.81642748E-03 -0.91754914E-03 -0.10261032E-02 -0.11427171E-02 -0.12683153E-02 -0.14041169E-02 -0.15515666E-02 -0.17121961E-02 -0.18874086E-02 -0.20782051E-02 -0.22848816E-02 -0.25067463E-02 -0.27419135E-02 -0.29872327E-02 -0.32384019E-02 -0.34902869E-02 -0.37374388E-02 -0.39747624E-02 -0.41982606E-02 -0.44057587E-02 -0.45975158E-02 -0.47766551E-02 -0.49493827E-02 -0.51250164E-02 -0.53158993E-02 -0.55372906E-02 -0.58073663E-02
-0.21168230E-04 -0.27308882E-04 -0.34997802E-04 -0.44553337E-04 -0.56338261E-04 -0.70759860E-04 -0.88267847E-04 -0.10934952E-03 -0.13452163E-03 -0.16431862E-03 -0.19927710E-03 -0.23991725E-03 -0.28672215E-03 -0.34011750E-03 -0.40045486E-03 -0.46800296E-03 -0.54295210E-03 -0.62543699E-03 -0.71558244E-03 -0.81357395E-03 -0.91975132E-03 -0.10347179E-02 -0.11594511E-02 -0.12953929E-02 -0.14444953E-02 -0.16091873E-02 -0.17922421E-02 -0.19965241E-02 -0.22246185E-02 -0.24783672E-02 -0.27583619E-02 -0.30634725E-02 -0.33905030E-02 -0.37340695E-02 -0.40867766E-02 -0.44397288E-02 -0.47833592E-02 -0.51084974E-02 -0.54075459E-02 -0.56756039E-02 -0.59113772E-02 -0.61177517E-02 -0.63019689E-02 -0.64754270E-02 -0.66532026E-02 -0.68534684E-02 -0.70969619E-02
-0.23889379E-04 -0.30818019E-04 -0.39492440E-04 -0.50270710E-04 -0.63560259E-04 -0.79817571E-04 -0.99545282E-04 -0.12328603E-03 -0.15161246E-03 -0.18511313E-03 -0.22437441E-03 -0.26995931E-03 -0.32238526E-03 -0.38210406E-03 -0.44948883E-03 -0.52483404E-03 -0.60837570E-03 -0.70033885E-03 -0.80101766E-03 -0.91089022E-03 -0.10307638E-02 -0.11619382E-02 -0.13063647E-02 -0.14667697E-02 -0.16466981E-02 -0.18504367E-02 -0.20827759E-02 -0.23485851E-02 -0.26522043E-02 -0.29966913E-02 -0.33830063E-02 -0.38092533E-02 -0.42701273E-02 -0.47567155E-02 -0.52567729E-02 -0.57555306E-02 -0.62370067E-02 -0.66856918E-02 -0.70883966E-02 -0.74359975E-02 -0.77248176E-02 -0.79574366E-02 -0.81428235E-02 -0.82958153E-02 -0.84360839E-02 -0.85868463E-02 -0.87735825E-02
