Basic/Day4/qtaim/urea/molecule/pato/urea_mol_pl2d_pato.SURFKKIN
DSAA
 161 161
-0.75589045E+01  0.75589045E+01  0.94486307E-01
-0.75589045E+01  0.75589045E+01  0.94486307E-01
 0.00000000E+00  0.00000000E+00
[rows 42 to 62 of 161, columns 96 to 143 of 161]
0.15683058E-02 0.27071782E-02 0.34082005E-02 0.34749880E-02 0.30031520E-02 0.22024201E-02 0.12885893E-02 0.42923351E-03 -0.27336159E-03 -0.77693360E-03 -0.10836179E-02 -0.12222543E-02 -0.12333099E-02 -0.11582353E-02 -0.10332373E-02 -0.88655354E-03 -0.73808024E-03 -0.60033289E-03 -0.47998452E-03 -0.37949551E-03 -0.29856732E-03 -0.23530468E-03 -0.18706459E-03 -0.15103150E-03 -0.12455167E-03 -0.10531835E-03 -0.91432020E-04 -0.81393855E-04 -0.74061164E-04 -0.68587740E-04 -0.64361439E-04 -0.60948842E-04 -0.58048477E-04 -0.55454094E-04 -0.53027003E-04 -0.50675962E-04 -0.48342973E-04 -0.45993440E-04 -0.43609439E-04 -0.41185087E-04 -0.38723298E-04 -0.36233415E-04 -0.33729393E-04 -0.31228318E-04 -0.28749146E-04 -0.26311610E-04 -0.23935259E-04 -0.21638634E-04
0.10155826E-02 0.21674377E-02 0.31513179E-02 0.35101477E-02 0.32377203E-02 0.25270672E-02 0.16158768E-02 0.70491807E-03 -0.73162390E-04 -0.65421789E-03 -0.10276375E-02 -0.12169078E-02 -0.12620781E-02 -0.12068797E-02 -0.10908532E-02 -0.94560072E-03 -0.79389214E-03 -0.65044112E-03 -0.52345436E-03 -0.41636608E-03 -0.32942567E-03 -0.26098806E-03 -0.20846907E-03 -0.16900267E-03 -0.13982871E-03 -0.11851672E-03 -0.10304631E-03 -0.91811258E-04 -0.83578734E-04 -0.77429927E-04 -0.72695143E-04 -0.68896156E-04 -0.65696625E-04 -0.62863073E-04 -0.60235395E-04 -0.57705412E-04 -0.55201730E-04 -0.52679281E-04 -0.50112167E-04 -0.47488762E-04 -0.44808249E-04 -0.42078073E-04 -0.39311926E-04 -0.36528066E-04 -0.33747818E-04 -0.30994231E-04 -0.28290860E-04 -0.25660674E-04
0.73927306E-03 0.16387381E-02 0.28087306E-02 0.34431982E-02 0.33867615E-02 0.27918795E-02 0.19072508E-02 0.96292645E-03 0.12148071E-03 -0.53000998E-03 -0.96675304E-03 -0.12055732E-02 -0.12851013E-02 -0.12506654E-02 -0.11447129E-02 -0.10019683E-02 -0.84795387E-03 -0.69953556E-03 -0.56645104E-03 -0.45312857E-03 -0.36039579E-03 -0.28689071E-03 -0.23011896E-03 -0.18719123E-03 -0.15526313E-03 -0.13179789E-03 -0.11466724E-03 -0.10216665E-03 -0.92979357E-04 -0.86116710E-04 -0.80853574E-04 -0.76666596E-04 -0.73183371E-04 -0.70141173E-04 -0.67355918E-04 -0.64699584E-04 -0.62084328E-04 -0.59451552E-04 -0.56764481E-04 -0.54003090E-04 -0.51160533E-04 -0.48240466E-04 -0.45254893E-04 -0.42222283E-04 -0.39165836E-04 -0.36111855E-04 -0.33088212E-04 -0.30122938E-04
0.83902552E-03 0.12012763E-02 0.24340391E-02 0.33033317E-02 0.34610817E-02 0.29959373E-02 0.21557258E-02 0.11942460E-02 0.30197079E-03 -0.41131438E-03 -0.90604583E-03 -0.11915558E-02 -0.13042651E-02 -0.12904572E-02 -0.11950148E-02 -0.10554635E-02 -0.89987584E-03 -0.74715385E-03 -0.60851029E-03 -0.48935061E-03 -0.39108754E-03 -0.31266167E-03 -0.25169313E-03 -0.20529467E-03 -0.17056062E-03 -0.14486747E-03 -0.12599457E-03 -0.11215080E-03 -0.10194352E-03 -0.94320152E-04 -0.88502055E-04 -0.83922405E-04 -0.80172001E-04 -0.76957193E-04 -0.74067383E-04 -0.71351586E-04 -0.68702018E-04 -0.66042907E-04 -0.63322976E-04 -0.60510363E-04 -0.57589078E-04 -0.54556315E-04 -0.51420230E-04 -0.48197911E-04 -0.44913418E-04 -0.41595848E-04 -0.38277446E-04 -0.34991801E-04
0.13288379E-02 0.90592086E-03 0.20760921E-02 0.31240191E-02 0.34776815E-02 0.31436461E-02 0.23580152E-02 0.13920594E-02 0.46079808E-03 -0.30474504E-03 -0.85058784E-03 -0.11783256E-02 -0.13216753E-02 -0.13273363E-02 -0.12421464E-02 -0.11060518E-02 -0.94939910E-03 -0.79294290E-03 -0.64926298E-03 -0.52468599E-03 -0.42119138E-03 -0.33802686E-03 -0.27294684E-03 -0.22308071E-03 -0.18549262E-03 -0.15749091E-03 -0.13678053E-03 -0.12149807E-03 -0.11018574E-03 -0.10173444E-03 -0.95317108E-04 -0.90325592E-04 -0.86314556E-04 -0.82958485E-04 -0.80018124E-04 -0.77316456E-04 -0.74722025E-04 -0.72137726E-04 -0.69493428E-04 -0.66741124E-04 -0.63851593E-04 -0.60811894E-04 -0.57623210E-04 -0.54298765E-04 -0.50861692E-04 -0.47342801E-04 -0.43778300E-04 -0.40207524E-04
0.21219046E-02 0.76250966E-03 0.17705787E-02 0.29373689E-02 0.34564042E-02 0.32430122E-02 0.25138727E-02 0.15516900E-02 0.59178204E-03 -0.21619381E-03 -0.80512841E-03 -0.11692687E-02 -0.13394837E-02 -0.13624948E-02 -0.12866346E-02 -0.11538478E-02 -0.99641701E-03 -0.83670532E-03 -0.68849633E-03 -0.55894634E-03 -0.45055758E-03 -0.36287325E-03 -0.29378975E-03 -0.24047799E-03 -0.19998801E-03 -0.16958489E-03 -0.14691951E-03 -0.13007323E-03 -0.11753661E-03 -0.10815424E-03 -0.10105804E-03 -0.95602475E-04 -0.91309112E-04 -0.87820775E-04 -0.84868377E-04 -0.82246342E-04 -0.79795926E-04 -0.77394258E-04 -0.74947391E-04 -0.72385948E-04 -0.69662299E-04 -0.66748471E-04 -0.63634292E-04 -0.60325430E-04 -0.56841205E-04 -0.53212114E-04 -0.49477158E-04 -0.45681055E-04
0.30431189E-02 0.74003610E-03 0.15361304E-02 0.27698752E-02 0.34165832E-02 0.33035262E-02 0.26250149E-02 0.16702412E-02 0.69010744E-03 -0.15061485E-03 -0.77383762E-03 -0.11674611E-02 -0.13597216E-02 -0.13971307E-02 -0.13290955E-02 -0.11991107E-02 -0.10410045E-02 -0.87844840E-03 -0.72622364E-03 -0.59218675E-03 -0.47929418E-03 -0.38735897E-03 -0.31441688E-03 -0.25769673E-03 -0.21425585E-03 -0.18134094E-03 -0.15657072E-03 -0.13799126E-03 -0.12405829E-03 -0.11358356E-03 -0.10566826E-03 -0.99637755E-04 -0.94984621E-04 -0.91323468E-04 -0.88355870E-04 -0.85846480E-04 -0.83606397E-04 -0.81482737E-04 -0.79352421E-04 -0.77118685E-04 -0.74709125E-04 -0.72074416E-04 -0.69187077E-04 -0.66039937E-04 -0.62644089E-04 -0.59026326E-04 -0.55226112E-04 -0.51292270E-04
0.38695559E-02 0.77959715E-03 0.13758573E-02 0.26401424E-02 0.33743043E-02 0.33340806E-02 0.26938971E-02 0.17460608E-02 0.75223517E-03 -0.11188619E-03 -0.76008814E-03 -0.11754559E-02 -0.13841303E-02 -0.14323360E-02 -0.13701769E-02 -0.12422328E-02 -0.10834449E-02 -0.91844718E-03 -0.76277003E-03 -0.62480957E-03 -0.50788512E-03 -0.41203746E-03 -0.33543402E-03 -0.27537141E-03 -0.22893581E-03 -0.19337795E-03 -0.16631008E-03 -0.14576747E-03 -0.13019069E-03 -0.11837625E-03 -0.10940929E-03 -0.10259774E-03 -0.97414595E-04 -0.93452305E-04 -0.90386950E-04 -0.87954638E-04 -0.85935156E-04 -0.84142301E-04 -0.82418734E-04 -0.80633764E-04 -0.78682750E-04 -0.76487113E-04 -0.73994240E-04 -0.71176801E-04 -0.68031228E-04 -0.64575303E-04 -0.60844944E-04 -0.56890380E-04
0.43891884E-02 0.81638305E-03 0.12832451E-02 0.25587095E-02 0.33405878E-02 0.33412525E-02 0.27225890E-02 0.17781977E-02 0.77576558E-03 -0.10271958E-03 -0.76627299E-03 -0.11950916E-02 -0.14140026E-02 -0.14689856E-02 -0.14104969E-02 -0.12837227E-02 -0.11242512E-02 -0.95729427E-03 -0.79884883E-03 -0.65766267E-03 -0.53730673E-03 -0.43799435E-03 -0.35800741E-03 -0.29471651E-03 -0.24525531E-03 -0.20690512E-03 -0.17729931E-03 -0.15448632E-03 -0.13691749E-03 -0.12339796E-03 -0.11301587E-03 -0.10507901E-03 -0.99055464E-04 -0.94526494E-04 -0.91151668E-04 -0.88643518E-04 -0.86752441E-04 -0.85257706E-04 -0.83963660E-04 -0.82699227E-04 -0.81319240E-04 -0.79706409E-04 -0.77773050E-04 -0.75461903E-04 -0.72745706E-04 -0.69625386E-04 -0.66126943E-04 -0.62297280E-04
0.44604002E-02 0.80335894E-03 0.12497166E-02 0.25291997E-02 0.33205132E-02 0.33281789E-02 0.27119802E-02 0.17660140E-02 0.75935837E-03 -0.12456125E-03 -0.79363031E-03 -0.12273069E-02 -0.14500236E-02 -0.15076182E-02 -0.14505676E-02 -0.13241693E-02 -0.11641646E-02 -0.99592856E-03 -0.83561525E-03 -0.69211426E-03 -0.56912026E-03 -0.46695243E-03 -0.38398230E-03 -0.31765655E-03 -0.26517403E-03 -0.22387267E-03 -0.19143594E-03 -0.16595701E-03 -0.14592789E-03 -0.13018775E-03 -0.11785520E-03 -0.10826306E-03 -0.10089494E-03 -0.95339641E-04 -0.91254750E-04 -0.88340313E-04 -0.86324140E-04 -0.84953486E-04 -0.83992769E-04 -0.83225184E-04 -0.82456596E-04 -0.81520290E-04 -0.80281407E-04 -0.78640201E-04 -0.76533542E-04 -0.73934408E-04 -0.70849400E-04 -0.67314528E-04
0.40531778E-02 0.72829200E-03 0.12706048E-02 0.25497669E-02 0.33131174E-02 0.32941403E-02 0.26614791E-02 0.17090849E-02 0.70279441E-03 -0.17743547E-03 -0.84205003E-03 -0.12719495E-02 -0.14921009E-02 -0.15482976E-02 -0.14906883E-02 -0.13641649E-02 -0.12041039E-02 -0.10356077E-02 -0.87465808E-03 -0.73006075E-03 -0.60549377E-03 -0.50130626E-03 -0.41592867E-03 -0.34688253E-03 -0.29144853E-03 -0.24704812E-03 -0.21144668E-03 -0.18281605E-03 -0.15972259E-03 -0.14107469E-03 -0.12605438E-03 -0.11404844E-03 -0.10458655E-03 -0.97292906E-04 -0.91844982E-04 -0.87949824E-04 -0.85326319E-04 -0.83698120E-04 -0.82792503E-04 -0.82344355E-04 -0.82103225E-04 -0.81841769E-04 -0.81364038E-04 -0.80512378E-04 -0.79172055E-04 -0.77273104E-04 -0.74789305E-04 -0.71734506E-04
0.32584223E-02 0.61810604E-03 0.13471363E-02 0.26140224E-02 0.33118857E-02 0.32348902E-02 0.25692900E-02 0.16074611E-02 0.60723024E-03 -0.25970072E-03 -0.90984495E-03 -0.13275642E-02 -0.15391717E-02 -0.15904375E-02 -0.15307864E-02 -0.14041590E-02 -0.12450308E-02 -0.10777806E-02 -0.91787782E-03 -0.77380877E-03 -0.64908714E-03 -0.54401070E-03 -0.45703470E-03 -0.38575287E-03 -0.32754452E-03 -0.27994287E-03 -0.24082930E-03 -0.20849116E-03 -0.18160720E-03 -0.15919332E-03 -0.14053281E-03 -0.12510567E-03 -0.11252491E-03 -0.10248305E-03 -0.94713382E-04 -0.88957380E-04 -0.84948568E-04 -0.82404009E-04 -0.81023766E-04 -0.80497084E-04 -0.80513023E-04 -0.80773489E-04 -0.81006677E-04 -0.80979164E-04 -0.80505255E-04 -0.79452684E-04 -0.77744316E-04 -0.75355959E-04
0.22627194E-02 0.52936534E-03 0.14839352E-02 0.27112651E-02 0.33057838E-02 0.31437208E-02 0.24332711E-02 0.14622950E-02 0.47564393E-03 -0.36772132E-03 -0.99348825E-03 -0.13911613E-02 -0.15889803E-02 -0.16325760E-02 -0.15701822E-02 -0.14442101E-02 -0.12876841E-02 -0.11238037E-02 -0.96718268E-03 -0.82575117E-03 -0.70270982E-03 -0.59822401E-03 -0.51074114E-03 -0.43792682E-03 -0.37727849E-03 -0.32647193E-03 -0.28354056E-03 -0.24692540E-03 -0.21545629E-03 -0.18829587E-03 -0.16486875E-03 -0.14478948E-03 -0.12779659E-03 -0.11369623E-03 -0.10231631E-03 -0.93475764E-04 -0.86957585E-04 -0.82500945E-04 -0.79799374E-04 -0.78508020E-04 -0.78257725E-04 -0.78673314E-04 -0.79393548E-04 -0.80090215E-04 -0.80484261E-04 -0.80357396E-04 -0.79558343E-04 -0.78003606E-04
0.12978311E-02 0.52899270E-03 0.16836652E-02 0.28265408E-02 0.32809180E-02 0.30132030E-02 0.22522776E-02 0.12767437E-02 0.31340418E-03 -0.49550338E-03 -0.10873499E-02 -0.14579830E-02 -0.16378317E-02 -0.16720928E-02 -0.16072579E-02 -0.14835992E-02 -0.13321347E-02 -0.11744337E-02 -0.10239195E-02 -0.88773755E-03 -0.76863606E-03 -0.66657670E-03 -0.57997642E-03 -0.50658191E-03 -0.44403616E-03 -0.39019322E-03 -0.34327590E-03 -0.30191449E-03 -0.26512325E-03 -0.23224367E-03 -0.20287483E-03 -0.17680225E-03 -0.15393112E-03 -0.13422690E-03 -0.11766467E-03 -0.10418847E-03 -0.93682020E-04 -0.85952171E-04 -0.80721298E-04 -0.77635994E-04 -0.76282578E-04 -0.76210670E-04 -0.76960760E-04 -0.78092299E-04 -0.79209119E-04 -0.79979628E-04 -0.80150158E-04 -0.79550862E-04
0.58235268E-03 0.67285162E-03 0.19417729E-02 0.29414484E-02 0.32229345E-02 0.28374410E-02 0.20277777E-02 0.10569635E-02 0.12882032E-03 -0.63439875E-03 -0.11835058E-02 -0.15213184E-02 -0.16803534E-02 -0.17048853E-02 -0.16390280E-02 -0.15202833E-02 -0.13771150E-02 -0.12290298E-02 -0.10879472E-02 -0.96002362E-03 -0.84743981E-03 -0.74990819E-03 -0.66581796E-03 -0.59302880E-03 -0.52937393E-03 -0.47293072E-03 -0.42214868E-03 -0.37587359E-03 -0.33332009E-03 -0.29401839E-03 -0.25775163E-03 -0.22449164E-03 -0.19433608E-03 -0.16744829E-03 -0.14400091E-03 -0.12412550E-03 -0.10787103E-03 -0.95174435E-04 -0.85847321E-04 -0.79573523E-04 -0.75927294E-04 -0.74399923E-04 -0.74435384E-04 -0.75469316E-04 -0.76966645E-04 -0.78453770E-04 -0.79542454E-04 -0.79943908E-04
0.27438188E-03 0.99018831E-03 0.22442525E-02 0.30364514E-02 0.31200888E-02 0.26145247E-02 0.17654073E-02 0.81291260E-03 -0.66543967E-04 -0.77304029E-03 -0.12717439E-02 -0.15724626E-02 -0.17093368E-02 -0.17250485E-02 -0.16606326E-02 -0.15501856E-02 -0.14190931E-02 -0.12844032E-02 -0.11562607E-02 -0.10396744E-02 -0.93619328E-03 -0.84528741E-03 -0.76537054E-03 -0.69449866E-03 -0.63076768E-03 -0.57254244E-03 -0.51853414E-03 -0.46780857E-03 -0.41975858E-03 -0.37406392E-03 -0.33064835E-03 -0.28963547E-03 -0.25130058E-03 -0.21601636E-03 -0.18419222E-03 -0.15621078E-03 -0.13236725E-03 -0.11281948E-03 -0.97552690E-04 -0.86368930E-04 -0.78891236E-04 -0.74594631E-04 -0.72847892E-04 -0.72964860E-04 -0.74257411E-04 -0.76083826E-04 -0.77887723E-04 -0.79224609E-04
0.44835562E-03 0.14791030E-02 0.25700332E-02 0.30948282E-02 0.29665801E-02 0.23486730E-02 0.14760093E-02 0.55860369E-03 -0.25807191E-03 -0.89772553E-03 -0.13399392E-02 -0.16009613E-02 -0.17157728E-02 -0.17246523E-02 -0.16648211E-02 -0.15663558E-02 -0.14510885E-02 -0.13332736E-02 -0.12210817E-02 -0.11182974E-02 -0.10258646E-02 -0.94311537E-03 -0.86864006E-03 -0.80084497E-03 -0.73823573E-03 -0.67955466E-03 -0.62380357E-03 -0.57023051E-03 -0.51831139E-03 -0.46774240E-03 -0.41844210E-03 -0.37055312E-03 -0.32443057E-03 -0.28060760E-03 -0.23973557E-03 -0.20250359E-03 -0.16954826E-03 -0.14136810E-03 -0.11825327E-03 -0.10024385E-03 -0.87121440E-04 -0.78425824E-04 -0.73504811E-04 -0.71577156E-04 -0.71804088E-04 -0.73358874E-04 -0.75486624E-04 -0.77549067E-04
0.10995153E-02 0.21136936E-02 0.28975206E-02 0.31073953E-02 0.27653600E-02 0.20514079E-02 0.11756411E-02 0.31140750E-03 -0.42911700E-03 -0.99349714E-03 -0.13750110E-02 -0.15953252E-02 -0.16892436E-02 -0.16937524E-02 -0.16415317E-02 -0.15580770E-02 -0.14612679E-02 -0.13623258E-02 -0.12673627E-02 -0.11789993E-02 -0.10977584E-02 -0.10231069E-02 -0.95412821E-03 -0.88988616E-03 -0.82954259E-03 -0.77236143E-03 -0.71765215E-03 -0.66473192E-03 -0.61293543E-03 -0.56167616E-03 -0.51054003E-03 -0.45938063E-03 -0.40838429E-03 -0.35808267E-03 -0.30930466E-03 -0.26307484E-03 -0.22047742E-03 -0.18251046E-03 -0.14995606E-03 -0.12328444E-03 -0.10260522E-03 -0.87669617E-04 -0.77909696E-04 -0.72516784E-04 -0.70533486E-04 -0.70950385E-04 -0.72794159E-04 -0.75198316E-04
0.21697769E-02 0.28591605E-02 0.32129954E-02 0.30766282E-02 0.25294187E-02 0.17410702E-02 0.88406811E-03 0.90061826E-04 -0.56311861E-03 -0.10461477E-02 -0.13646641E-02 -0.15444047E-02 -0.16188525E-02 -0.16208013E-02 -0.15777161E-02 -0.15100367E-02 -0.14314031E-02 -0.13499059E-02 -0.12696938E-02 -0.11925052E-02 -0.11188841E-02 -0.10489862E-02 -0.98298208E-03 -0.92114458E-03 -0.86371612E-03 -0.81071218E-03 -0.76174633E-03 -0.71596542E-03 -0.67212240E-03 -0.62877119E-03 -0.58453384E-03 -0.53837252E-03 -0.48980207E-03 -0.43899730E-03 -0.38677730E-03 -0.33447741E-03 -0.28374160E-03 -0.23627940E-03 -0.19363295E-03 -0.15698855E-03 -0.12705809E-03 -0.10403520E-03 -0.87624515E-04 -0.77120230E-04 -0.71526278E-04 -0.69686260E-04 -0.70409447E-04 -0.72577722E-04
0.35828302E-02 0.36886246E-02 0.35176333E-02 0.30183266E-02 0.22805824E-02 0.14401399E-02 0.62145938E-03 -0.88789676E-04 -0.64693510E-03 -0.10452613E-02 -0.13000345E-02 -0.14395572E-02 -0.14948296E-02 -0.14936088E-02 -0.14575601E-02 -0.14017089E-02 -0.13353208E-02 -0.12634621E-02 -0.11886848E-02 -0.11124726E-02 -0.10362439E-02 -0.96184393E-03 -0.89157860E-03 -0.82786581E-03 -0.77274098E-03 -0.72733909E-03 -0.69154154E-03 -0.66388362E-03 -0.64175075E-03 -0.62181723E-03 -0.60062487E-03 -0.57517229E-03 -0.54339366E-03 -0.50444131E-03 -0.45873747E-03 -0.40781202E-03 -0.35398248E-03 -0.29995303E-03 -0.24841151E-03 -0.20168594E-03 -0.16150489E-03 -0.12887498E-03 -0.10407055E-03 -0.86717155E-04 -0.75931594E-04 -0.70498580E-04 -0.69046147E-04 -0.70202450E-04
0.52754522E-02 0.45953786E-02 0.38300796E-02 0.29595390E-02 0.20453402E-02 0.11703213E-02 0.40337376E-03 -0.21535468E-03 -0.67521881E-03 -0.98814362E-03 -0.11791327E-02 -0.12775484E-02 -0.13108156E-02 -0.13009016E-02 -0.12631937E-02 -0.12070800E-02 -0.11375103E-02 -0.10569177E-02 -0.96702522E-03 -0.87021257E-03 -0.77025634E-03 -0.67239114E-03 -0.58277835E-03 -0.50753675E-03 -0.45164125E-03 -0.41792653E-03 -0.40645743E-03 -0.41441023E-03 -0.43649193E-03 -0.46580162E-03 -0.49494433E-03 -0.51716525E-03 -0.52728759E-03 -0.52230101E-03 -0.50153775E-03 -0.46646390E-03 -0.42018185E-03 -0.36677576E-03 -0.31063258E-03 -0.25584823E-03 -0.20578718E-03 -0.16282685E-03 -0.12827873E-03 -0.10245638E-03 -0.84848652E-04 -0.74345361E-04 -0.69482768E-04 -0.68667709E-04
