Basic/Day4/qtaim/urea/molecule/pato/urea_mol_pl2d_pato.SURFLAPP
DSAA
 161 161
-0.75589045E+01  0.75589045E+01  0.94486307E-01
-0.75589045E+01  0.75589045E+01  0.94486307E-01
 0.00000000E+00  0.00000000E+00
[rows 0 to 20 of 161, columns 96 to 143 of 161]
0.66909276E-06 0.55108744E-06 0.44851243E-06 0.36070278E-06 0.28665039E-06 0.22511190E-06 0.17470794E-06 0.13400931E-06 0.10160739E-06 0.76167754E-07 0.56467564E-07 0.41418156E-07 0.30075088E-07 0.21638201E-07 0.15444329E-07 0.10955089E-07 0.77418874E-08 0.54698616E-08 0.38820330E-08 0.27845690E-08 0.20336773E-08 0.15243831E-08 0.11812234E-08 0.95074943E-09 0.60490132E-09 0.57454431E-09 0.54773209E-09 0.52328011E-09 0.50025815E-09 0.47796273E-09 0.43084265E-09 0.41517145E-09 0.39759261E-09 0.37839914E-09 0.35790014E-09 0.33641256E-09 0.31425325E-09 0.29173132E-09 0.26914135E-09 0.24675737E-09 0.22482796E-09 0.20357247E-09 0.18317840E-09 0.16379998E-09 0.14555782E-09 0.12853963E-09 0.11280180E-09 0.98371671E-10
0.12085737E-05 0.99622740E-06 0.81145622E-06 0.65311569E-06 0.51944049E-06 0.40823606E-06 0.31705565E-06 0.24335476E-06 0.18461797E-06 0.13845618E-06 0.10267495E-06 0.75316456E-07 0.54678838E-07 0.39317543E-07 0.28033220E-07 0.19850573E-07 0.13991986E-07 0.98490215E-08 0.69541341E-08 0.49542451E-08 0.35871550E-08 0.26612827E-08 0.20388182E-08 0.16221154E-08 0.13429852E-08 0.93943501E-09 0.89588371E-09 0.85611391E-09 0.81862385E-09 0.78227797E-09 0.74626159E-09 0.71003564E-09 0.65108357E-09 0.61969775E-09 0.58617424E-09 0.55103073E-09 0.51478481E-09 0.47794161E-09 0.44098262E-09 0.40435589E-09 0.36846800E-09 0.33367791E-09 0.30029261E-09 0.26856480E-09 0.23869233E-09 0.21081930E-09 0.18503858E-09 0.16139559E-09
0.21514465E-05 0.17750216E-05 0.14471111E-05 0.11657850E-05 0.92800717E-06 0.72996927E-06 0.56740200E-06 0.43584749E-06 0.33088427E-06 0.24830109E-06 0.18422001E-06 0.13517320E-06 0.98139712E-07 0.70550150E-07 0.50267165E-07 0.35549556E-07 0.25006682E-07 0.17548706E-07 0.12336921E-07 0.87370977E-08 0.62776802E-08 0.46137568E-08 0.34970098E-08 0.27513811E-08 0.22538786E-08 0.19198043E-08 0.14551248E-08 0.13909095E-08 0.13302971E-08 0.12714687E-08 0.12131201E-08 0.11543899E-08 0.10947893E-08 0.10341344E-08 0.95341934E-09 0.89634132E-09 0.83746646E-09 0.77761440E-09 0.71756660E-09 0.65805055E-09 0.59972667E-09 0.54317825E-09 0.48890448E-09 0.43731657E-09 0.38873682E-09 0.34340032E-09 0.30145908E-09 0.26298807E-09
0.37741053E-05 0.31168194E-05 0.25435495E-05 0.20511115E-05 0.16343785E-05 0.12868554E-05 0.10012160E-05 0.76977629E-06 0.58488771E-06 0.43924276E-06 0.32609392E-06 0.23939202E-06 0.17385517E-06 0.12498110E-06 0.89016880E-07 0.62899172E-07 0.44176865E-07 0.30925692E-07 0.21662380E-07 0.15263584E-07 0.10892938E-07 0.79379485E-08 0.59571927E-08 0.46374341E-08 0.37597150E-08 0.31731972E-08 0.27754383E-08 0.22440448E-08 0.21467533E-08 0.20522147E-08 0.19583575E-08 0.18638160E-08 0.17678187E-08 0.16700812E-08 0.15707066E-08 0.14479715E-08 0.13530068E-08 0.12564540E-08 0.11595727E-08 0.10635356E-08 0.96940810E-09 0.87813139E-09 0.79051158E-09 0.70721319E-09 0.62875763E-09 0.55552591E-09 0.48776513E-09 0.42559817E-09
0.65235085E-05 0.53931295E-05 0.44059428E-05 0.35568154E-05 0.28372534E-05 0.22363733E-05 0.17418149E-05 0.13405503E-05 0.10195603E-05 0.76636475E-06 0.56940501E-06 0.41829076E-06 0.30392661E-06 0.21854133E-06 0.15564263E-06 0.10991999E-06 0.77115701E-07 0.53880900E-07 0.37629608E-07 0.26400103E-07 0.18729590E-07 0.13545335E-07 0.10073274E-07 0.77635542E-08 0.62315000E-08 0.52119511E-08 0.45247601E-08 0.40492767E-08 0.37058597E-08 0.32893291E-08 0.31394273E-08 0.29883153E-08 0.28347854E-08 0.26784023E-08 0.25193448E-08 0.23582592E-08 0.21707922E-08 0.20161218E-08 0.18609035E-08 0.17070150E-08 0.15561626E-08 0.14098547E-08 0.12693838E-08 0.11358164E-08 0.10099903E-08 0.89251876E-09 0.78380077E-09 0.68403644E-09
0.11109415E-04 0.91949947E-05 0.75207138E-05 0.60785011E-05 0.48545601E-05 0.38309818E-05 0.29872708E-05 0.23017060E-05 0.17524865E-05 0.13186368E-05 0.98066745E-06 0.72100681E-06 0.52423125E-06 0.37712889E-06 0.26863559E-06 0.18968056E-06 0.13297560E-06 0.92776534E-07 0.64639172E-07 0.45186059E-07 0.31894496E-07 0.22911618E-07 0.16898570E-07 0.12903145E-07 0.10258492E-07 0.85045683E-08 0.73286430E-08 0.65211934E-08 0.59438935E-08 0.55068189E-08 0.49977399E-08 0.47579197E-08 0.45141127E-08 0.42656592E-08 0.40128656E-08 0.37567754E-08 0.34989607E-08 0.32413373E-08 0.29657512E-08 0.27208851E-08 0.24808103E-08 0.22479272E-08 0.20242942E-08 0.18116109E-08 0.16112143E-08 0.14240845E-08 0.12508617E-08 0.10918696E-08
0.18638174E-04 0.15445601E-04 0.12649216E-04 0.10236673E-04 0.81860202E-05 0.64683347E-05 0.50502267E-05 0.38960936E-05 0.29700308E-05 0.22373532E-05 0.16657185E-05 0.12258735E-05 0.89206477E-06 0.64217094E-06 0.45761865E-06 0.32314340E-06 0.22645195E-06 0.15783406E-06 0.10976147E-06 0.76501671E-07 0.53765099E-07 0.38395811E-07 0.28109833E-07 0.21280518E-07 0.16767313E-07 0.13782583E-07 0.11790470E-07 0.10431748E-07 0.94691623E-08 0.87484318E-08 0.81709437E-08 0.75226229E-08 0.71381972E-08 0.67462559E-08 0.63473195E-08 0.59430601E-08 0.55359764E-08 0.51291051E-08 0.47257690E-08 0.43069057E-08 0.39275098E-08 0.35594121E-08 0.32058673E-08 0.28695657E-08 0.25526257E-08 0.22566039E-08 0.19825200E-08 0.17308944E-08
0.30801878E-04 0.25560101E-04 0.20961204E-04 0.16986886E-04 0.13602975E-04 0.10763649E-04 0.84154906E-05 0.65011526E-05 0.49624917E-05 0.37430897E-05 0.27901346E-05 0.20556915E-05 0.14974245E-05 0.10788598E-05 0.76928773E-06 0.54340267E-06 0.38077397E-06 0.26522554E-06 0.18418808E-06 0.12807036E-06 0.89681082E-07 0.63719691E-07 0.46343590E-07 0.34811843E-07 0.27199940E-07 0.22177275E-07 0.18837678E-07 0.16573184E-07 0.14982004E-07 0.13802733E-07 0.12868196E-07 0.12073643E-07 0.11208887E-07 0.10594969E-07 0.99698543E-08 0.93362023E-08 0.86979577E-08 0.80598992E-08 0.74272496E-08 0.68053431E-08 0.61747710E-08 0.55970256E-08 0.50420102E-08 0.45139534E-08 0.40161891E-08 0.35511718E-08 0.31205153E-08 0.27250506E-08
0.50138513E-04 0.41666427E-04 0.34220085E-04 0.27773324E-04 0.22274171E-04 0.17651484E-04 0.13821385E-04 0.10693128E-04 0.81741623E-05 0.61742424E-05 0.46085295E-05 0.33997243E-05 0.24793182E-05 0.17880978E-05 0.12760560E-05 0.90186854E-06 0.63208206E-06 0.44014237E-06 0.30536644E-06 0.21193589E-06 0.14796512E-06 0.10467597E-06 0.75692984E-07 0.56460782E-07 0.43775938E-07 0.35420583E-07 0.29882505E-07 0.26146131E-07 0.23539731E-07 0.21625963E-07 0.20124941E-07 0.18861119E-07 0.17477839E-07 0.16523057E-07 0.15550474E-07 0.14564292E-07 0.13570695E-07 0.12577150E-07 0.11591808E-07 0.10622990E-07 0.96787639E-08 0.87666084E-08 0.78748630E-08 0.70515188E-08 0.62752288E-08 0.55498372E-08 0.48778804E-08 0.42606773E-08
0.80379212E-04 0.66901658E-04 0.55032879E-04 0.44737115E-04 0.35937284E-04 0.28525236E-04 0.22371783E-04 0.17335931E-04 0.13272927E-04 0.10040847E-04 0.75056451E-05 0.55446749E-05 0.40488235E-05 0.29234503E-05 0.20883676E-05 0.14771071E-05 0.10357050E-05 0.72120938E-06 0.50007881E-06 0.34659832E-06 0.24140194E-06 0.17015604E-06 0.12242948E-06 0.90755157E-07 0.69873202E-07 0.56136405E-07 0.47054633E-07 0.40953590E-07 0.36724725E-07 0.33645648E-07 0.31253643E-07 0.29258178E-07 0.27481404E-07 0.25587518E-07 0.24085080E-07 0.22561135E-07 0.21025300E-07 0.19489164E-07 0.17965356E-07 0.16466766E-07 0.15005890E-07 0.13594313E-07 0.12242326E-07 0.10939255E-07 0.97370722E-08 0.86134321E-08 0.75722951E-08 0.66157406E-08
0.12689662E-03 0.10579723E-03 0.87177268E-04 0.70990638E-04 0.57126158E-04 0.45423052E-04 0.35686304E-04 0.27700938E-04 0.21244586E-04 0.16097895E-04 0.12052607E-04 0.89172958E-05 0.65209502E-05 0.47146724E-05 0.33718557E-05 0.23872068E-05 0.16749739E-05 0.11667044E-05 0.80879486E-06 0.56004243E-06 0.38934101E-06 0.27361444E-06 0.19603307E-06 0.14452537E-06 0.11057237E-06 0.88257063E-07 0.73533542E-07 0.63677795E-07 0.56884122E-07 0.51974579E-07 0.48193868E-07 0.45067188E-07 0.42303390E-07 0.39730031E-07 0.37042066E-07 0.34703874E-07 0.32346761E-07 0.29988574E-07 0.27648749E-07 0.25347106E-07 0.23102861E-07 0.20933840E-07 0.18855881E-07 0.16882417E-07 0.15003943E-07 0.13275616E-07 0.11673759E-07 0.10201629E-07
0.19726240E-03 0.16476199E-03 0.13601502E-03 0.11096701E-03 0.89462533E-04 0.71268233E-04 0.56095868E-04 0.43623994E-04 0.33517264E-04 0.25442615E-04 0.19081992E-04 0.14141558E-04 0.10357612E-04 0.74995947E-05 0.53707069E-05 0.38066917E-05 0.26733286E-05 0.18631356E-05 0.12916972E-05 0.89394533E-06 0.62062778E-06 0.43511654E-06 0.31063671E-06 0.22794201E-06 0.17342308E-06 0.13761011E-06 0.11401707E-06 0.98270569E-07 0.87467684E-07 0.79712383E-07 0.73787500E-07 0.68926894E-07 0.64659956E-07 0.60707172E-07 0.56910972E-07 0.53006990E-07 0.49415218E-07 0.45820847E-07 0.42253564E-07 0.38743632E-07 0.35320395E-07 0.32011081E-07 0.28839897E-07 0.25827400E-07 0.22990104E-07 0.20319376E-07 0.17872109E-07 0.15622379E-07
0.30191020E-03 0.25266296E-03 0.20899440E-03 0.17084904E-03 0.13801749E-03 0.11016977E-03 0.86889246E-04 0.67704944E-04 0.52120706E-04 0.39639925E-04 0.29785289E-04 0.22113344E-04 0.16224107E-04 0.11766272E-04 0.84387109E-05 0.59891157E-05 0.42105677E-05 0.29368079E-05 0.20368428E-05 0.14093997E-05 0.97760708E-06 0.68414613E-06 0.48701392E-06 0.35594838E-06 0.26950506E-06 0.21273281E-06 0.17537290E-06 0.15049675E-06 0.13349853E-06 0.12136588E-06 0.11216246E-06 0.10466775E-06 0.98130719E-07 0.92104111E-07 0.86334581E-07 0.80690787E-07 0.74959102E-07 0.69519668E-07 0.64119810E-07 0.58805404E-07 0.53620936E-07 0.48607702E-07 0.43802442E-07 0.39236390E-07 0.34934682E-07 0.30916099E-07 0.27171747E-07 0.23757813E-07
0.45488202E-03 0.38148928E-03 0.31623258E-03 0.25907315E-03 0.20974134E-03 0.16778390E-03 0.13261281E-03 0.10355264E-03 0.79883691E-04 0.60879244E-04 0.45835706E-04 0.34095276E-04 0.25061332E-04 0.18207227E-04 0.13079473E-04 0.92964938E-05 0.65441367E-05 0.45690573E-05 0.31709678E-05 0.21945289E-05 0.15214756E-05 0.10633772E-05 0.75526146E-06 0.55020284E-06 0.41487271E-06 0.32598522E-06 0.26753170E-06 0.22868093E-06 0.20222110E-06 0.18342839E-06 0.16926196E-06 0.15780228E-06 0.14786610E-06 0.13874697E-06 0.13004297E-06 0.12154385E-06 0.11290516E-06 0.10473257E-06 0.96617223E-07 0.88628164E-07 0.80832349E-07 0.73291960E-07 0.66062369E-07 0.59190697E-07 0.52714934E-07 0.46663545E-07 0.41055496E-07 0.35879165E-07
0.67460866E-03 0.56706250E-03 0.47115190E-03 0.38689017E-03 0.31395017E-03 0.25172960E-03 0.19941993E-03 0.15607417E-03 0.12066980E-03 0.92163780E-04 0.69537869E-04 0.51833369E-04 0.38175364E-04 0.27787278E-04 0.19997059E-04 0.14236629E-04 0.10036302E-04 0.70158179E-05 0.48734499E-05 0.33743848E-05 0.23392800E-05 0.16336338E-05 0.11583480E-05 0.84166293E-06 0.63248806E-06 0.49504721E-06 0.40469364E-06 0.34471991E-06 0.30398204E-06 0.27516872E-06 0.25356629E-06 0.23619451E-06 0.22121300E-06 0.20752028E-06 0.19448722E-06 0.18178214E-06 0.16925733E-06 0.15666684E-06 0.14455807E-06 0.13263439E-06 0.12099586E-06 0.10973544E-06 0.98935987E-07 0.88668087E-07 0.78988762E-07 0.69940855E-07 0.61553066E-07 0.53840505E-07
0.98464586E-03 0.82973148E-03 0.69112045E-03 0.56894652E-03 0.46284278E-03 0.37203989E-03 0.29545771E-03 0.23180056E-03 0.17964704E-03 0.13753000E-03 0.10400357E-03 0.77695533E-04 0.57344930E-04 0.41825675E-04 0.30157878E-04 0.21509094E-04 0.15187887E-04 0.10632093E-04 0.73938922E-05 0.51235011E-05 0.35528541E-05 0.24802693E-05 0.17567104E-05 0.12739569E-05 0.95476064E-06 0.74489887E-06 0.60693416E-06 0.51543664E-06 0.45341254E-06 0.40969318E-06 0.37706609E-06 0.35096369E-06 0.32856017E-06 0.30816033E-06 0.28879240E-06 0.26994053E-06 0.25137110E-06 0.23302099E-06 0.21475690E-06 0.19708894E-06 0.17983842E-06 0.16314332E-06 0.14712672E-06 0.13189363E-06 0.11752903E-06 0.10409697E-06 0.91640585E-07 0.80182898E-07
0.14142194E-02 0.11949391E-02 0.99802403E-03 0.82382844E-03 0.67200279E-03 0.54161552E-03 0.43126748E-03 0.33923249E-03 0.26358018E-03 0.20229011E-03 0.15334915E-03 0.11482941E-03 0.84945483E-04 0.62092066E-04 0.44863757E-04 0.32060068E-04 0.22678877E-04 0.15901671E-04 0.11073661E-04 0.76813971E-05 0.53299481E-05 0.37211779E-05 0.26340777E-05 0.19076940E-05 0.14268234E-05 0.11103964E-05 0.90230804E-06 0.76436543E-06 0.67099476E-06 0.60535710E-06 0.55655920E-06 0.51769057E-06 0.48446803E-06 0.45431627E-06 0.42575407E-06 0.39799043E-06 0.37066205E-06 0.34366425E-06 0.31704273E-06 0.29079134E-06 0.26540726E-06 0.24083272E-06 0.21724925E-06 0.19481196E-06 0.17364661E-06 0.15384829E-06 0.13548139E-06 0.11858078E-06
0.19984562E-02 0.16935503E-02 0.14186371E-02 0.11744704E-02 0.96082382E-03 0.77663055E-03 0.62016116E-03 0.48917859E-03 0.38112644E-03 0.29328400E-03 0.22290544E-03 0.16733366E-03 0.12408626E-03 0.90914153E-04 0.65835076E-04 0.47145544E-04 0.33415787E-04 0.23472182E-04 0.16371572E-04 0.11371183E-04 0.78977216E-05 0.55166079E-05 0.39046803E-05 0.28258579E-05 0.21106769E-05 0.16395645E-05 0.13295633E-05 0.11240718E-05 0.98510910E-06 0.88761771E-06 0.81535779E-06 0.75800850E-06 0.70916094E-06 0.66495317E-06 0.62315717E-06 0.58257691E-06 0.54265655E-06 0.50322781E-06 0.46434830E-06 0.42599511E-06 0.38891320E-06 0.35300195E-06 0.31852718E-06 0.28571635E-06 0.25475431E-06 0.22578122E-06 0.19889261E-06 0.17414087E-06
0.27780482E-02 0.23617423E-02 0.19846986E-02 0.16483402E-02 0.13527468E-02 0.10968263E-02 0.87852325E-03 0.69504547E-03 0.54310411E-03 0.41911877E-03 0.31942451E-03 0.24043159E-03 0.17875251E-03 0.13129172E-03 0.95300358E-04 0.68400442E-04 0.48584133E-04 0.34194382E-04 0.23892972E-04 0.16621358E-04 0.11558774E-04 0.80809918E-05 0.57220712E-05 0.41405076E-05 0.30903277E-05 0.23977285E-05 0.19415852E-05 0.16391228E-05 0.14346733E-05 0.12914343E-05 0.11855075E-05 0.11016766E-05 0.10304749E-05 0.96618558E-06 0.90550124E-06 0.84663833E-06 0.78875976E-06 0.73160233E-06 0.67523795E-06 0.61992139E-06 0.56583896E-06 0.51374220E-06 0.46371131E-06 0.41607750E-06 0.37111048E-06 0.32901551E-06 0.28993327E-06 0.25394209E-06
0.37981608E-02 0.32402850E-02 0.27324813E-02 0.22772389E-02 0.18752449E-02 0.15255772E-02 0.12259560E-02 0.97303394E-03 0.76269638E-03 0.59036800E-03 0.45126343E-03 0.34063336E-03 0.25394385E-03 0.18701116E-03 0.13608879E-03 0.97911766E-04 0.69705218E-04 0.49165571E-04 0.34422547E-04 0.23989548E-04 0.16708776E-04 0.11696078E-04 0.82890113E-05 0.60003600E-05 0.44781931E-05 0.34727478E-05 0.28098121E-05 0.23699306E-05 0.20724960E-05 0.18643354E-05 0.17106344E-05 0.15892469E-05 0.14863681E-05 0.13936443E-05 0.13062298E-05 0.12215013E-05 0.11382175E-05 0.10559767E-05 0.97486815E-06 0.89525020E-06 0.81737894E-06 0.74235307E-06 0.67027488E-06 0.60162314E-06 0.53678866E-06 0.47606993E-06 0.41967280E-06 0.36771351E-06
0.51063673E-02 0.43730176E-02 0.37017197E-02 0.30965909E-02 0.25593858E-02 0.20896917E-02 0.16852190E-02 0.13421540E-02 0.10555457E-02 0.81969437E-03 0.62851516E-03 0.47586439E-03 0.35579188E-03 0.26274820E-03 0.19171663E-03 0.13828918E-03 0.98692404E-04 0.69773592E-04 0.48958231E-04 0.34189247E-04 0.23856914E-04 0.16726614E-04 0.11869627E-04 0.86003836E-05 0.64219982E-05 0.49807326E-05 0.40291401E-05 0.33970952E-05 0.29696338E-05 0.26704134E-05 0.24496539E-05 0.22754508E-05 0.21281154E-05 0.19954924E-05 0.18705748E-05 0.17495564E-05 0.16306245E-05 0.15131791E-05 0.13973315E-05 0.12835838E-05 0.11726249E-05 0.10650327E-05 0.96195063E-06 0.86372807E-06 0.77092731E-06 0.68397943E-06 0.60318356E-06 0.52871116E-06
