Basic/Day4/qtaim/urea/molecule/pato/urea_mol_pl2d_pato.SURFVIRI
DSAA
 161 161
-0.75589045E+01  0.75589045E+01  0.94486307E-01
-0.75589045E+01  0.75589045E+01  0.94486307E-01
 0.00000000E+00  0.00000000E+00
[rows 42 to 62 of 161, columns 94 to 140 of 161]
-0.95144586E-01 -0.72105395E-01 -0.56802293E-01 -0.46130474E-01 -0.38123492E-01 -0.31656276E-01 -0.26156344E-01 -0.21371978E-01 -0.17210494E-01 -0.13639534E-01 -0.10635701E-01 -0.81639857E-02 -0.61743540E-02 -0.46060574E-02 -0.33940057E-02 -0.24744163E-02 -0.17887436E-02 -0.12858528E-02 -0.92279724E-03 -0.66464606E-03 -0.48375212E-03 -0.35875043E-03 -0.27348386E-03 -0.21597536E-03 -0.17751244E-03 -0.15186749E-03 -0.13466954E-03 -0.12289987E-03 -0.11451032E-03 -0.10813647E-03 -0.10288827E-03 -0.98199905E-04 -0.93724927E-04 -0.89263234E-04 -0.84711532E-04 -0.80029763E-04 -0.75218493E-04 -0.70303637E-04 -0.65326071E-04 -0.60334460E-04 -0.55380247E-04 -0.50514107E-04 -0.45783441E-04 -0.41230634E-04 -0.36891915E-04 -0.32796691E-04 -0.28967279E-04
-0.11461939E+00 -0.83901446E-01 -0.64179916E-01 -0.51055110E-01 -0.41695449E-01 -0.34445946E-01 -0.28437813E-01 -0.23270377E-01 -0.18786039E-01 -0.14929997E-01 -0.11674426E-01 -0.89851872E-02 -0.68128932E-02 -0.50955658E-02 -0.37651177E-02 -0.27536887E-02 -0.19982792E-02 -0.14434399E-02 -0.10423549E-02 -0.75680456E-03 -0.55645540E-03 -0.41781647E-03 -0.32309104E-03 -0.25906549E-03 -0.21611330E-03 -0.18734274E-03 -0.16790979E-03 -0.15446370E-03 -0.14472765E-03 -0.13718304E-03 -0.13083853E-03 -0.12506429E-03 -0.11947603E-03 -0.11385396E-03 -0.10808767E-03 -0.10213863E-03 -0.96014754E-04 -0.89753124E-04 -0.83408034E-04 -0.77042693E-04 -0.70723313E-04 -0.64514864E-04 -0.58478033E-04 -0.52667077E-04 -0.47128399E-04 -0.41899705E-04 -0.37009661E-04
-0.13736981E+00 -0.97381690E-01 -0.72321322E-01 -0.56251624E-01 -0.45301739E-01 -0.37172573E-01 -0.30629646E-01 -0.25084166E-01 -0.20293206E-01 -0.16169924E-01 -0.12678231E-01 -0.97838266E-02 -0.74381288E-02 -0.55784818E-02 -0.41343944E-02 -0.30344377E-02 -0.22115555E-02 -0.16062834E-02 -0.11681559E-02 -0.85582406E-03 -0.63638334E-03 -0.48429808E-03 -0.38018845E-03 -0.30964248E-03 -0.26214457E-03 -0.23015436E-03 -0.20836401E-03 -0.19309567E-03 -0.18184629E-03 -0.17294405E-03 -0.16529670E-03 -0.15821100E-03 -0.15126511E-03 -0.14422069E-03 -0.13696175E-03 -0.12945337E-03 -0.12171336E-03 -0.11379284E-03 -0.10576270E-03 -0.97704043E-04 -0.89701204E-04 -0.81836738E-04 -0.74187713E-04 -0.66823071E-04 -0.59801852E-04 -0.53172117E-04 -0.46970493E-04
-0.16265714E+00 -0.11215387E+00 -0.81020886E-01 -0.61608651E-01 -0.48875319E-01 -0.39788760E-01 -0.32693378E-01 -0.26780026E-01 -0.21702985E-01 -0.17334672E-01 -0.13626919E-01 -0.10543979E-01 -0.80379922E-02 -0.60460334E-02 -0.44957568E-02 -0.33127021E-02 -0.24262247E-02 -0.17732288E-02 -0.12999046E-02 -0.96201066E-03 -0.72425061E-03 -0.55917751E-03 -0.44592517E-03 -0.36895172E-03 -0.31689958E-03 -0.28161112E-03 -0.25733483E-03 -0.24007818E-03 -0.22711918E-03 -0.21663693E-03 -0.20744063E-03 -0.19877479E-03 -0.19018174E-03 -0.18140563E-03 -0.17232678E-03 -0.16291609E-03 -0.15320396E-03 -0.14325875E-03 -0.13317143E-03 -0.12304469E-03 -0.11298479E-03 -0.10309565E-03 -0.93474301E-04 -0.84207690E-04 -0.75370424E-04 -0.67023406E-04 -0.59213210E-04
-0.18911740E+00 -0.12748154E+00 -0.89895517E-01 -0.66930301E-01 -0.52313105E-01 -0.42234498E-01 -0.34588112E-01 -0.28325956E-01 -0.22988588E-01 -0.18401660E-01 -0.14501914E-01 -0.11250926E-01 -0.86013136E-02 -0.64901381E-02 -0.48436799E-02 -0.35849876E-02 -0.26403459E-02 -0.19434853E-02 -0.14376352E-02 -0.10759713E-02 -0.82104686E-03 -0.64368817E-03 -0.52167934E-03 -0.43844719E-03 -0.38186000E-03 -0.34319429E-03 -0.31628185E-03 -0.29683676E-03 -0.28193027E-03 -0.26959955E-03 -0.25855938E-03 -0.24799454E-03 -0.23741303E-03 -0.22654319E-03 -0.21526337E-03 -0.20355252E-03 -0.19145637E-03 -0.17906367E-03 -0.16648914E-03 -0.15386102E-03 -0.14131168E-03 -0.12897055E-03 -0.11695874E-03 -0.10538503E-03 -0.94343030E-04 -0.83909472E-04 -0.74143301E-04
-0.21484342E+00 -0.14232275E+00 -0.98401804E-01 -0.71943069E-01 -0.55478490E-01 -0.44438074E-01 -0.36271132E-01 -0.29691958E-01 -0.24126265E-01 -0.19351246E-01 -0.15287126E-01 -0.11891943E-01 -0.91184917E-02 -0.69039544E-02 -0.51736331E-02 -0.38486095E-02 -0.28526492E-02 -0.21168265E-02 -0.15818622E-02 -0.11987244E-02 -0.92811759E-03 -0.73937288E-03 -0.60909888E-03 -0.51981869E-03 -0.45871744E-03 -0.41656507E-03 -0.38682205E-03 -0.36493486E-03 -0.34778477E-03 -0.33327706E-03 -0.32003778E-03 -0.30719515E-03 -0.29422467E-03 -0.28084066E-03 -0.26692066E-03 -0.25245365E-03 -0.23750309E-03 -0.22218116E-03 -0.20662985E-03 -0.19100694E-03 -0.17547523E-03 -0.16019419E-03 -0.14531348E-03 -0.13096802E-03 -0.11727447E-03 -0.10432885E-03 -0.92205448E-04
-0.23760750E+00 -0.15544882E+00 -0.10589615E+00 -0.76324522E-01 -0.58214190E-01 -0.46321589E-01 -0.37700262E-01 -0.30851263E-01 -0.25096204E-01 -0.20167553E-01 -0.15969733E-01 -0.12457014E-01 -0.95821288E-02 -0.72824156E-02 -0.54825151E-02 -0.41020393E-02 -0.30628059E-02 -0.22937982E-02 -0.17337391E-02 -0.13318232E-02 -0.10472574E-02 -0.84815300E-03 -0.71015166E-03 -0.61502559E-03 -0.54938784E-03 -0.50357726E-03 -0.47073471E-03 -0.44607192E-03 -0.42630152E-03 -0.40920935E-03 -0.39333976E-03 -0.37776813E-03 -0.36193939E-03 -0.34555460E-03 -0.32849193E-03 -0.31075125E-03 -0.29241562E-03 -0.27362298E-03 -0.25454569E-03 -0.23537476E-03 -0.21630761E-03 -0.19753830E-03 -0.17924980E-03 -0.16160787E-03 -0.14475667E-03 -0.12881564E-03 -0.11387786E-03
-0.25519319E+00 -0.16562783E+00 -0.11173076E+00 -0.79750661E-01 -0.60364202E-01 -0.47810526E-01 -0.38837919E-01 -0.31782151E-01 -0.25883552E-01 -0.20839251E-01 -0.16540889E-01 -0.12939494E-01 -0.99876192E-02 -0.76227378E-02 -0.57690773E-02 -0.43452485E-02 -0.32717040E-02 -0.24759374E-02 -0.18952316E-02 -0.14774892E-02 -0.11808149E-02 -0.97241167E-03 -0.82719168E-03 -0.72635208E-03 -0.65605933E-03 -0.60630966E-03 -0.56998334E-03 -0.54209750E-03 -0.51922004E-03 -0.49903122E-03 -0.48000221E-03 -0.46115960E-03 -0.44191948E-03 -0.42197026E-03 -0.40119070E-03 -0.37959202E-03 -0.35727746E-03 -0.33441213E-03 -0.31120080E-03 -0.28787059E-03 -0.26465714E-03 -0.24179330E-03 -0.21949995E-03 -0.19797858E-03 -0.17740564E-03 -0.15792856E-03 -0.13966331E-03
-0.26576913E+00 -0.17183645E+00 -0.11536650E+00 -0.81952506E-01 -0.61800526E-01 -0.48845633E-01 -0.39656162E-01 -0.32470110E-01 -0.26479497E-01 -0.21360286E-01 -0.16996352E-01 -0.13336680E-01 -0.10333671E-01 -0.79248793E-02 -0.60343160E-02 -0.45800373E-02 -0.34817202E-02 -0.26659971E-02 -0.20693043E-02 -0.16387713E-02 -0.13318292E-02 -0.11151125E-02 -0.96306360E-03 -0.85649730E-03 -0.78127213E-03 -0.72713850E-03 -0.68678208E-03 -0.65506765E-03 -0.62844524E-03 -0.60450712E-03 -0.58165977E-03 -0.55888488E-03 -0.53557200E-03 -0.51139713E-03 -0.48623901E-03 -0.46011970E-03 -0.43316176E-03 -0.40555737E-03 -0.37754427E-03 -0.34938705E-03 -0.32136183E-03 -0.29374341E-03 -0.26679451E-03 -0.24075683E-03 -0.21584394E-03 -0.19223605E-03 -0.17007659E-03
-0.26822087E+00 -0.17345138E+00 -0.11647610E+00 -0.82768499E-01 -0.62448211E-01 -0.49394242E-01 -0.40141571E-01 -0.32909950E-01 -0.26882298E-01 -0.21730534E-01 -0.17337012E-01 -0.13650301E-01 -0.10622757E-01 -0.81919444E-02 -0.62818295E-02 -0.48103462E-02 -0.36969923E-02 -0.28681866E-02 -0.22601371E-02 -0.18197438E-02 -0.15042156E-02 -0.12799767E-02 -0.11212741E-02 -0.10087432E-02 -0.92808079E-03 -0.86889315E-03 -0.82374022E-03 -0.78737956E-03 -0.75617242E-03 -0.72764013E-03 -0.70013490E-03 -0.67260090E-03 -0.64440344E-03 -0.61520653E-03 -0.58488904E-03 -0.55348240E-03 -0.52112692E-03 -0.48803989E-03 -0.45449034E-03 -0.42077933E-03 -0.38722340E-03 -0.35414036E-03 -0.32183696E-03 -0.29059838E-03 -0.26067938E-03 -0.23229753E-03 -0.20562843E-03
-0.26236287E+00 -0.17037339E+00 -0.11501183E+00 -0.82179194E-01 -0.62302200E-01 -0.49458037E-01 -0.40298724E-01 -0.33107389E-01 -0.27098108E-01 -0.21956341E-01 -0.17569340E-01 -0.13886914E-01 -0.10861480E-01 -0.84305277E-02 -0.65181359E-02 -0.50425521E-02 -0.39236990E-02 -0.30884415E-02 -0.24733908E-02 -0.20257735E-02 -0.17030373E-02 -0.14717621E-02 -0.13062783E-02 -0.11872475E-02 -0.11003510E-02 -0.10351524E-02 -0.98415397E-03 -0.94205118E-03 -0.90514603E-03 -0.87090862E-03 -0.83765076E-03 -0.80428795E-03 -0.77016796E-03 -0.73494844E-03 -0.69850986E-03 -0.66089244E-03 -0.62225289E-03 -0.58282988E-03 -0.54291958E-03 -0.50285509E-03 -0.46298952E-03 -0.42368102E-03 -0.38527928E-03 -0.34811345E-03 -0.31248159E-03 -0.27864196E-03 -0.24680644E-03
-0.24898115E+00 -0.16305289E+00 -0.11121988E+00 -0.80315068E-01 -0.61431457E-01 -0.49075244E-01 -0.40151400E-01 -0.33079774E-01 -0.27141465E-01 -0.22050908E-01 -0.17705712E-01 -0.14058211E-01 -0.11060868E-01 -0.86509954E-02 -0.67529557E-02 -0.52857576E-02 -0.41703627E-02 -0.33347460E-02 -0.27165543E-02 -0.22638951E-02 -0.19349129E-02 -0.16967029E-02 -0.15239501E-02 -0.13975395E-02 -0.13032742E-02 -0.12307684E-02 -0.11725292E-02 -0.11232313E-02 -0.10791474E-02 -0.10377192E-02 -0.99723787E-03 -0.95660807E-03 -0.91517610E-03 -0.87260568E-03 -0.82878832E-03 -0.78377939E-03 -0.73775082E-03 -0.69095961E-03 -0.64372198E-03 -0.59639410E-03 -0.54935616E-03 -0.50299787E-03 -0.45770487E-03 -0.41384565E-03 -0.37175948E-03 -0.33174559E-03 -0.29405433E-03
-0.22969684E+00 -0.15241088E+00 -0.10559813E+00 -0.77435607E-01 -0.59969453E-01 -0.48316776E-01 -0.39741301E-01 -0.32855851E-01 -0.27035419E-01 -0.22034502E-01 -0.17764621E-01 -0.14181211E-01 -0.11236568E-01 -0.88677018E-02 -0.69994609E-02 -0.55520851E-02 -0.44481961E-02 -0.36175390E-02 -0.29994160E-02 -0.25433527E-02 -0.22086279E-02 -0.19631899E-02 -0.17823266E-02 -0.16473191E-02 -0.15442086E-02 -0.14627341E-02 -0.13954555E-02 -0.13370613E-02 -0.12838235E-02 -0.12331849E-02 -0.11834483E-02 -0.11335416E-02 -0.10828443E-02 -0.10310578E-02 -0.97811049E-03 -0.92408922E-03 -0.86919121E-03 -0.81368907E-03 -0.75791040E-03 -0.70221990E-03 -0.64700705E-03 -0.59267483E-03 -0.53962806E-03 -0.48826095E-03 -0.43894418E-03 -0.39201220E-03 -0.34775168E-03
-0.20668379E+00 -0.13967612E+00 -0.98809015E-01 -0.73885762E-01 -0.58093990E-01 -0.47277670E-01 -0.39124828E-01 -0.32474758E-01 -0.26811328E-01 -0.21934472E-01 -0.17770736E-01 -0.14278332E-01 -0.11408937E-01 -0.90991353E-02 -0.72744955E-02 -0.58569871E-02 -0.47715160E-02 -0.39502406E-02 -0.33347102E-02 -0.28763703E-02 -0.25360314E-02 -0.22827895E-02 -0.20927387E-02 -0.19476860E-02 -0.18339845E-02 -0.17415379E-02 -0.16629816E-02 -0.15930380E-02 -0.15280064E-02 -0.14653724E-02 -0.14035048E-02 -0.13414205E-02 -0.12786016E-02 -0.12148542E-02 -0.11502008E-02 -0.10848030E-02 -0.10189068E-02 -0.95280960E-03 -0.88684078E-03 -0.82135155E-03 -0.75671171E-03 -0.69330465E-03 -0.63152212E-03 -0.57175545E-03 -0.51438381E-03 -0.45976021E-03 -0.40819723E-03
-0.18230726E+00 -0.12617979E+00 -0.91570332E-01 -0.70041700E-01 -0.56002083E-01 -0.46066383E-01 -0.38368936E-01 -0.31984588E-01 -0.26508382E-01 -0.21785062E-01 -0.17754772E-01 -0.14377289E-01 -0.11603010E-01 -0.93679759E-02 -0.75987596E-02 -0.62195804E-02 -0.51582444E-02 -0.43499342E-02 -0.37389906E-02 -0.32792231E-02 -0.29333060E-02 -0.26717070E-02 -0.24714557E-02 -0.23149394E-02 -0.21888290E-02 -0.20831733E-02 -0.19906633E-02 -0.19060523E-02 -0.18256946E-02 -0.17471806E-02 -0.16690405E-02 -0.15904995E-02 -0.15112738E-02 -0.14314032E-02 -0.13511190E-02 -0.12707458E-02 -0.11906372E-02 -0.11111397E-02 -0.10325799E-02 -0.95526795E-03 -0.87950697E-03 -0.80560680E-03 -0.73388990E-03 -0.66469249E-03 -0.59835765E-03 -0.53522217E-03 -0.47559967E-03
-0.15876765E+00 -0.11315687E+00 -0.84551178E-01 -0.66259562E-01 -0.53886430E-01 -0.44794776E-01 -0.37547193E-01 -0.31440874E-01 -0.26172930E-01 -0.21626962E-01 -0.17753109E-01 -0.14510778E-01 -0.11848284E-01 -0.97010363E-02 -0.79969415E-02 -0.66629988E-02 -0.56305053E-02 -0.48382277E-02 -0.42337721E-02 -0.37736709E-02 -0.34226962E-02 -0.31528022E-02 -0.29419664E-02 -0.27730945E-02 -0.26330710E-02 -0.25119737E-02 -0.24024630E-02 -0.22992838E-02 -0.21988725E-02 -0.20990226E-02 -0.19985879E-02 -0.18972111E-02 -0.17950765E-02 -0.16926915E-02 -0.15907055E-02 -0.14897748E-02 -0.13904753E-02 -0.12932618E-02 -0.11984651E-02 -0.11063167E-02 -0.10169871E-02 -0.93062494E-03 -0.84739170E-03 -0.76747975E-03 -0.69111784E-03 -0.61856263E-03 -0.55008040E-03
-0.13782526E+00 -0.10159703E+00 -0.78295319E-01 -0.62838436E-01 -0.51918652E-01 -0.43570988E-01 -0.36736776E-01 -0.30905166E-01 -0.25857551E-01 -0.21506519E-01 -0.17807071E-01 -0.14715865E-01 -0.12178276E-01 -0.10129042E-01 -0.84977624E-02 -0.72147389E-02 -0.62153042E-02 -0.54422948E-02 -0.48469582E-02 -0.43887881E-02 -0.40347466E-02 -0.37582273E-02 -0.35379932E-02 -0.33572264E-02 -0.32027484E-02 -0.30644120E-02 -0.29346486E-02 -0.28081017E-02 -0.26813189E-02 -0.25524530E-02 -0.24209500E-02 -0.22872235E-02 -0.21523233E-02 -0.20176240E-02 -0.18845565E-02 -0.17544039E-02 -0.16281736E-02 -0.15065451E-02 -0.13898829E-02 -0.12782956E-02 -0.11717218E-02 -0.10700196E-02 -0.97304220E-03 -0.88069584E-03 -0.79296574E-03 -0.70991992E-03 -0.63169238E-03
-0.12065382E+00 -0.92169139E-01 -0.73184111E-01 -0.60003086E-01 -0.50241594E-01 -0.42495906E-01 -0.36016585E-01 -0.30443636E-01 -0.25619776E-01 -0.21474501E-01 -0.17961795E-01 -0.15033023E-01 -0.12629801E-01 -0.10686202E-01 -0.91338902E-02 -0.79069568E-02 -0.69452488E-02 -0.61960596E-02 -0.56145239E-02 -0.51631712E-02 -0.48110454E-02 -0.45326988E-02 -0.43072592E-02 -0.41176766E-02 -0.39501813E-02 -0.37939246E-02 -0.36407557E-02 -0.34850408E-02 -0.33234719E-02 -0.31548063E-02 -0.29795161E-02 -0.27993578E-02 -0.26168952E-02 -0.24350246E-02 -0.22565563E-02 -0.20838921E-02 -0.19188256E-02 -0.17624682E-02 -0.16152849E-02 -0.14772108E-02 -0.13478129E-02 -0.12264612E-02 -0.11124818E-02 -0.10052709E-02 -0.90436692E-03 -0.80947531E-03 -0.72045816E-03
-0.10782984E+00 -0.85220859E-01 -0.69438389E-01 -0.57905525E-01 -0.48969864E-01 -0.41662744E-01 -0.35466065E-01 -0.30125477E-01 -0.25520314E-01 -0.21584364E-01 -0.18264654E-01 -0.15504814E-01 -0.13241966E-01 -0.11409562E-01 -0.99416882E-02 -0.87766651E-02 -0.78592456E-02 -0.71414447E-02 -0.65823642E-02 -0.61474244E-02 -0.58073663E-02 -0.55372906E-02 -0.53158993E-02 -0.51250164E-02 -0.49493827E-02 -0.47766551E-02 -0.45975158E-02 -0.44057587E-02 -0.41982606E-02 -0.39747624E-02 -0.37374388E-02 -0.34902869E-02 -0.32384019E-02 -0.29872327E-02 -0.27419135E-02 -0.25067463E-02 -0.22848816E-02 -0.20782051E-02 -0.18874086E-02 -0.17121961E-02 -0.15515666E-02 -0.14041169E-02 -0.12683153E-02 -0.11427171E-02 -0.10261032E-02 -0.91754914E-03 -0.81642748E-03
-0.99428805E-01 -0.80834769E-01 -0.67148577E-01 -0.56639454E-01 -0.48195497E-01 -0.41158066E-01 -0.35164035E-01 -0.30020840E-01 -0.25620802E-01 -0.21890117E-01 -0.18763401E-01 -0.16174355E-01 -0.14054987E-01 -0.12338200E-01 -0.10960832E-01 -0.98658139E-02 -0.90031048E-02 -0.83295665E-02 -0.78081425E-02 -0.74067142E-02 -0.70969619E-02 -0.68534684E-02 -0.66532026E-02 -0.64754270E-02 -0.63019689E-02 -0.61177517E-02 -0.59113772E-02 -0.56756039E-02 -0.54075459E-02 -0.51084974E-02 -0.47833592E-02 -0.44397288E-02 -0.40867766E-02 -0.37340695E-02 -0.33905030E-02 -0.30634725E-02 -0.27583619E-02 -0.24783672E-02 -0.22246185E-02 -0.19965241E-02 -0.17922421E-02 -0.16091873E-02 -0.14444953E-02 -0.12953929E-02 -0.11594511E-02 -0.10347179E-02 -0.91975132E-03
-0.95178338E-01 -0.78912433E-01 -0.66317249E-01 -0.56259455E-01 -0.47994769E-01 -0.41062680E-01 -0.35187083E-01 -0.30198461E-01 -0.25981421E-01 -0.22444259E-01 -0.19504475E-01 -0.17083997E-01 -0.15109213E-01 -0.13512572E-01 -0.12233990E-01 -0.11221352E-01 -0.10430045E-01 -0.98217598E-02 -0.93629172E-02 -0.90230680E-02 -0.87735825E-02 -0.85868463E-02 -0.84360839E-02 -0.82958153E-02 -0.81428235E-02 -0.79574366E-02 -0.77248176E-02 -0.74359975E-02 -0.70883966E-02 -0.66856918E-02 -0.62370067E-02 -0.57555306E-02 -0.52567729E-02 -0.47567155E-02 -0.42701273E-02 -0.38092533E-02 -0.33830063E-02 -0.29966913E-02 -0.26522043E-02 -0.23485851E-02 -0.20827759E-02 -0.18504367E-02 -0.16466981E-02 -0.14667697E-02 -0.13063647E-02 -0.11619382E-02 -0.10307638E-02
