Basic/Day4/qtaim/urea/molecule/pato/urea_mol_pl2d_pato.SURFGKIN
DSAA
 161 161
-0.75589045E+01  0.75589045E+01  0.94486307E-01
-0.75589045E+01  0.75589045E+01  0.94486307E-01
 0.00000000E+00  0.00000000E+00
[rows 88 to 109 of 161, columns 0 to 47 of 161]
0.99541690E-04 0.12251426E-03 0.14973385E-03 0.18175798E-03 0.21919554E-03 0.26272736E-03 0.31314254E-03 0.37139717E-03 0.43870297E-03 0.51665449E-03 0.60740301E-03 0.71388502E-03 0.84011122E-03 0.99152002E-03 0.11753901E-02 0.14013107E-02 0.16816782E-02 0.20321810E-02 0.24721931E-02 0.30249489E-02 0.37173176E-02 0.45789402E-02 0.56404816E-02 0.69308128E-02 0.84731444E-02 0.10280516E-01 0.12351658E-01 0.14669056E-01 0.17201901E-01 0.19916981E-01 0.22799277E-01 0.25879984E-01 0.29263171E-01 0.33137588E-01 0.37763125E-01 0.43434637E-01 0.50443741E-01 0.59070014E-01 0.69622009E-01 0.82508954E-01 0.98278583E-01 0.11755203E+00 0.14084997E+00 0.16841899E+00 0.20028486E+00 0.23682495E+00 0.28029676E+00 0.33868572E+00
0.95187459E-04 0.11722200E-03 0.14335211E-03 0.17412089E-03 0.21012132E-03 0.25201483E-03 0.30056417E-03 0.35668651E-03 0.42153379E-03 0.49660796E-03 0.58391851E-03 0.68618924E-03 0.80711904E-03 0.95169979E-03 0.11265849E-02 0.13405075E-02 0.16047182E-02 0.19334129E-02 0.23440818E-02 0.28576818E-02 0.34984865E-02 0.42934302E-02 0.52707517E-02 0.64577922E-02 0.78779540E-02 0.95471098E-02 0.11470181E-01 0.13639151E-01 0.16034321E-01 0.18630878E-01 0.21412294E-01 0.24390044E-01 0.27625779E-01 0.31249142E-01 0.35465112E-01 0.40550868E-01 0.46850672E-01 0.54780575E-01 0.64845516E-01 0.77649751E-01 0.93861029E-01 0.11409507E+00 0.13874092E+00 0.16784595E+00 0.20127974E+00 0.23945918E+00 0.28514377E+00 0.34804891E+00
0.90536022E-04 0.11156377E-03 0.13652303E-03 0.16594101E-03 0.20039331E-03 0.24052064E-03 0.28705818E-03 0.34088323E-03 0.40308736E-03 0.47507983E-03 0.55872900E-03 0.65654775E-03 0.77192677E-03 0.90941783E-03 0.10750602E-02 0.12767489E-02 0.15246166E-02 0.18314050E-02 0.22127692E-02 0.26874374E-02 0.32771128E-02 0.40059807E-02 0.48996692E-02 0.59835591E-02 0.72804432E-02 0.88077519E-02 0.10574864E-01 0.12581400E-01 0.14817763E-01 0.17269362E-01 0.19925751E-01 0.22794961E-01 0.25921714E-01 0.29406612E-01 0.33423240E-01 0.38232194E-01 0.44193912E-01 0.51781702E-01 0.61588815E-01 0.74310122E-01 0.90670166E-01 0.11128236E+00 0.13647457E+00 0.16620277E+00 0.20026314E+00 0.23907609E+00 0.28557421E+00 0.35007908E+00
0.85648440E-04 0.10561308E-03 0.12933439E-03 0.15732233E-03 0.19013395E-03 0.22838815E-03 0.27279190E-03 0.32418261E-03 0.38359239E-03 0.45234008E-03 0.53215732E-03 0.62535334E-03 0.73502215E-03 0.86529320E-03 0.10216182E-02 0.12110930E-02 0.14427881E-02 0.17280669E-02 0.20808465E-02 0.25177380E-02 0.30579820E-02 0.37230756E-02 0.45359812E-02 0.55198421E-02 0.66962131E-02 0.80829684E-02 0.96922785E-02 0.11529313E-01 0.13592579E-01 0.15876960E-01 0.18380416E-01 0.21114944E-01 0.24121628E-01 0.27488924E-01 0.31372958E-01 0.36018921E-01 0.41782609E-01 0.49148562E-01 0.58734575E-01 0.71263153E-01 0.87476889E-01 0.10798994E+00 0.13311467E+00 0.16278058E+00 0.19674360E+00 0.23534051E+00 0.28127230E+00 0.34413064E+00
0.80586659E-04 0.99444657E-04 0.12187556E-03 0.14837095E-03 0.17946822E-03 0.21576372E-03 0.25793595E-03 0.30678306E-03 0.36327969E-03 0.42865842E-03 0.50452121E-03 0.59298514E-03 0.69686508E-03 0.81989423E-03 0.96697487E-03 0.11444579E-02 0.13604275E-02 0.16249714E-02 0.19504005E-02 0.23513679E-02 0.28448227E-02 0.34497227E-02 0.41864293E-02 0.50757352E-02 0.61375386E-02 0.73892992E-02 0.88445722E-02 0.10512122E-01 0.12396296E-01 0.14499469E-01 0.16827345E-01 0.19397758E-01 0.22253325E-01 0.25477981E-01 0.29217224E-01 0.33701522E-01 0.39271101E-01 0.46396904E-01 0.55686139E-01 0.67853481E-01 0.83637155E-01 0.10365368E+00 0.12822711E+00 0.15729863E+00 0.19059604E+00 0.22828864E+00 0.27250916E+00 0.33105222E+00
0.75412260E-04 0.93132938E-04 0.11423579E-03 0.13919299E-03 0.16852136E-03 0.20279408E-03 0.24266121E-03 0.28888272E-03 0.34237850E-03 0.40430013E-03 0.47612887E-03 0.55980378E-03 0.65788215E-03 0.77373256E-03 0.91175331E-03 0.10776146E-02 0.12785023E-02 0.15233470E-02 0.18230071E-02 0.21903663E-02 0.26402958E-02 0.31894276E-02 0.38556845E-02 0.46575398E-02 0.56130275E-02 0.67386163E-02 0.80481852E-02 0.95524885E-02 0.11259640E-01 0.13177245E-01 0.15316843E-01 0.17701255E-01 0.20375370E-01 0.23420787E-01 0.26974626E-01 0.31252328E-01 0.36572743E-01 0.43380199E-01 0.52252323E-01 0.63875757E-01 0.78970216E-01 0.98153552E-01 0.12177645E+00 0.14981634E+00 0.18198586E+00 0.21824699E+00 0.25999634E+00 0.31275196E+00
0.70185258E-04 0.86750663E-04 0.10650251E-03 0.12989263E-03 0.15741652E-03 0.18962372E-03 0.22713600E-03 0.27067641E-03 0.32111322E-03 0.37952283E-03 0.44727569E-03 0.52614852E-03 0.61846463E-03 0.72726252E-03 0.85648575E-03 0.10111924E-02 0.11977641E-02 0.14240997E-02 0.16997675E-02 0.20360830E-02 0.24460756E-02 0.29443027E-02 0.35464779E-02 0.42688990E-02 0.51277043E-02 0.61380565E-02 0.73134475E-02 0.86654361E-02 0.10204237E-01 0.11940667E-01 0.13889988E-01 0.16078200E-01 0.18551315E-01 0.21388179E-01 0.24717353E-01 0.28738142E-01 0.33744428E-01 0.40146649E-01 0.48481904E-01 0.59396019E-01 0.73579212E-01 0.91646145E-01 0.11398018E+00 0.14061251E+00 0.17126410E+00 0.20570718E+00 0.24461785E+00 0.29134661E+00
0.64962994E-04 0.80367522E-04 0.98759690E-04 0.12057026E-03 0.14627268E-03 0.17639247E-03 0.21152333E-03 0.25235273E-03 0.29970044E-03 0.35457363E-03 0.41824202E-03 0.49233597E-03 0.57896893E-03 0.68088448E-03 0.80162129E-03 0.94569455E-03 0.11187752E-02 0.13278550E-02 0.15813729E-02 0.18892774E-02 0.22629945E-02 0.27152724E-02 0.32598793E-02 0.39111538E-02 0.46834372E-02 0.55904782E-02 0.66449734E-02 0.78584966E-02 0.92421568E-02 0.10808396E-01 0.12574372E-01 0.14567406E-01 0.16832983E-01 0.19445884E-01 0.22524999E-01 0.26252090E-01 0.30893561E-01 0.36821468E-01 0.44525357E-01 0.54600916E-01 0.67698644E-01 0.84421788E-01 0.10518480E+00 0.13008401E+00 0.15888025E+00 0.19121904E+00 0.22720081E+00 0.26847293E+00
0.59799137E-04 0.74048950E-04 0.91086471E-04 0.11132075E-03 0.13520263E-03 0.16323327E-03 0.19597850E-03 0.23409145E-03 0.27834634E-03 0.32968680E-03 0.38929150E-03 0.45865981E-03 0.53971865E-03 0.63495066E-03 0.74753768E-03 0.88151815E-03 0.10419419E-02 0.12350112E-02 0.14681875E-02 0.17502417E-02 0.20912243E-02 0.25023321E-02 0.29956595E-02 0.35838357E-02 0.42795825E-02 0.50952726E-02 0.60426286E-02 0.71327740E-02 0.83769151E-02 0.97879919E-02 0.11383667E-01 0.13191051E-01 0.15253597E-01 0.17640665E-01 0.20460297E-01 0.23875535E-01 0.28123690E-01 0.33535738E-01 0.40549093E-01 0.49702162E-01 0.61595892E-01 0.76810855E-01 0.95784015E-01 0.11867989E+00 0.14532940E+00 0.17533426E+00 0.20841818E+00 0.24507910E+00
0.54742817E-04 0.67855071E-04 0.83555822E-04 0.10223194E-03 0.12431119E-03 0.15027009E-03 0.18064677E-03 0.21606105E-03 0.25724431E-03 0.30508170E-03 0.36066971E-03 0.42539089E-03 0.50100723E-03 0.58977187E-03 0.69455428E-03 0.81897728E-03 0.96755145E-03 0.11457970E-02 0.13603353E-02 0.16189312E-02 0.19304656E-02 0.23048218E-02 0.27526770E-02 0.32852039E-02 0.39137174E-02 0.46493379E-02 0.55027907E-02 0.64845218E-02 0.76053623E-02 0.88780206E-02 0.10319708E-01 0.11956225E-01 0.13827866E-01 0.15997554E-01 0.18561676E-01 0.21663949E-01 0.25512014E-01 0.30394718E-01 0.36694987E-01 0.44889066E-01 0.55519680E-01 0.69131922E-01 0.86170933E-01 0.10686232E+00 0.13112595E+00 0.15859617E+00 0.18881295E+00 0.22160394E+00
0.49837924E-04 0.61839821E-04 0.76233499E-04 0.93383334E-04 0.11369368E-03 0.13761614E-03 0.16566130E-03 0.19841660E-03 0.23657272E-03 0.28096082E-03 0.33260294E-03 0.39277740E-03 0.46310045E-03 0.54562390E-03 0.64294464E-03 0.75832434E-03 0.89580706E-03 0.10603258E-02 0.12577826E-02 0.14950855E-02 0.17801258E-02 0.21216815E-02 0.25292411E-02 0.30127552E-02 0.35823470E-02 0.42480459E-02 0.50196473E-02 0.59068513E-02 0.69198763E-02 0.80707797E-02 0.93757394E-02 0.10858560E-01 0.12555687E-01 0.14523056E-01 0.16845130E-01 0.19646447E-01 0.23105516E-01 0.27469703E-01 0.33067410E-01 0.40310533E-01 0.49677226E-01 0.61664801E-01 0.76708839E-01 0.95079383E-01 0.11678688E+00 0.14154982E+00 0.16887587E+00 0.19827526E+00
0.45122574E-04 0.56050271E-04 0.69177184E-04 0.84845049E-04 0.10343459E-03 0.12537238E-03 0.15114152E-03 0.18129776E-03 0.21649295E-03 0.25750794E-03 0.30529686E-03 0.36104460E-03 0.42623826E-03 0.50275242E-03 0.59294691E-03 0.69976856E-03 0.82685815E-03 0.97864298E-03 0.11604086E-02 0.13783332E-02 0.16394700E-02 0.19516672E-02 0.23234191E-02 0.27636573E-02 0.32815096E-02 0.38860807E-02 0.45863457E-02 0.53912844E-02 0.63104222E-02 0.73549727E-02 0.85397907E-02 0.98863516E-02 0.11426970E-01 0.13210502E-01 0.15309785E-01 0.17831062E-01 0.20925327E-01 0.24800706E-01 0.29733314E-01 0.36071484E-01 0.44225719E-01 0.54635788E-01 0.67709733E-01 0.83739076E-01 0.10280977E+00 0.12474392E+00 0.14911216E+00 0.17533934E+00
0.40628755E-04 0.50526165E-04 0.62435886E-04 0.76677050E-04 0.93606701E-04 0.11362631E-03 0.13719161E-03 0.16482723E-03 0.19714765E-03 0.23488640E-03 0.27893514E-03 0.33039426E-03 0.39063568E-03 0.46137779E-03 0.54477144E-03 0.64348989E-03 0.76082340E-03 0.90076204E-03 0.10680608E-02 0.12682729E-02 0.15077383E-02 0.17935185E-02 0.21332725E-02 0.25350807E-02 0.30072417E-02 0.35580870E-02 0.41958913E-02 0.49289872E-02 0.57662229E-02 0.67179284E-02 0.77975619E-02 0.90242116E-02 0.10426113E-01 0.12045353E-01 0.13943920E-01 0.16211277E-01 0.18973397E-01 0.22402719E-01 0.26727277E-01 0.32235444E-01 0.39270685E-01 0.48209500E-01 0.59417277E-01 0.73182582E-01 0.89640599E-01 0.10870820E+00 0.13005986E+00 0.15316699E+00
0.36382146E-04 0.45299663E-04 0.56049589E-04 0.68928666E-04 0.84270372E-04 0.10245114E-03 0.12389952E-03 0.14910948E-03 0.17865931E-03 0.21323761E-03 0.25367795E-03 0.30100355E-03 0.35648263E-03 0.42169447E-03 0.49860525E-03 0.58964796E-03 0.69780639E-03 0.82668992E-03 0.98059345E-03 0.11645303E-02 0.13842275E-02 0.16460741E-02 0.19570193E-02 0.23244255E-02 0.27558956E-02 0.32591145E-02 0.38417679E-02 0.45116308E-02 0.52769426E-02 0.61472056E-02 0.71345534E-02 0.82558278E-02 0.95354876E-02 0.11009458E-01 0.12730018E-01 0.14771798E-01 0.17238843E-01 0.20272342E-01 0.24057875E-01 0.28829750E-01 0.34868449E-01 0.42486112E-01 0.51995434E-01 0.63660749E-01 0.77636699E-01 0.93908399E-01 0.11225362E+00 0.13224678E+00
0.32402127E-04 0.40395301E-04 0.50049142E-04 0.61638396E-04 0.75473263E-04 0.91905367E-04 0.11133630E-03 0.13422987E-03 0.16112913E-03 0.19267970E-03 0.22966059E-03 0.27302374E-03 0.32394299E-03 0.38387244E-03 0.45461352E-03 0.53838617E-03 0.63790377E-03 0.75644102E-03 0.89788962E-03 0.10667914E-02 0.12683395E-02 0.15083400E-02 0.17931296E-02 0.21294542E-02 0.25243240E-02 0.29848764E-02 0.35183017E-02 0.41319056E-02 0.48334081E-02 0.56315925E-02 0.65374279E-02 0.75657772E-02 0.87377865E-02 0.10084023E-01 0.11648403E-01 0.13492909E-01 0.15703025E-01 0.18393550E-01 0.21714009E-01 0.25851998E-01 0.31031744E-01 0.37504228E-01 0.45525300E-01 0.55320081E-01 0.67036282E-01 0.80695125E-01 0.96154317E-01 0.11309919E+00
0.28701931E-04 0.35830151E-04 0.44456402E-04 0.54834006E-04 0.67250354E-04 0.82032640E-04 0.99555896E-04 0.12025425E-03 0.14463643E-03 0.17330670E-03 0.20699234E-03 0.24657882E-03 0.29315312E-03 0.34805547E-03 0.41293839E-03 0.48983188E-03 0.58120716E-03 0.69004173E-03 0.81986978E-03 0.97481583E-03 0.11596015E-02 0.13795187E-02 0.16403654E-02 0.19483472E-02 0.23099569E-02 0.27318589E-02 0.32208206E-02 0.37837545E-02 0.44279527E-02 0.51616084E-02 0.59947281E-02 0.69405285E-02 0.80173905E-02 0.92514153E-02 0.10679580E-01 0.12353448E-01 0.14343299E-01 0.16742388E-01 0.19670708E-01 0.23277092E-01 0.27737810E-01 0.33249118E-01 0.40011260E-01 0.48202519E-01 0.57944913E-01 0.69267615E-01 0.82079097E-01 0.96161144E-01
0.25288962E-04 0.31614159E-04 0.39284594E-04 0.48532899E-04 0.59624293E-04 0.72862107E-04 0.88595335E-04 0.10722905E-03 0.12923852E-03 0.15518807E-03 0.18575571E-03 0.22176434E-03 0.26422028E-03 0.31435909E-03 0.37369793E-03 0.44409364E-03 0.52780020E-03 0.62752757E-03 0.74648902E-03 0.88843486E-03 0.10576639E-02 0.12590069E-02 0.14977784E-02 0.17796994E-02 0.21107997E-02 0.24973225E-02 0.29456645E-02 0.34624048E-02 0.40544883E-02 0.47296445E-02 0.54971266E-02 0.63688516E-02 0.73609994E-02 0.84960986E-02 0.98055753E-02 0.11332681E-01 0.13135630E-01 0.15290627E-01 0.17894259E-01 0.21064353E-01 0.24937987E-01 0.29664975E-01 0.35395198E-01 0.42259130E-01 0.50343198E-01 0.59665505E-01 0.70161701E-01 0.81692595E-01
0.22165229E-04 0.27750641E-04 0.34538864E-04 0.42742714E-04 0.52606042E-04 0.64409043E-04 0.78475370E-04 0.95181783E-04 0.11497103E-03 0.13836890E-03 0.16600623E-03 0.19864676E-03 0.23722132E-03 0.28286841E-03 0.33698076E-03 0.40125681E-03 0.47775275E-03 0.56893542E-03 0.67772686E-03 0.80753767E-03 0.96228232E-03 0.11463714E-02 0.13646780E-02 0.16224784E-02 0.19253773E-02 0.22792308E-02 0.26900994E-02 0.31642700E-02 0.37084038E-02 0.43298752E-02 0.50373749E-02 0.58418438E-02 0.67577881E-02 0.78049922E-02 0.90105959E-02 0.10411428E-01 0.12056393E-01 0.14008582E-01 0.16346568E-01 0.19164158E-01 0.22567584E-01 0.26669017E-01 0.31575538E-01 0.37373721E-01 0.44112324E-01 0.51789414E-01 0.60354438E-01 0.69736482E-01
0.19327883E-04 0.24236914E-04 0.30217004E-04 0.37462147E-04 0.46195769E-04 0.56675821E-04 0.69201477E-04 0.84122082E-04 0.10184892E-03 0.12287062E-03 0.14777291E-03 0.17726341E-03 0.21220193E-03 0.25363651E-03 0.30284459E-03 0.36137846E-03 0.43111359E-03 0.51429317E-03 0.61357279E-03 0.73205154E-03 0.87329060E-03 0.10413129E-02 0.12405816E-02 0.14759583E-02 0.17526472E-02 0.20761389E-02 0.24521765E-02 0.28867790E-02 0.33863659E-02 0.39580395E-02 0.46100834E-02 0.53527370E-02 0.61992873E-02 0.71674908E-02 0.82812864E-02 0.95726813E-02 0.11083587E-01 0.12867244E-01 0.14988705E-01 0.17523670E-01 0.20554861E-01 0.24165148E-01 0.28427149E-01 0.33390301E-01 0.39069132E-01 0.45440779E-01 0.52464308E-01 0.60133587E-01
0.16769826E-04 0.21065019E-04 0.26310298E-04 0.32681925E-04 0.40383965E-04 0.49653153E-04 0.60765201E-04 0.74043090E-04 0.89867834E-04 0.10869240E-03 0.13105942E-03 0.15762323E-03 0.18917680E-03 0.22668349E-03 0.27131358E-03 0.32448443E-03 0.38790353E-03 0.46360909E-03 0.55401067E-03 0.66191964E-03 0.79056976E-03 0.94362278E-03 0.11251574E-02 0.13396424E-02 0.15918989E-02 0.18870629E-02 0.22305677E-02 0.26281730E-02 0.30860781E-02 0.36111653E-02 0.42114233E-02 0.48966004E-02 0.56791250E-02 0.65753027E-02 0.76067495E-02 0.88019408E-02 0.10197642E-01 0.11839839E-01 0.13783628E-01 0.16091365E-01 0.18828336E-01 0.22055407E-01 0.25818764E-01 0.30138558E-01 0.35001493E-01 0.40367598E-01 0.46206341E-01 0.52574845E-01
0.14480379E-04 0.18222514E-04 0.22804460E-04 0.28385908E-04 0.35152709E-04 0.43321528E-04 0.53145762E-04 0.64923230E-04 0.79006006E-04 0.95813003E-04 0.11584582E-03 0.13970838E-03 0.16813067E-03 0.20199684E-03 0.24237731E-03 0.29056429E-03 0.34810980E-03 0.41686249E-03 0.49900427E-03 0.59707968E-03 0.71401757E-03 0.85314137E-03 0.10181666E-02 0.12131867E-02 0.14426516E-02 0.17113481E-02 0.20243984E-02 0.23872991E-02 0.28060314E-02 0.32872802E-02 0.38388055E-02 0.44700060E-02 0.51927101E-02 0.60222006E-02 0.69784336E-02 0.80873325E-02 0.93819206E-02 0.10902901E-01 0.12698132E-01 0.14820291E-01 0.17322050E-01 0.20248308E-01 0.23625953E-01 0.27453540E-01 0.31697196E-01 0.36305043E-01 0.41257813E-01 0.46669474E-01
0.12445954E-04 0.15693293E-04 0.19680622E-04 0.24552253E-04 0.30477040E-04 0.37652799E-04 0.46311871E-04 0.56728229E-04 0.69226472E-04 0.84193184E-04 0.10209111E-03 0.12347658E-03 0.14902047E-03 0.17953287E-03 0.21599128E-03 0.25957182E-03 0.31168239E-03 0.37399692E-03 0.44848579E-03 0.53744605E-03 0.64352220E-03 0.76971999E-03 0.91941090E-03 0.10963285E-02 0.13045609E-02 0.15485473E-02 0.18330925E-02 0.21634170E-02 0.25452702E-02 0.29851363E-02 0.34905699E-02 0.40706953E-02 0.47369006E-02 0.55037301E-02 0.63899382E-02 0.74195898E-02 0.86229719E-02 0.10036931E-01 0.11704073E-01 0.13670139E-01 0.15978874E-01 0.18664042E-01 0.21739227E-01 0.25188250E-01 0.28963370E-01 0.33005066E-01 0.37302902E-01 0.42012015E-01
