Basic/Day4/qtaim/urea/molecule/pato/urea_mol_pl2d_pato.SURFKKIN
DSAA
 161 161
-0.75589045E+01  0.75589045E+01  0.94486307E-01
-0.75589045E+01  0.75589045E+01  0.94486307E-01
 0.00000000E+00  0.00000000E+00
[rows 0 to 20 of 161, columns 96 to 143 of 161]
-0.75200383E-07 -0.62037530E-07 -0.50574178E-07 -0.40741919E-07 -0.32433714E-07 -0.25515648E-07 -0.19837823E-07 -0.15243907E-07 -0.11578993E-07 -0.86956608E-08 -0.64582613E-08 -0.47455749E-08 -0.34520698E-08 -0.24880398E-08 -0.17789014E-08 -0.12639221E-08 -0.89461396E-09 -0.63298698E-09 -0.44980886E-09 -0.32297328E-09 -0.23603998E-09 -0.17697807E-09 -0.13711899E-09 -0.11030944E-09 -0.92243778E-10 -0.79950579E-10 -0.71406434E-10 -0.65251566E-10 -0.60584422E-10 -0.56815999E-10 -0.53568208E-10 -0.50604011E-10 -0.47779975E-10 -0.45014363E-10 -0.42265795E-10 -0.39518995E-10 -0.36775244E-10 -0.34045935E-10 -0.31348169E-10 -0.28701707E-10 -0.26126855E-10 -0.23642983E-10 -0.21267521E-10 -0.19015301E-10 -0.16898173E-10 -0.14924798E-10 -0.13100821E-10 -0.11428705E-10
-0.13512948E-06 -0.11158454E-06 -0.91054257E-07 -0.73423099E-07 -0.58506024E-07 -0.46069142E-07 -0.35849010E-07 -0.27569610E-07 -0.20956435E-07 -0.15747418E-07 -0.11700741E-07 -0.85997554E-08 -0.62554002E-08 -0.45066105E-08 -0.32191949E-08 -0.22836679E-08 -0.16124578E-08 -0.11368354E-08 -0.80383191E-09 -0.57333373E-09 -0.41547122E-09 -0.30836269E-09 -0.23622861E-09 -0.18786150E-09 -0.15541696E-09 -0.13348169E-09 -0.11837099E-09 -0.10761054E-09 -0.99561625E-10 -0.93154961E-10 -0.87704912E-10 -0.82781770E-10 -0.78125097E-10 -0.73585538E-10 -0.69086044E-10 -0.64596089E-10 -0.60114526E-10 -0.55658100E-10 -0.51253680E-10 -0.46932950E-10 -0.42728753E-10 -0.38672565E-10 -0.34792788E-10 -0.31113642E-10 -0.27654514E-10 -0.24429670E-10 -0.21448214E-10 -0.18714454E-10
-0.23920763E-06 -0.19773965E-06 -0.16153231E-06 -0.13039524E-06 -0.10401479E-06 -0.81989910E-07 -0.63865619E-07 -0.49162803E-07 -0.37403013E-07 -0.28127895E-07 -0.20913204E-07 -0.15377782E-07 -0.11188149E-07 -0.80595140E-08 -0.57540641E-08 -0.40773542E-08 -0.28735438E-08 -0.20200935E-08 -0.14223978E-08 -0.10086957E-08 -0.72547477E-09 -0.53348304E-09 -0.40438464E-09 -0.31803705E-09 -0.26033402E-09 -0.22153833E-09 -0.19502249E-09 -0.17633777E-09 -0.16253971E-09 -0.15170856E-09 -0.14261427E-09 -0.13448593E-09 -0.12685554E-09 -0.11945318E-09 -0.11213734E-09 -0.10484872E-09 -0.97579767E-10 -0.90354359E-10 -0.83214204E-10 -0.76209645E-10 -0.69393378E-10 -0.62816166E-10 -0.56523954E-10 -0.50556008E-10 -0.44943826E-10 -0.39710644E-10 -0.34871348E-10 -0.30433087E-10
-0.41709135E-06 -0.34519262E-06 -0.28232236E-06 -0.22817503E-06 -0.18223002E-06 -0.14381244E-06 -0.11215055E-06 -0.86426988E-07 -0.65821792E-07 -0.49546434E-07 -0.36868580E-07 -0.27128248E-07 -0.19746372E-07 -0.14227127E-07 -0.10155444E-07 -0.71911557E-08 -0.50610303E-08 -0.35497764E-08 -0.24908590E-08 -0.17577298E-08 -0.12558662E-08 -0.91583320E-09 -0.68744133E-09 -0.53497542E-09 -0.43340272E-09 -0.36543408E-09 -0.31929874E-09 -0.28709573E-09 -0.26359715E-09 -0.24539597E-09 -0.23030986E-09 -0.21697092E-09 -0.20454730E-09 -0.19255672E-09 -0.18074277E-09 -0.16899310E-09 -0.15728567E-09 -0.14565325E-09 -0.13415977E-09 -0.12288449E-09 -0.11191127E-09 -0.10132137E-09 -0.91188571E-10 -0.81576077E-10 -0.72534704E-10 -0.64102039E-10 -0.56302368E-10 -0.49147145E-10
-0.71623287E-06 -0.59353364E-06 -0.48606901E-06 -0.39336305E-06 -0.31457031E-06 -0.24857727E-06 -0.19409882E-06 -0.14976505E-06 -0.11419475E-06 -0.86053928E-07 -0.64099055E-07 -0.47205648E-07 -0.34384031E-07 -0.24784340E-07 -0.17693210E-07 -0.12524516E-07 -0.88063350E-08 -0.61659788E-08 -0.43145502E-08 -0.30320848E-08 -0.21539850E-08 -0.15591386E-08 -0.11598726E-08 -0.89371847E-09 -0.71684536E-09 -0.59895645E-09 -0.51941375E-09 -0.46436027E-09 -0.42462673E-09 -0.39423802E-09 -0.36936706E-09 -0.34761392E-09 -0.32751670E-09 -0.30822387E-09 -0.28927700E-09 -0.27046781E-09 -0.25174429E-09 -0.23314917E-09 -0.21477912E-09 -0.19675777E-09 -0.17921752E-09 -0.16228746E-09 -0.14608518E-09 -0.13071171E-09 -0.11624845E-09 -0.10275579E-09 -0.90272917E-10 -0.78818643E-10
-0.12110942E-05 -0.10050374E-05 -0.82424676E-06 -0.66800608E-06 -0.53497430E-06 -0.42335148E-06 -0.33103819E-06 -0.25577992E-06 -0.19529061E-06 -0.14735183E-06 -0.10988696E-06 -0.81011216E-07 -0.59060108E-07 -0.42599768E-07 -0.30423072E-07 -0.21535453E-07 -0.15134041E-07 -0.10583229E-07 -0.73891766E-08 -0.51750622E-08 -0.36583471E-08 -0.26307523E-08 -0.19412527E-08 -0.14820798E-08 -0.11775222E-08 -0.97519120E-09 -0.83937125E-09 -0.74606832E-09 -0.67939981E-09 -0.62901390E-09 -0.58827854E-09 -0.55303224E-09 -0.52073569E-09 -0.48990330E-09 -0.45972671E-09 -0.42982736E-09 -0.40009461E-09 -0.37057999E-09 -0.34142769E-09 -0.31282873E-09 -0.28499052E-09 -0.25811650E-09 -0.23239280E-09 -0.20797970E-09 -0.18500669E-09 -0.16357011E-09 -0.14373279E-09 -0.12552527E-09
-0.20161954E-05 -0.16757403E-05 -0.13764537E-05 -0.11173017E-05 -0.89621094E-06 -0.71033405E-06 -0.55630882E-06 -0.43049415E-06 -0.32917402E-06 -0.24872311E-06 -0.18573218E-06 -0.13709416E-06 -0.10005481E-06 -0.72233318E-07 -0.51618886E-07 -0.36549778E-07 -0.25680735E-07 -0.17943921E-07 -0.12507579E-07 -0.87355503E-08 -0.61497986E-08 -0.43972121E-08 -0.32212688E-08 -0.24386126E-08 -0.19202375E-08 -0.15767649E-08 -0.13471979E-08 -0.11905249E-08 -0.10795823E-08 -0.99665697E-09 -0.93039547E-09 -0.87366780E-09 -0.82211561E-09 -0.77317890E-09 -0.72545149E-09 -0.67825796E-09 -0.63137769E-09 -0.58486500E-09 -0.53893179E-09 -0.49387050E-09 -0.45000330E-09 -0.40764844E-09 -0.36709837E-09 -0.32860559E-09 -0.29237461E-09 -0.25855806E-09 -0.22725599E-09 -0.19851769E-09
-0.33040295E-05 -0.27507404E-05 -0.22633235E-05 -0.18403645E-05 -0.14787464E-05 -0.11740685E-05 -0.92105719E-06 -0.71394552E-06 -0.54680450E-06 -0.41381501E-06 -0.30947640E-06 -0.22875262E-06 -0.16716100E-06 -0.12081189E-06 -0.86408513E-07 -0.61217450E-07 -0.43019005E-07 -0.30046117E-07 -0.20918639E-07 -0.14578285E-07 -0.10227908E-07 -0.72773700E-08 -0.52970807E-08 -0.39794033E-08 -0.31075281E-08 -0.25310223E-08 -0.21470935E-08 -0.18865562E-08 -0.17035472E-08 -0.15681385E-08 -0.14611335E-08 -0.13704648E-08 -0.12887428E-08 -0.12116107E-08 -0.11366556E-08 -0.10626932E-08 -0.98930342E-09 -0.91652758E-09 -0.84467222E-09 -0.77418087E-09 -0.70554996E-09 -0.63927366E-09 -0.57580791E-09 -0.51554771E-09 -0.45881380E-09 -0.40584634E-09 -0.35680357E-09 -0.31176450E-09
-0.53288217E-05 -0.44446408E-05 -0.36639039E-05 -0.29848170E-05 -0.24028437E-05 -0.19113496E-05 -0.15022437E-05 -0.11665767E-05 -0.89506917E-06 -0.67855149E-06 -0.50830524E-06 -0.37630757E-06 -0.27538441E-06 -0.19928451E-06 -0.14268902E-06 -0.10117202E-06 -0.71127314E-07 -0.49675030E-07 -0.34559205E-07 -0.24045186E-07 -0.16822968E-07 -0.11920394E-07 -0.86281937E-08 -0.64374066E-08 -0.49886676E-08 -0.40322171E-08 -0.33971417E-08 -0.29682627E-08 -0.26691458E-08 -0.24498677E-08 -0.22783764E-08 -0.21345011E-08 -0.20058671E-08 -0.18851530E-08 -0.17682735E-08 -0.16531874E-08 -0.15391222E-08 -0.14260728E-08 -0.13144750E-08 -0.12049954E-08 -0.10983928E-08 -0.99542854E-09 -0.89680855E-09 -0.80314615E-09 -0.71494088E-09 -0.63256794E-09 -0.55627591E-09 -0.48619072E-09
-0.84567974E-05 -0.70678463E-05 -0.58382192E-05 -0.47659040E-05 -0.38445453E-05 -0.30644143E-05 -0.24133869E-05 -0.18778702E-05 -0.14436304E-05 -0.10964912E-05 -0.82288470E-06 -0.61025387E-06 -0.44731243E-06 -0.32418016E-06 -0.23241457E-06 -0.16496278E-06 -0.11605703E-06 -0.81075430E-07 -0.56385786E-07 -0.39186835E-07 -0.27357130E-07 -0.19318214E-07 -0.13915674E-07 -0.10319256E-07 -0.79415382E-08 -0.63735040E-08 -0.53347952E-08 -0.46362035E-08 -0.41520079E-08 -0.38000001E-08 -0.35273426E-08 -0.33007410E-08 -0.30997315E-08 -0.29121671E-08 -0.27312241E-08 -0.25534398E-08 -0.23774363E-08 -0.22030960E-08 -0.20310281E-08 -0.18622245E-08 -0.16978362E-08 -0.15390276E-08 -0.13868832E-08 -0.12423488E-08 -0.11061967E-08 -0.97900919E-09 -0.86117419E-09 -0.75289091E-09
-0.13202912E-04 -0.11058898E-04 -0.91553581E-05 -0.74905629E-05 -0.60560222E-05 -0.48379075E-05 -0.38185130E-05 -0.29776597E-05 -0.22939703E-05 -0.17459590E-05 -0.13129069E-05 -0.97551362E-06 -0.71633209E-06 -0.52000979E-06 -0.37336622E-06 -0.26534245E-06 -0.18685833E-06 -0.13061038E-06 -0.90839026E-07 -0.63087849E-07 -0.43971662E-07 -0.30964590E-07 -0.22214455E-07 -0.16385930E-07 -0.12532129E-07 -0.99923957E-08 -0.83130580E-08 -0.71874376E-08 -0.64114623E-08 -0.58515138E-08 -0.54216026E-08 -0.50674681E-08 -0.47556966E-08 -0.44663920E-08 -0.41883103E-08 -0.39156682E-08 -0.36460694E-08 -0.33791645E-08 -0.31157887E-08 -0.28574051E-08 -0.26057452E-08 -0.23625767E-08 -0.21295539E-08 -0.19081242E-08 -0.16994737E-08 -0.15044997E-08 -0.13238033E-08 -0.11576978E-08
-0.20272715E-04 -0.17022042E-04 -0.14126685E-04 -0.11586343E-04 -0.93903783E-05 -0.75198407E-05 -0.59496008E-05 -0.46504347E-05 -0.35909476E-05 -0.27392464E-05 -0.20643077E-05 -0.15370170E-05 -0.11308842E-05 -0.82246429E-06 -0.59152339E-06 -0.42100315E-06 -0.29683557E-06 -0.20765909E-06 -0.14447992E-06 -0.10031461E-06 -0.69840990E-07 -0.49075726E-07 -0.35089618E-07 -0.25765304E-07 -0.19597704E-07 -0.15534374E-07 -0.12851141E-07 -0.11057579E-07 -0.98268101E-08 -0.89444866E-08 -0.82724685E-08 -0.77234543E-08 -0.72435788E-08 -0.68006722E-08 -0.63764550E-08 -0.59614145E-08 -0.55514755E-08 -0.51458514E-08 -0.47456626E-08 -0.43530479E-08 -0.39705924E-08 -0.36009591E-08 -0.32466531E-08 -0.29098743E-08 -0.25924307E-08 -0.22956955E-08 -0.20205944E-08 -0.17676167E-08
-0.30606011E-04 -0.25767640E-04 -0.21442535E-04 -0.17634126E-04 -0.14330308E-04 -0.11506258E-04 -0.91274550E-05 -0.71527121E-05 -0.55370201E-05 -0.42340704E-05 -0.31983551E-05 -0.23867999E-05 -0.17599234E-05 -0.12825534E-05 -0.92415722E-06 -0.65885697E-06 -0.46520748E-06 -0.32581173E-06 -0.22684131E-06 -0.15751776E-06 -0.10959742E-06 -0.76890058E-07 -0.54829656E-07 -0.40106308E-07 -0.30361085E-07 -0.23940513E-07 -0.19704358E-07 -0.16878885E-07 -0.14947452E-07 -0.13570714E-07 -0.12529625E-07 -0.11685525E-07 -0.10952691E-07 -0.10279779E-07 -0.96374687E-08 -0.90103447E-08 -0.83916183E-08 -0.77797225E-08 -0.71761250E-08 -0.65839253E-08 -0.60069532E-08 -0.54491912E-08 -0.49144050E-08 -0.44059139E-08 -0.39264551E-08 -0.34781154E-08 -0.30623102E-08 -0.26797993E-08
-0.45416078E-04 -0.38350692E-04 -0.32008928E-04 -0.26402170E-04 -0.21518914E-04 -0.17328510E-04 -0.13785342E-04 -0.10833116E-04 -0.84089848E-05 -0.64472769E-05 -0.48826716E-05 -0.36527217E-05 -0.26997006E-05 -0.19718000E-05 -0.14237486E-05 -0.10169494E-05 -0.71924478E-06 -0.50441899E-06 -0.35153988E-06 -0.24422402E-06 -0.16989274E-06 -0.11906696E-06 -0.84731643E-07 -0.61786114E-07 -0.46584927E-07 -0.36566215E-07 -0.29959118E-07 -0.25559373E-07 -0.22561270E-07 -0.20434632E-07 -0.18836643E-07 -0.17549910E-07 -0.16439762E-07 -0.15425313E-07 -0.14460160E-07 -0.13519686E-07 -0.12592796E-07 -0.11676588E-07 -0.10772934E-07 -0.98862884E-08 -0.90222818E-08 -0.81868264E-08 -0.73855422E-08 -0.66234011E-08 -0.59045178E-08 -0.52320416E-08 -0.46081230E-08 -0.40339330E-08
-0.66214411E-04 -0.56099683E-04 -0.46978332E-04 -0.38877053E-04 -0.31789462E-04 -0.25680868E-04 -0.20493848E-04 -0.16154166E-04 -0.12576618E-04 -0.96704401E-05 -0.73440226E-05 -0.55087464E-05 -0.40818789E-05 -0.29885358E-05 -0.21627924E-05 -0.15480692E-05 -0.10969440E-05 -0.77054751E-06 -0.53769066E-06 -0.37385128E-06 -0.26012344E-06 -0.18220513E-06 -0.12947453E-06 -0.94183073E-07 -0.70776163E-07 -0.55339383E-07 -0.45160032E-07 -0.38389043E-07 -0.33786650E-07 -0.30535447E-07 -0.28105906E-07 -0.26161608E-07 -0.24493709E-07 -0.22976434E-07 -0.21537324E-07 -0.20137627E-07 -0.18759534E-07 -0.17397940E-07 -0.16055157E-07 -0.14737533E-07 -0.13453289E-07 -0.12211136E-07 -0.11019401E-07 -0.98854783E-08 -0.88155092E-08 -0.78142141E-08 -0.68848376E-08 -0.60291740E-08
-0.94806402E-04 -0.80624106E-04 -0.67765422E-04 -0.56284556E-04 -0.46188878E-04 -0.37444661E-04 -0.29984227E-04 -0.23713869E-04 -0.18521938E-04 -0.14286530E-04 -0.10882358E-04 -0.81864937E-05 -0.60828303E-05 -0.44652355E-05 -0.32394766E-05 -0.23240708E-05 -0.16502667E-05 -0.11613739E-05 -0.81165612E-06 -0.56497524E-06 -0.39334356E-06 -0.27550079E-06 -0.19559694E-06 -0.14202885E-06 -0.10645174E-06 -0.82967419E-07 -0.67477219E-07 -0.57180348E-07 -0.50194613E-07 -0.45276398E-07 -0.41618464E-07 -0.38706939E-07 -0.36222143E-07 -0.33971035E-07 -0.31841962E-07 -0.29774786E-07 -0.27741410E-07 -0.25733190E-07 -0.23752877E-07 -0.21809447E-07 -0.19914815E-07 -0.18081725E-07 -0.16322426E-07 -0.14647835E-07 -0.13067053E-07 -0.11587107E-07 -0.10212860E-07 -0.89470431E-08
-0.13324124E-03 -0.11378489E-03 -0.96035271E-04 -0.80090695E-04 -0.65987453E-04 -0.53703284E-04 -0.43166075E-04 -0.34264112E-04 -0.26856964E-04 -0.20786183E-04 -0.15885129E-04 -0.11987426E-04 -0.89337209E-05 -0.65766577E-05 -0.47841099E-05 -0.34408505E-05 -0.24489241E-05 -0.17270194E-05 -0.12091420E-05 -0.84286440E-06 -0.58738282E-06 -0.41156203E-06 -0.29209439E-06 -0.21185284E-06 -0.15847716E-06 -0.12320317E-06 -0.99922829E-07 -0.84451071E-07 -0.73968517E-07 -0.66608106E-07 -0.61155328E-07 -0.56835449E-07 -0.53165445E-07 -0.49852877E-07 -0.46727975E-07 -0.43698714E-07 -0.40721479E-07 -0.37782101E-07 -0.34883690E-07 -0.32038852E-07 -0.29264731E-07 -0.26579839E-07 -0.24002061E-07 -0.21547403E-07 -0.19229256E-07 -0.17058007E-07 -0.15040896E-07 -0.13182053E-07
-0.18368038E-03 -0.15761285E-03 -0.13365076E-03 -0.11197010E-03 -0.92664759E-04 -0.75740366E-04 -0.61133503E-04 -0.48721539E-04 -0.38336848E-04 -0.29781357E-04 -0.22840339E-04 -0.17294625E-04 -0.12930689E-04 -0.95483461E-05 -0.69660225E-05 -0.50238117E-05 -0.35846160E-05 -0.25337788E-05 -0.17776219E-05 -0.12412808E-05 -0.86617564E-06 -0.60738913E-06 -0.43114695E-06 -0.31253016E-06 -0.23348860E-06 -0.18118000E-06 -0.14662635E-06 -0.12365854E-06 -0.10810976E-06 -0.97213945E-07 -0.89167751E-07 -0.82818305E-07 -0.77445212E-07 -0.72611191E-07 -0.68061496E-07 -0.63657248E-07 -0.59331817E-07 -0.55062591E-07 -0.50852852E-07 -0.46720184E-07 -0.42689083E-07 -0.38786250E-07 -0.35037609E-07 -0.31466459E-07 -0.28092363E-07 -0.24930569E-07 -0.21991784E-07 -0.19282213E-07
-0.24818208E-03 -0.21413161E-03 -0.18254852E-03 -0.15373102E-03 -0.12786202E-03 -0.10501155E-03 -0.85152450E-04 -0.68165328E-04 -0.53864201E-04 -0.42013320E-04 -0.32346128E-04 -0.24582607E-04 -0.18444058E-04 -0.13664778E-04 -0.10000469E-04 -0.72335205E-05 -0.51755386E-05 -0.36676353E-05 -0.25790292E-05 -0.18045154E-05 -0.12612886E-05 -0.88551904E-06 -0.62898170E-06 -0.45594065E-06 -0.34040761E-06 -0.26382552E-06 -0.21317814E-06 -0.17949450E-06 -0.15669843E-06 -0.14074609E-06 -0.12899478E-06 -0.11975118E-06 -0.11195474E-06 -0.10496003E-06 -0.98389831E-07 -0.92037395E-07 -0.85802492E-07 -0.79649890E-07 -0.73582689E-07 -0.67625263E-07 -0.61812379E-07 -0.56182268E-07 -0.50772244E-07 -0.45615968E-07 -0.40741824E-07 -0.36172037E-07 -0.31922334E-07 -0.28001983E-07
-0.32834943E-03 -0.28510544E-03 -0.24454867E-03 -0.20716094E-03 -0.17327695E-03 -0.14308246E-03 -0.11662046E-03 -0.93815148E-04 -0.74479521E-04 -0.58351139E-04 -0.45114091E-04 -0.34423164E-04 -0.25925132E-04 -0.19276155E-04 -0.14154853E-04 -0.10271093E-04 -0.73708628E-05 -0.52378702E-05 -0.36926006E-05 -0.25895912E-05 -0.18136095E-05 -0.12753165E-05 -0.90686432E-06 -0.65774015E-06 -0.49105364E-06 -0.38036126E-06 -0.30704980E-06 -0.25824956E-06 -0.22521806E-06 -0.20212125E-06 -0.18513694E-06 -0.17181018E-06 -0.16059978E-06 -0.15056540E-06 -0.14115567E-06 -0.13206703E-06 -0.12315093E-06 -0.11435365E-06 -0.10567752E-06 -0.97156140E-07 -0.88838518E-07 -0.80779009E-07 -0.73030925E-07 -0.65642556E-07 -0.58654778E-07 -0.52099768E-07 -0.46000475E-07 -0.40370645E-07
-0.42484060E-03 -0.37164511E-03 -0.32105349E-03 -0.27381785E-03 -0.23050950E-03 -0.19150627E-03 -0.15699462E-03 -0.12698437E-03 -0.10133196E-03 -0.79776267E-04 -0.61962981E-04 -0.47484730E-04 -0.35908790E-04 -0.26802541E-04 -0.19753353E-04 -0.14382688E-04 -0.10354761E-04 -0.73804900E-05 -0.52176911E-05 -0.36685198E-05 -0.25751302E-05 -0.18143738E-05 -0.12922004E-05 -0.93823662E-06 -0.70085408E-06 -0.54289252E-06 -0.43809774E-06 -0.36825508E-06 -0.32095281E-06 -0.28788473E-06 -0.26359461E-06 -0.24456935E-06 -0.22859800E-06 -0.21432817E-06 -0.20096447E-06 -0.18806704E-06 -0.17541899E-06 -0.16293999E-06 -0.15063075E-06 -0.13853732E-06 -0.12672832E-06 -0.11528049E-06 -0.10426944E-06 -0.93763927E-07 -0.83822420E-07 -0.74491168E-07 -0.65803431E-07 -0.57779473E-07
