Basic/Day4/qtaim/urea/molecule/pato/urea_mol_pl2d_pato.SURFELFB
DSAA
 161 161
-0.75589045E+01  0.75589045E+01  0.94486307E-01
-0.75589045E+01  0.75589045E+01  0.94486307E-01
 0.00000000E+00  0.00000000E+00
[rows 66 to 87 of 161, columns 48 to 95 of 161]
0.48699415E+00 0.43472527E+00 0.39100761E+00 0.35538834E+00 0.32699249E+00 0.30501079E+00 0.28896899E+00 0.27879947E+00 0.27478371E+00 0.27743652E+00 0.28736872E+00 0.30511736E+00 0.33091018E+00 0.36436377E+00 0.40420455E+00 0.44818959E+00 0.49337875E+00 0.53671835E+00 0.57567738E+00 0.60864633E+00 0.63498552E+00 0.65480302E+00 0.66861105E+00 0.67698472E+00 0.68031707E+00 0.67875366E+00 0.67235747E+00 0.66146985E+00 0.64712283E+00 0.63128325E+00 0.61671978E+00 0.60641444E+00 0.60268708E+00 0.60641444E+00 0.61671978E+00 0.63128325E+00 0.64712283E+00 0.66146985E+00 0.67235747E+00 0.67875366E+00 0.68031707E+00 0.67698472E+00 0.66861105E+00 0.65480302E+00 0.63498552E+00 0.60864633E+00 0.57567738E+00 0.53671835E+00
0.54829404E+00 0.49795913E+00 0.45570982E+00 0.42104443E+00 0.39283970E+00 0.36997633E+00 0.35176245E+00 0.33810750E+00 0.32947683E+00 0.32671318E+00 0.33081875E+00 0.34274193E+00 0.36314770E+00 0.39212931E+00 0.42888024E+00 0.47146950E+00 0.51694240E+00 0.56185519E+00 0.60305720E+00 0.63832358E+00 0.66654159E+00 0.68744192E+00 0.70107025E+00 0.70723951E+00 0.70519171E+00 0.69367592E+00 0.67156496E+00 0.63894413E+00 0.59829727E+00 0.55503551E+00 0.51658503E+00 0.49019376E+00 0.48082651E+00 0.49019376E+00 0.51658503E+00 0.55503551E+00 0.59829727E+00 0.63894413E+00 0.67156496E+00 0.69367592E+00 0.70519171E+00 0.70723951E+00 0.70107025E+00 0.68744192E+00 0.66654159E+00 0.63832358E+00 0.60305720E+00 0.56185519E+00
0.60002332E+00 0.55272999E+00 0.51350457E+00 0.48175779E+00 0.45600152E+00 0.43459484E+00 0.41634910E+00 0.40088007E+00 0.38866541E+00 0.38085517E+00 0.37895518E+00 0.38449992E+00 0.39875343E+00 0.42239601E+00 0.45515557E+00 0.49546406E+00 0.54038809E+00 0.58608659E+00 0.62872895E+00 0.66538899E+00 0.69437775E+00 0.71485823E+00 0.72599228E+00 0.72604458E+00 0.71189907E+00 0.67947085E+00 0.62555306E+00 0.55129942E+00 0.46557407E+00 0.38363456E+00 0.31970228E+00 0.28080228E+00 0.26796018E+00 0.28080228E+00 0.31970228E+00 0.38363456E+00 0.46557407E+00 0.55129942E+00 0.62555306E+00 0.67947085E+00 0.71189907E+00 0.72604458E+00 0.72599228E+00 0.71485823E+00 0.69437775E+00 0.66538899E+00 0.62872895E+00 0.58608659E+00
0.64167422E+00 0.59787932E+00 0.56252029E+00 0.53493675E+00 0.51326035E+00 0.49524324E+00 0.47901903E+00 0.46364788E+00 0.44934580E+00 0.43737898E+00 0.42970998E+00 0.42854420E+00 0.43589312E+00 0.45316958E+00 0.48075807E+00 0.51756993E+00 0.56080720E+00 0.60630126E+00 0.64952099E+00 0.68672342E+00 0.71542577E+00 0.73381657E+00 0.73940698E+00 0.72759672E+00 0.69102453E+00 0.62128993E+00 0.51579785E+00 0.38867489E+00 0.27043039E+00 0.18540644E+00 0.13592506E+00 0.11213245E+00 0.10524072E+00 0.11213245E+00 0.13592506E+00 0.18540644E+00 0.27043039E+00 0.38867489E+00 0.51579785E+00 0.62128993E+00 0.69102453E+00 0.72759672E+00 0.73940698E+00 0.73381657E+00 0.71542577E+00 0.68672342E+00 0.64952099E+00 0.60630126E+00
0.67346898E+00 0.63333470E+00 0.60227988E+00 0.57957311E+00 0.56298733E+00 0.54968582E+00 0.53709267E+00 0.52358220E+00 0.50887045E+00 0.49405553E+00 0.48133568E+00 0.47350937E+00 0.47339764E+00 0.48328531E+00 0.50437914E+00 0.53625792E+00 0.57647117E+00 0.62070069E+00 0.66376003E+00 0.70094629E+00 0.72863595E+00 0.74341752E+00 0.74005514E+00 0.70928756E+00 0.63760300E+00 0.51506982E+00 0.35717251E+00 0.21361917E+00 0.12296547E+00 0.80294810E-01 0.64833553E-01 0.61543459E-01 0.61554743E-01 0.61543459E-01 0.64833553E-01 0.80294810E-01 0.12296547E+00 0.21361917E+00 0.35717251E+00 0.51506982E+00 0.63760300E+00 0.70928756E+00 0.74005514E+00 0.74341752E+00 0.72863595E+00 0.70094629E+00 0.66376003E+00 0.62070069E+00
0.69604429E+00 0.65977134E+00 0.63339096E+00 0.61603917E+00 0.60513301E+00 0.59731270E+00 0.58938566E+00 0.57908338E+00 0.56553017E+00 0.54940453E+00 0.53280883E+00 0.51886733E+00 0.51111072E+00 0.51276244E+00 0.52602380E+00 0.55138247E+00 0.58703890E+00 0.62882761E+00 0.67105701E+00 0.70793477E+00 0.73426182E+00 0.74425922E+00 0.72867305E+00 0.67179424E+00 0.55469895E+00 0.38088692E+00 0.20992016E+00 0.10586327E+00 0.65873078E-01 0.63292870E-01 0.86303418E-01 0.12308786E+00 0.14242874E+00 0.12308786E+00 0.86303418E-01 0.63292870E-01 0.65873078E-01 0.10586327E+00 0.20992016E+00 0.38088692E+00 0.55469895E+00 0.67179424E+00 0.72867305E+00 0.74425922E+00 0.73426182E+00 0.70793477E+00 0.67105701E+00 0.62882761E+00
0.71035809E+00 0.67845222E+00 0.65730193E+00 0.64577503E+00 0.64090013E+00 0.63887732E+00 0.63607494E+00 0.62977751E+00 0.61861177E+00 0.60272397E+00 0.58379287E+00 0.56485171E+00 0.54982576E+00 0.54278134E+00 0.54702457E+00 0.56420395E+00 0.59353369E+00 0.63142383E+00 0.67198768E+00 0.70832865E+00 0.73326867E+00 0.73791750E+00 0.70788934E+00 0.62029678E+00 0.45736682E+00 0.25860391E+00 0.11913057E+00 0.65238398E-01 0.68515792E-01 0.14279801E+00 0.34166793E+00 0.56655400E+00 0.64999923E+00 0.56655400E+00 0.34166793E+00 0.14279801E+00 0.68515792E-01 0.65238398E-01 0.11913057E+00 0.25860391E+00 0.45736682E+00 0.62029678E+00 0.70788934E+00 0.73791750E+00 0.73326867E+00 0.70832865E+00 0.67198768E+00 0.63142383E+00
0.71771711E+00 0.69115779E+00 0.67607938E+00 0.67089222E+00 0.67219442E+00 0.67585879E+00 0.67806029E+00 0.67594282E+00 0.66788800E+00 0.65357952E+00 0.63406668E+00 0.61183602E+00 0.59068514E+00 0.57517258E+00 0.56964794E+00 0.57710894E+00 0.59815277E+00 0.63027295E+00 0.66789521E+00 0.70325707E+00 0.72702104E+00 0.72670212E+00 0.68225013E+00 0.56468379E+00 0.36759132E+00 0.17466252E+00 0.77676725E-01 0.62521675E-01 0.14166428E+00 0.48219206E+00 0.85931358E+00 0.96403273E+00 0.97943347E+00 0.96403273E+00 0.85931358E+00 0.48219206E+00 0.14166428E+00 0.62521675E-01 0.77676725E-01 0.17466252E+00 0.36759132E+00 0.56468379E+00 0.68225013E+00 0.72670212E+00 0.72702104E+00 0.70325707E+00 0.66789521E+00 0.63027295E+00
0.71981859E+00 0.70006868E+00 0.69208553E+00 0.69363844E+00 0.70090692E+00 0.70962609E+00 0.71609472E+00 0.71768130E+00 0.71285558E+00 0.70105533E+00 0.68268944E+00 0.65936481E+00 0.63414320E+00 0.61144016E+00 0.59627649E+00 0.59299519E+00 0.60387065E+00 0.62800427E+00 0.66081349E+00 0.69426620E+00 0.71712693E+00 0.71334579E+00 0.65752526E+00 0.51672150E+00 0.30159871E+00 0.12795788E+00 0.63003367E-01 0.84562705E-01 0.33435981E+00 0.85546359E+00 0.98838836E+00 0.99876037E+00 0.99950396E+00 0.99876037E+00 0.98838836E+00 0.85546359E+00 0.33435981E+00 0.84562705E-01 0.63003367E-01 0.12795788E+00 0.30159871E+00 0.51672150E+00 0.65752526E+00 0.71334579E+00 0.71712693E+00 0.69426620E+00 0.66081349E+00 0.62800427E+00
0.71873121E+00 0.70751334E+00 0.70750594E+00 0.71575806E+00 0.72818466E+00 0.74070040E+00 0.75010488E+00 0.75434221E+00 0.75227399E+00 0.74335408E+00 0.72751995E+00 0.70542884E+00 0.67895389E+00 0.65159479E+00 0.62828830E+00 0.61433761E+00 0.61376566E+00 0.62771983E+00 0.65335774E+00 0.68331397E+00 0.70530373E+00 0.70044501E+00 0.63912738E+00 0.48585921E+00 0.26443953E+00 0.10649166E+00 0.59910547E-01 0.11847542E+00 0.54869954E+00 0.96071637E+00 0.99865682E+00 0.99994721E+00 0.99999119E+00 0.99994721E+00 0.99865682E+00 0.96071637E+00 0.54869954E+00 0.11847542E+00 0.59910547E-01 0.10649166E+00 0.26443953E+00 0.48585921E+00 0.63912738E+00 0.70044501E+00 0.70530373E+00 0.68331397E+00 0.65335774E+00 0.62771983E+00
0.71677602E+00 0.71558726E+00 0.72381759E+00 0.73794046E+00 0.75397706E+00 0.76846649E+00 0.77907865E+00 0.78457458E+00 0.78437936E+00 0.77815595E+00 0.76561653E+00 0.74667087E+00 0.72192869E+00 0.69341007E+00 0.66501375E+00 0.64212009E+00 0.63011185E+00 0.63235826E+00 0.64841603E+00 0.67269196E+00 0.69323817E+00 0.68982002E+00 0.63039675E+00 0.47701353E+00 0.25509454E+00 0.10129877E+00 0.59846214E-01 0.13406554E+00 0.62231536E+00 0.97583444E+00 0.99939911E+00 0.99998901E+00 0.99999988E+00 0.99998901E+00 0.99939911E+00 0.97583444E+00 0.62231536E+00 0.13406554E+00 0.59846214E-01 0.10129877E+00 0.25509454E+00 0.47701353E+00 0.63039675E+00 0.68982002E+00 0.69323817E+00 0.67269196E+00 0.64841603E+00 0.63235826E+00
0.71628481E+00 0.72573690E+00 0.74139618E+00 0.75961824E+00 0.77710342E+00 0.79147922E+00 0.80152446E+00 0.80687596E+00 0.80753032E+00 0.80343339E+00 0.79427787E+00 0.77955217E+00 0.75889499E+00 0.73278691E+00 0.70340296E+00 0.67505102E+00 0.65346971E+00 0.64388504E+00 0.64859538E+00 0.66478664E+00 0.68248560E+00 0.68215681E+00 0.63163065E+00 0.49060809E+00 0.27267374E+00 0.10985630E+00 0.60046423E-01 0.11381497E+00 0.52745038E+00 0.95569540E+00 0.99838134E+00 0.99992815E+00 0.99998629E+00 0.99992815E+00 0.99838134E+00 0.95569540E+00 0.52745038E+00 0.11381497E+00 0.60046423E-01 0.10985630E+00 0.27267374E+00 0.49060809E+00 0.63163065E+00 0.68215681E+00 0.68248560E+00 0.66478664E+00 0.64859538E+00 0.64388504E+00
0.71922049E+00 0.73843518E+00 0.75945161E+00 0.77924249E+00 0.79578000E+00 0.80806039E+00 0.81598043E+00 0.81995154E+00 0.82046577E+00 0.81776233E+00 0.81163722E+00 0.80142001E+00 0.78617256E+00 0.76519433E+00 0.73886899E+00 0.70960908E+00 0.68217569E+00 0.66256990E+00 0.65554993E+00 0.66167886E+00 0.67442605E+00 0.67716916E+00 0.64022365E+00 0.52282129E+00 0.31795161E+00 0.13627981E+00 0.64364120E-01 0.80008619E-01 0.30435343E+00 0.82903107E+00 0.98474749E+00 0.99823048E+00 0.99926322E+00 0.99823048E+00 0.98474749E+00 0.82903107E+00 0.30435343E+00 0.80008619E-01 0.64364120E-01 0.13627981E+00 0.31795161E+00 0.52282129E+00 0.64022365E+00 0.67716916E+00 0.67442605E+00 0.66167886E+00 0.65554993E+00 0.66256990E+00
0.72669399E+00 0.75305999E+00 0.77632985E+00 0.79483767E+00 0.80811982E+00 0.81646971E+00 0.82071212E+00 0.82192995E+00 0.82115022E+00 0.81902053E+00 0.81554184E+00 0.80996545E+00 0.80093596E+00 0.78690355E+00 0.76682103E+00 0.74111600E+00 0.71263242E+00 0.68669190E+00 0.66943725E+00 0.66467825E+00 0.67021701E+00 0.67418856E+00 0.65187374E+00 0.56561631E+00 0.38945405E+00 0.19072552E+00 0.82329482E-01 0.60925064E-01 0.12633379E+00 0.42979824E+00 0.82301383E+00 0.95077049E+00 0.97100532E+00 0.95077049E+00 0.82301383E+00 0.42979824E+00 0.12633379E+00 0.60925064E-01 0.82329482E-01 0.19072552E+00 0.38945405E+00 0.56561631E+00 0.65187374E+00 0.67418856E+00 0.67021701E+00 0.66467825E+00 0.66943725E+00 0.68669190E+00
0.73853322E+00 0.76803917E+00 0.78997548E+00 0.80431614E+00 0.81186723E+00 0.81377562E+00 0.81158529E+00 0.80726366E+00 0.80292055E+00 0.80018140E+00 0.79949958E+00 0.79984556E+00 0.79899806E+00 0.79427216E+00 0.78335003E+00 0.76508682E+00 0.74038749E+00 0.71292675E+00 0.68875993E+00 0.67395610E+00 0.67066569E+00 0.67280925E+00 0.66243288E+00 0.60846783E+00 0.47680207E+00 0.28336460E+00 0.13056069E+00 0.67514461E-01 0.64700825E-01 0.12486777E+00 0.29423421E+00 0.50295260E+00 0.58666656E+00 0.50295260E+00 0.29423421E+00 0.12486777E+00 0.64700825E-01 0.67514461E-01 0.13056069E+00 0.28336460E+00 0.47680207E+00 0.60846783E+00 0.66243288E+00 0.67280925E+00 0.67066569E+00 0.67395610E+00 0.68875993E+00 0.71292675E+00
0.75316549E+00 0.78120726E+00 0.79815234E+00 0.80497146E+00 0.80271566E+00 0.79263939E+00 0.77708613E+00 0.76004413E+00 0.74653711E+00 0.74083175E+00 0.74449637E+00 0.75555857E+00 0.76929332E+00 0.78016172E+00 0.78370230E+00 0.77746795E+00 0.76124013E+00 0.73730394E+00 0.71073508E+00 0.68844530E+00 0.67602877E+00 0.67319158E+00 0.66951196E+00 0.64240111E+00 0.56058767E+00 0.40716356E+00 0.23082505E+00 0.11441598E+00 0.67540345E-01 0.60689793E-01 0.78248964E-01 0.10824240E+00 0.12419978E+00 0.10824240E+00 0.78248964E-01 0.60689793E-01 0.67540345E-01 0.11441598E+00 0.23082505E+00 0.40716356E+00 0.56058767E+00 0.64240111E+00 0.66951196E+00 0.67319158E+00 0.67602877E+00 0.68844530E+00 0.71073508E+00 0.73730394E+00
0.76799576E+00 0.79015571E+00 0.79808605E+00 0.79193742E+00 0.77114473E+00 0.73619750E+00 0.69148780E+00 0.64647017E+00 0.61294433E+00 0.60017776E+00 0.61153307E+00 0.64348371E+00 0.68645275E+00 0.72815732E+00 0.75861258E+00 0.77307734E+00 0.77138451E+00 0.75613674E+00 0.73207226E+00 0.70609882E+00 0.68585627E+00 0.67588823E+00 0.67300711E+00 0.66337588E+00 0.62358504E+00 0.52929211E+00 0.38107920E+00 0.23006920E+00 0.13020103E+00 0.82537267E-01 0.64660786E-01 0.60060972E-01 0.59607221E-01 0.60060972E-01 0.64660786E-01 0.82537267E-01 0.13020103E+00 0.23006920E+00 0.38107920E+00 0.52929211E+00 0.62358504E+00 0.66337588E+00 0.67300711E+00 0.67588823E+00 0.68585627E+00 0.70609882E+00 0.73207226E+00 0.75613674E+00
0.78015562E+00 0.79235739E+00 0.78566792E+00 0.75633966E+00 0.69978316E+00 0.61699682E+00 0.52155402E+00 0.43632097E+00 0.37998310E+00 0.36025611E+00 0.37844673E+00 0.43328799E+00 0.51709439E+00 0.61086759E+00 0.69099482E+00 0.74324300E+00 0.76649419E+00 0.76633190E+00 0.74976864E+00 0.72444022E+00 0.69901864E+00 0.68139452E+00 0.67447664E+00 0.67242582E+00 0.66019444E+00 0.61782855E+00 0.53064603E+00 0.40643472E+00 0.28155640E+00 0.19004695E+00 0.13718157E+00 0.11203388E+00 0.10479152E+00 0.11203388E+00 0.13718157E+00 0.19004695E+00 0.28155640E+00 0.40643472E+00 0.53064603E+00 0.61782855E+00 0.66019444E+00 0.67242582E+00 0.67447664E+00 0.68139452E+00 0.69901864E+00 0.72444022E+00 0.74976864E+00 0.76633190E+00
0.78724388E+00 0.78518423E+00 0.75515406E+00 0.68580782E+00 0.56996124E+00 0.42439053E+00 0.29191083E+00 0.20392554E+00 0.15967828E+00 0.14650928E+00 0.15848817E+00 0.20109256E+00 0.28701869E+00 0.41779293E+00 0.56211390E+00 0.67577145E+00 0.74099236E+00 0.76520577E+00 0.76157748E+00 0.74118672E+00 0.71396251E+00 0.68976482E+00 0.67598981E+00 0.67349291E+00 0.67463147E+00 0.66552562E+00 0.63203273E+00 0.56749869E+00 0.47983175E+00 0.39024618E+00 0.31948889E+00 0.27685545E+00 0.26291854E+00 0.27685545E+00 0.31948889E+00 0.39024618E+00 0.47983175E+00 0.56749869E+00 0.63203273E+00 0.66552562E+00 0.67463147E+00 0.67349291E+00 0.67598981E+00 0.68976482E+00 0.71396251E+00 0.74118672E+00 0.76157748E+00 0.76520577E+00
0.78782177E+00 0.76637590E+00 0.70106729E+00 0.57293890E+00 0.39210537E+00 0.22524517E+00 0.12800349E+00 0.89588168E-01 0.80166895E-01 0.79672868E-01 0.80179078E-01 0.88784090E-01 0.12508542E+00 0.21897330E+00 0.38332030E+00 0.56334070E+00 0.68960201E+00 0.75065549E+00 0.76620605E+00 0.75472359E+00 0.72910602E+00 0.70051346E+00 0.67916212E+00 0.67105000E+00 0.67475866E+00 0.68181278E+00 0.68088249E+00 0.66346283E+00 0.62806118E+00 0.58139847E+00 0.53570455E+00 0.50312366E+00 0.49142992E+00 0.50312366E+00 0.53570455E+00 0.58139847E+00 0.62806118E+00 0.66346283E+00 0.68088249E+00 0.68181278E+00 0.67475866E+00 0.67105000E+00 0.67916212E+00 0.70051346E+00 0.72910602E+00 0.75472359E+00 0.76620605E+00 0.75065549E+00
0.78178249E+00 0.73550789E+00 0.62362414E+00 0.43264567E+00 0.22889554E+00 0.11129229E+00 0.79549086E-01 0.10277283E+00 0.16463686E+00 0.20495481E+00 0.16907558E+00 0.10622181E+00 0.79984923E-01 0.10808516E+00 0.22069822E+00 0.42191219E+00 0.61277997E+00 0.72245875E+00 0.76357885E+00 0.76436220E+00 0.74321438E+00 0.71278920E+00 0.68473676E+00 0.66858919E+00 0.66796730E+00 0.67913475E+00 0.69347877E+00 0.70233729E+00 0.70111618E+00 0.69061371E+00 0.67582028E+00 0.66333356E+00 0.65849769E+00 0.66333356E+00 0.67582028E+00 0.69061371E+00 0.70111618E+00 0.70233729E+00 0.69347877E+00 0.67913475E+00 0.66796730E+00 0.66858919E+00 0.68473676E+00 0.71278920E+00 0.74321438E+00 0.76436220E+00 0.76357885E+00 0.72245875E+00
0.77073222E+00 0.69608757E+00 0.53457257E+00 0.30394058E+00 0.13225892E+00 0.79586798E-01 0.13140657E+00 0.38633563E+00 0.71868413E+00 0.82416593E+00 0.73319567E+00 0.41164380E+00 0.14081639E+00 0.80043843E-01 0.12691345E+00 0.29281696E+00 0.52295831E+00 0.68438333E+00 0.75528080E+00 0.77042601E+00 0.75562592E+00 0.72566257E+00 0.69265415E+00 0.66812305E+00 0.65954889E+00 0.66736886E+00 0.68575199E+00 0.70637946E+00 0.72270556E+00 0.73216470E+00 0.73574092E+00 0.73615622E+00 0.73595730E+00 0.73615622E+00 0.73574092E+00 0.73216470E+00 0.72270556E+00 0.70637946E+00 0.68575199E+00 0.66736886E+00 0.65954889E+00 0.66812305E+00 0.69265415E+00 0.72566257E+00 0.75562592E+00 0.77042601E+00 0.75528080E+00 0.68438333E+00
