Basic/Day4/qtaim/urea/molecule/pato/urea_mol_pl2d_pato.SURFVIRI
DSAA
 161 161
-0.75589045E+01  0.75589045E+01  0.94486307E-01
-0.75589045E+01  0.75589045E+01  0.94486307E-01
 0.00000000E+00  0.00000000E+00
[rows 0 to 20 of 161, columns 94 to 140 of 161]
-0.24651937E-07 -0.20523776E-07 -0.16872430E-07 -0.13696805E-07 -0.10979755E-07 -0.86918595E-08 -0.67951705E-08 -0.52466803E-08 -0.40013385E-08 -0.30145135E-08 -0.22438613E-08 -0.16506172E-08 -0.12003685E-08 -0.86338944E-09 -0.61463241E-09 -0.43347081E-09 -0.30327954E-09 -0.21092800E-09 -0.14624401E-09 -0.10149150E-09 -0.70890536E-10 -0.50195691E-10 -0.36339356E-10 -0.27139636E-10 -0.21067883E-10 -0.17068487E-10 -0.14422481E-10 -0.12646613E-10 -0.11420183E-10 -0.10533056E-10 -0.98493761E-11 -0.92826580E-11 -0.87789499E-11 -0.83055872E-11 -0.78437580E-11 -0.73836176E-11 -0.69210823E-11 -0.64557179E-11 -0.59893356E-11 -0.55250458E-11 -0.50666098E-11 -0.46179902E-11 -0.41830383E-11 -0.37652779E-11 -0.33677626E-11 -0.29929887E-11 -0.26428523E-11
-0.46568628E-07 -0.38777578E-07 -0.31884489E-07 -0.25887772E-07 -0.20755545E-07 -0.16432727E-07 -0.12848077E-07 -0.99207322E-08 -0.75658928E-08 -0.56994704E-08 -0.42416237E-08 -0.31192097E-08 -0.22672553E-08 -0.16296035E-08 -0.11589094E-08 -0.81616496E-09 -0.56991542E-09 -0.39530755E-09 -0.27308116E-09 -0.18858479E-09 -0.13086983E-09 -0.91893913E-10 -0.65846386E-10 -0.48595368E-10 -0.37247411E-10 -0.29805900E-10 -0.24912378E-10 -0.21655025E-10 -0.19429803E-10 -0.17841764E-10 -0.16636180E-10 -0.15651296E-10 -0.14786413E-10 -0.13980613E-10 -0.13198732E-10 -0.12422170E-10 -0.11642902E-10 -0.10859557E-10 -0.10074835E-10 -0.92937867E-11 -0.85226473E-11 -0.77680397E-11 -0.70364231E-11 -0.63337185E-11 -0.56650610E-11 -0.50346507E-11 -0.44456787E-11
-0.86785833E-07 -0.72282265E-07 -0.59446362E-07 -0.48276118E-07 -0.38713142E-07 -0.30655786E-07 -0.23972209E-07 -0.18512501E-07 -0.14119263E-07 -0.10636266E-07 -0.79150436E-08 -0.58194842E-08 -0.42285956E-08 -0.30377359E-08 -0.21586309E-08 -0.15185100E-08 -0.10586633E-08 -0.73268108E-09 -0.50458323E-09 -0.34698973E-09 -0.23943492E-09 -0.16688319E-09 -0.11847074E-09 -0.86473297E-10 -0.65483333E-10 -0.51771317E-10 -0.42801730E-10 -0.36874522E-10 -0.32865081E-10 -0.30039354E-10 -0.27924839E-10 -0.26222102E-10 -0.24745061E-10 -0.23381209E-10 -0.22065462E-10 -0.20763075E-10 -0.19458558E-10 -0.18148463E-10 -0.16836678E-10 -0.15531315E-10 -0.14242627E-10 -0.12981604E-10 -0.11759005E-10 -0.10584712E-10 -0.94673045E-11 -0.84138021E-11 -0.74295409E-11
-0.15955052E-06 -0.13292000E-06 -0.10934364E-06 -0.88819636E-07 -0.71242652E-07 -0.56427821E-07 -0.44134599E-07 -0.34088981E-07 -0.26002893E-07 -0.19590099E-07 -0.14578344E-07 -0.10717824E-07 -0.77863207E-08 -0.55915107E-08 -0.39710495E-08 -0.27910237E-08 -0.19433335E-08 -0.13424825E-08 -0.92215643E-09 -0.63187092E-09 -0.43387771E-09 -0.30043694E-09 -0.21150252E-09 -0.15282114E-09 -0.11441589E-09 -0.89408004E-10 -0.73123586E-10 -0.62431378E-10 -0.55262287E-10 -0.50267653E-10 -0.46580755E-10 -0.43653259E-10 -0.41144872E-10 -0.38849950E-10 -0.36649285E-10 -0.34478727E-10 -0.32308881E-10 -0.30131977E-10 -0.27953358E-10 -0.25785908E-10 -0.23646356E-10 -0.21552804E-10 -0.19523053E-10 -0.17573486E-10 -0.15718342E-10 -0.13969277E-10 -0.12335155E-10
-0.28935164E-06 -0.24112371E-06 -0.19841143E-06 -0.16121512E-06 -0.12934770E-06 -0.10247778E-06 -0.80172739E-07 -0.61938798E-07 -0.47256087E-07 -0.35607470E-07 -0.26500599E-07 -0.19483334E-07 -0.14153144E-07 -0.10161395E-07 -0.72135925E-08 -0.50666553E-08 -0.35242395E-08 -0.24309670E-08 -0.16662569E-08 -0.11382688E-08 -0.77830292E-09 -0.53585751E-09 -0.37442861E-09 -0.26805754E-09 -0.19857399E-09 -0.15345233E-09 -0.12418488E-09 -0.10507538E-09 -0.92362971E-10 -0.83598980E-10 -0.77211777E-10 -0.72208415E-10 -0.67973369E-10 -0.64134776E-10 -0.60476682E-10 -0.56882049E-10 -0.53295998E-10 -0.49702152E-10 -0.46107391E-10 -0.42531947E-10 -0.39002896E-10 -0.35549844E-10 -0.32202043E-10 -0.28986475E-10 -0.25926612E-10 -0.23041687E-10 -0.20346326E-10
-0.51762960E-06 -0.43148633E-06 -0.35516527E-06 -0.28867388E-06 -0.23168496E-06 -0.18361315E-06 -0.14369143E-06 -0.11104251E-06 -0.84741347E-07 -0.63866660E-07 -0.47540419E-07 -0.34955558E-07 -0.25392953E-07 -0.18229275E-07 -0.12937600E-07 -0.90826908E-08 -0.63127578E-08 -0.43492369E-08 -0.29758228E-08 -0.20276787E-08 -0.13814428E-08 -0.94639317E-09 -0.65693233E-09 -0.46640197E-09 -0.34213908E-09 -0.26162830E-09 -0.20957989E-09 -0.17576085E-09 -0.15341923E-09 -0.13816255E-09 -0.12717444E-09 -0.11867748E-09 -0.11157082E-09 -0.10518949E-09 -0.99146676E-10 -0.93231457E-10 -0.87342983E-10 -0.81448336E-10 -0.75555478E-10 -0.69695812E-10 -0.63912819E-10 -0.58254584E-10 -0.52768854E-10 -0.47499765E-10 -0.42485766E-10 -0.37758376E-10 -0.33341575E-10
-0.91341267E-06 -0.76165905E-06 -0.62715278E-06 -0.50991980E-06 -0.40939673E-06 -0.32456468E-06 -0.25408319E-06 -0.19641562E-06 -0.14993905E-06 -0.11303511E-06 -0.84159690E-07 -0.61892093E-07 -0.44965283E-07 -0.32280087E-07 -0.22906589E-07 -0.16076109E-07 -0.11166901E-07 -0.76863035E-08 -0.52515240E-08 -0.35706807E-08 -0.24252159E-08 -0.16543232E-08 -0.11416831E-08 -0.80453347E-09 -0.58492488E-09 -0.44290813E-09 -0.35135638E-09 -0.29211869E-09 -0.25322390E-09 -0.22688897E-09 -0.20812753E-09 -0.19379524E-09 -0.18194599E-09 -0.17140433E-09 -0.16148544E-09 -0.15181386E-09 -0.14220713E-09 -0.13260145E-09 -0.12300421E-09 -0.11346360E-09 -0.10404891E-09 -0.94837697E-10 -0.85907371E-10 -0.77329662E-10 -0.69167136E-10 -0.61471110E-10 -0.54280643E-10
-0.15898674E-05 -0.13262079E-05 -0.10924107E-05 -0.88854438E-06 -0.71365427E-06 -0.56599275E-06 -0.44325086E-06 -0.34277512E-06 -0.26175830E-06 -0.19739716E-06 -0.14701397E-06 -0.10814242E-06 -0.78580884E-07 -0.56417681E-07 -0.40034151E-07 -0.28091211E-07 -0.19504928E-07 -0.13415788E-07 -0.91555016E-08 -0.62141690E-08 -0.42097580E-08 -0.28610332E-08 -0.19644675E-08 -0.13751934E-08 -0.99174542E-09 -0.74416237E-09 -0.58493571E-09 -0.48228002E-09 -0.41523726E-09 -0.37018752E-09 -0.33840993E-09 -0.31440875E-09 -0.29478423E-09 -0.27748286E-09 -0.26130658E-09 -0.24559546E-09 -0.23002430E-09 -0.21447309E-09 -0.19894467E-09 -0.18351210E-09 -0.16828501E-09 -0.15338762E-09 -0.13894461E-09 -0.12507179E-09 -0.11187030E-09 -0.99423149E-10 -0.87793548E-10
-0.27295652E-05 -0.22777852E-05 -0.18769849E-05 -0.15273252E-05 -0.12272137E-05 -0.97369719E-06 -0.76285557E-06 -0.59017193E-06 -0.45085885E-06 -0.34012863E-06 -0.25340229E-06 -0.18645770E-06 -0.13552195E-06 -0.97315980E-07 -0.69060800E-07 -0.48455483E-07 -0.33636007E-07 -0.23123145E-07 -0.15765927E-07 -0.10685569E-07 -0.72232337E-08 -0.48936301E-08 -0.33453708E-08 -0.23282288E-08 -0.16668789E-08 -0.12403998E-08 -0.96666440E-09 -0.79072437E-09 -0.67635355E-09 -0.60001618E-09 -0.54664830E-09 -0.50676124E-09 -0.47448717E-09 -0.44628148E-09 -0.42007356E-09 -0.39471814E-09 -0.36964418E-09 -0.34463174E-09 -0.31967058E-09 -0.29487031E-09 -0.27040307E-09 -0.24646658E-09 -0.22326030E-09 -0.20097000E-09 -0.17975810E-09 -0.15975803E-09 -0.14107140E-09
-0.46223085E-05 -0.38588532E-05 -0.31812082E-05 -0.25897218E-05 -0.20817817E-05 -0.16524710E-05 -0.12952304E-05 -0.10024805E-05 -0.76617196E-06 -0.57824246E-06 -0.43097090E-06 -0.31722950E-06 -0.23064200E-06 -0.16566111E-06 -0.11758114E-06 -0.82502369E-07 -0.57262850E-07 -0.39351324E-07 -0.26812282E-07 -0.18151564E-07 -0.12248203E-07 -0.82759750E-08 -0.56362821E-08 -0.39026327E-08 -0.27760661E-08 -0.20503163E-08 -0.15852566E-08 -0.12871208E-08 -0.10940909E-08 -0.96600971E-09 -0.87718125E-09 -0.81142467E-09 -0.75873594E-09 -0.71307085E-09 -0.67089459E-09 -0.63024501E-09 -0.59013395E-09 -0.55016752E-09 -0.51030602E-09 -0.47071209E-09 -0.43165425E-09 -0.39344510E-09 -0.35640172E-09 -0.32082017E-09 -0.28695962E-09 -0.25503311E-09 -0.22520297E-09
-0.77206280E-05 -0.64482765E-05 -0.53183328E-05 -0.43315128E-05 -0.34836011E-05 -0.27665342E-05 -0.21694954E-05 -0.16799482E-05 -0.12845503E-05 -0.96991552E-06 -0.72320612E-06 -0.53255602E-06 -0.38733810E-06 -0.27829699E-06 -0.19757361E-06 -0.13864874E-06 -0.96231724E-07 -0.66117000E-07 -0.45027020E-07 -0.30455518E-07 -0.20520819E-07 -0.13835049E-07 -0.93920512E-08 -0.64745385E-08 -0.45794532E-08 -0.33595649E-08 -0.25789036E-08 -0.20795336E-08 -0.17573193E-08 -0.15446149E-08 -0.13981398E-08 -0.12906447E-08 -0.12052843E-08 -0.11318787E-08 -0.10644684E-08 -0.99973487E-09 -0.93599288E-09 -0.87255159E-09 -0.80931202E-09 -0.74651311E-09 -0.68457103E-09 -0.62397698E-09 -0.56523176E-09 -0.50880419E-09 -0.45510518E-09 -0.40447267E-09 -0.35716428E-09
-0.12719531E-04 -0.10628347E-04 -0.87701702E-05 -0.71464125E-05 -0.57503867E-05 -0.45690672E-05 -0.35848774E-05 -0.27773777E-05 -0.21247662E-05 -0.16051297E-05 -0.11974215E-05 -0.88216163E-06 -0.64188302E-06 -0.46135611E-06 -0.32763513E-06 -0.22997059E-06 -0.15963040E-06 -0.10966708E-06 -0.74661421E-07 -0.50466072E-07 -0.33964787E-07 -0.22857401E-07 -0.15475228E-07 -0.10627913E-07 -0.74801436E-08 -0.54550683E-08 -0.41605114E-08 -0.33339055E-08 -0.28020907E-08 -0.24525717E-08 -0.22133729E-08 -0.20391815E-08 -0.19019855E-08 -0.17848529E-08 -0.16778617E-08 -0.15754723E-08 -0.14748514E-08 -0.13748110E-08 -0.12751408E-08 -0.11761889E-08 -0.10785965E-08 -0.98313072E-09 -0.89057763E-09 -0.80167489E-09 -0.71706979E-09 -0.63729500E-09 -0.56275671E-09
-0.20668645E-04 -0.17279154E-04 -0.14265528E-04 -0.11630463E-04 -0.93635310E-05 -0.74440110E-05 -0.58437587E-05 -0.45299293E-05 -0.34674028E-05 -0.26208132E-05 -0.19561376E-05 -0.14418417E-05 -0.10496133E-05 -0.75473721E-06 -0.53618107E-06 -0.37646210E-06 -0.26136425E-06 -0.17956589E-06 -0.12222781E-06 -0.82579299E-07 -0.55528772E-07 -0.37315041E-07 -0.25207490E-07 -0.17256902E-07 -0.12094591E-07 -0.87748449E-08 -0.66544070E-08 -0.53024410E-08 -0.44347323E-08 -0.38666026E-08 -0.34798804E-08 -0.32001669E-08 -0.29814659E-08 -0.27959676E-08 -0.26273611E-08 -0.24665196E-08 -0.23087468E-08 -0.21520372E-08 -0.19959826E-08 -0.18410860E-08 -0.16883303E-08 -0.15389063E-08 -0.13940407E-08 -0.12548865E-08 -0.11224571E-08 -0.99758651E-09 -0.88091118E-09
-0.33126384E-04 -0.27708496E-04 -0.22888350E-04 -0.18670937E-04 -0.15040290E-04 -0.11963948E-04 -0.93975100E-05 -0.72889569E-05 -0.55825214E-05 -0.42219306E-05 -0.31529559E-05 -0.23252597E-05 -0.16935858E-05 -0.12183779E-05 -0.86593419E-06 -0.60820904E-06 -0.42237306E-06 -0.29022650E-06 -0.19754634E-06 -0.13342792E-06 -0.89663646E-07 -0.60185477E-07 -0.40584562E-07 -0.27711387E-07 -0.19352959E-07 -0.13979241E-07 -0.10548973E-07 -0.83644256E-08 -0.69651501E-08 -0.60518711E-08 -0.54330526E-08 -0.49880907E-08 -0.46424130E-08 -0.43509185E-08 -0.40871350E-08 -0.38362210E-08 -0.35905022E-08 -0.33466530E-08 -0.31039262E-08 -0.28630451E-08 -0.26255094E-08 -0.23931575E-08 -0.21678914E-08 -0.19515029E-08 -0.17455678E-08 -0.15513842E-08 -0.13699425E-08
-0.52366911E-04 -0.43826565E-04 -0.36223347E-04 -0.29566264E-04 -0.23831317E-04 -0.18968442E-04 -0.14908623E-04 -0.11570670E-04 -0.88672917E-05 -0.67102157E-05 -0.50142198E-05 -0.37000700E-05 -0.26964271E-05 -0.19408542E-05 -0.13800880E-05 -0.96975236E-06 -0.67368408E-06 -0.46302276E-06 -0.31519118E-06 -0.21286271E-06 -0.14298409E-06 -0.95896282E-07 -0.64575483E-07 -0.44000256E-07 -0.30639745E-07 -0.22051146E-07 -0.16571026E-07 -0.13084170E-07 -0.10854297E-07 -0.94026821E-08 -0.84228600E-08 -0.77218183E-08 -0.71801891E-08 -0.67257564E-08 -0.63161046E-08 -0.59274155E-08 -0.55473243E-08 -0.51704097E-08 -0.47953645E-08 -0.44232271E-08 -0.40562754E-08 -0.36973326E-08 -0.33493304E-08 -0.30150360E-08 -0.26968847E-08 -0.23968833E-08 -0.21165636E-08
-0.81649745E-04 -0.68375005E-04 -0.56547322E-04 -0.46183874E-04 -0.37249277E-04 -0.29667528E-04 -0.23332949E-04 -0.18120659E-04 -0.13895984E-04 -0.10522412E-04 -0.78678944E-05 -0.58094520E-05 -0.42361878E-05 -0.30509058E-05 -0.21705814E-05 -0.15259566E-05 -0.10605248E-05 -0.72913959E-06 -0.49644555E-06 -0.33528191E-06 -0.22516679E-06 -0.15093018E-06 -0.10153118E-06 -0.69069956E-07 -0.47987393E-07 -0.34434715E-07 -0.25789393E-07 -0.20292186E-07 -0.16781039E-07 -0.14500075E-07 -0.12965237E-07 -0.11871582E-07 -0.11030472E-07 -0.10327746E-07 -0.96963130E-08 -0.90984517E-08 -0.85145180E-08 -0.79358213E-08 -0.73601573E-08 -0.67890187E-08 -0.62258533E-08 -0.56749736E-08 -0.51408728E-08 -0.46277979E-08 -0.41394887E-08 -0.36790285E-08 -0.32487711E-08
-0.12556735E-03 -0.10521681E-03 -0.87072390E-04 -0.71162550E-04 -0.57434084E-04 -0.45774967E-04 -0.36025811E-04 -0.27997334E-04 -0.21484741E-04 -0.16279919E-04 -0.12181139E-04 -0.90001821E-05 -0.65670493E-05 -0.47325188E-05 -0.33689478E-05 -0.23697190E-05 -0.16477363E-05 -0.11333319E-05 -0.77188570E-06 -0.52139233E-06 -0.35014344E-06 -0.23463130E-06 -0.15773100E-06 -0.10717889E-06 -0.74338038E-07 -0.53224223E-07 -0.39757001E-07 -0.31197415E-07 -0.25735252E-07 -0.22192462E-07 -0.19814331E-07 -0.18125248E-07 -0.16830912E-07 -0.15753162E-07 -0.14787243E-07 -0.13874198E-07 -0.12983254E-07 -0.12100709E-07 -0.11222962E-07 -0.10352169E-07 -0.94935324E-08 -0.86536081E-08 -0.78392424E-08 -0.70569139E-08 -0.63123301E-08 -0.56101976E-08 -0.49541104E-08
-0.19046708E-03 -0.15970392E-03 -0.13225328E-03 -0.10816187E-03 -0.87357755E-04 -0.69675096E-04 -0.54875195E-04 -0.42676906E-04 -0.32773284E-04 -0.24851569E-04 -0.18607916E-04 -0.13758285E-04 -0.10045682E-04 -0.72441661E-05 -0.51601854E-05 -0.36318461E-05 -0.25267242E-05 -0.17387629E-05 -0.11847149E-05 -0.80048799E-06 -0.53764931E-06 -0.36025575E-06 -0.24209825E-06 -0.16439059E-06 -0.11389088E-06 -0.81416894E-07 -0.60702938E-07 -0.47540361E-07 -0.39145914E-07 -0.33707343E-07 -0.30063096E-07 -0.27480897E-07 -0.25507475E-07 -0.23868346E-07 -0.22402057E-07 -0.21017679E-07 -0.19667677E-07 -0.18330793E-07 -0.17001315E-07 -0.15682384E-07 -0.14381833E-07 -0.13109576E-07 -0.11875987E-07 -0.10690889E-07 -0.95629390E-08 -0.84992760E-08 -0.75053518E-08
-0.28496029E-03 -0.23910317E-03 -0.19814788E-03 -0.16217234E-03 -0.13107761E-03 -0.10462301E-03 -0.82462667E-04 -0.64181624E-04 -0.49324977E-04 -0.37430712E-04 -0.28047626E-04 -0.20753053E-04 -0.15163870E-04 -0.10942683E-04 -0.78000120E-05 -0.54933730E-05 -0.38241507E-05 -0.26330697E-05 -0.17949561E-05 -0.12133251E-05 -0.81518482E-06 -0.54630884E-06 -0.36711647E-06 -0.24920997E-06 -0.17255448E-06 -0.12324568E-06 -0.91788181E-07 -0.71799316E-07 -0.59055346E-07 -0.50804461E-07 -0.45281999E-07 -0.41374989E-07 -0.38394267E-07 -0.35922373E-07 -0.33713687E-07 -0.31629819E-07 -0.29598371E-07 -0.27586893E-07 -0.25586563E-07 -0.23602021E-07 -0.21645024E-07 -0.19730500E-07 -0.17874080E-07 -0.16090569E-07 -0.14393015E-07 -0.12792177E-07 -0.11296274E-07
-0.42050212E-03 -0.35309791E-03 -0.29284134E-03 -0.23986037E-03 -0.19402298E-03 -0.15498783E-03 -0.12225733E-03 -0.95229372E-04 -0.73245464E-04 -0.55626912E-04 -0.41715052E-04 -0.30889722E-04 -0.22587676E-04 -0.16312013E-04 -0.11635699E-04 -0.82004800E-05 -0.57124920E-05 -0.39357560E-05 -0.26845789E-05 -0.18156523E-05 -0.12204358E-05 -0.81820478E-06 -0.54997533E-06 -0.37338655E-06 -0.25852435E-06 -0.18460985E-06 -0.13744112E-06 -0.10746454E-06 -0.88353527E-07 -0.75983617E-07 -0.67708441E-07 -0.61858145E-07 -0.57398345E-07 -0.53702292E-07 -0.50401156E-07 -0.47287111E-07 -0.44251427E-07 -0.41245363E-07 -0.38255662E-07 -0.35289262E-07 -0.32363784E-07 -0.29501599E-07 -0.26726130E-07 -0.24059555E-07 -0.21521417E-07 -0.19127834E-07 -0.16891112E-07
-0.61202073E-03 -0.51433196E-03 -0.42691063E-03 -0.34996419E-03 -0.28332294E-03 -0.22651203E-03 -0.17882745E-03 -0.13941040E-03 -0.10731550E-03 -0.81569764E-04 -0.61220854E-04 -0.45370313E-04 -0.33202828E-04 -0.23996638E-04 -0.17130390E-04 -0.12081970E-04 -0.84224533E-05 -0.58069189E-05 -0.39635799E-05 -0.26824181E-05 -0.18041758E-05 -0.12102721E-05 -0.81396824E-06 -0.55290582E-06 -0.38300604E-06 -0.27362264E-06 -0.20379141E-06 -0.15939829E-06 -0.13108974E-06 -0.11276380E-06 -0.10050296E-06 -0.91834017E-07 -0.85224361E-07 -0.79745123E-07 -0.74849647E-07 -0.70229970E-07 -0.65725094E-07 -0.61262992E-07 -0.56824256E-07 -0.52419424E-07 -0.48074851E-07 -0.43823908E-07 -0.39701497E-07 -0.35740645E-07 -0.31970446E-07 -0.28414885E-07 -0.25092277E-07
