Basic/Day4/qtaim/urea/molecule/pato/urea_mol_pl2d_pato.SURFGKIN
DSAA
 161 161
-0.75589045E+01  0.75589045E+01  0.94486307E-01
-0.75589045E+01  0.75589045E+01  0.94486307E-01
 0.00000000E+00  0.00000000E+00
[rows 22 to 43 of 161, columns 0 to 47 of 161]
0.61607207E-08 0.78237536E-08 0.98725127E-08 0.12378680E-07 0.15422703E-07 0.19093770E-07 0.23489497E-07 0.28715244E-07 0.34883030E-07 0.42109991E-07 0.50516347E-07 0.60222861E-07 0.71347805E-07 0.84003447E-07 0.98292123E-07 0.11430199E-06 0.13210260E-06 0.15174038E-06 0.17323439E-06 0.19657235E-06 0.22170750E-06 0.24855641E-06 0.27699830E-06 0.30687641E-06 0.33800223E-06 0.37016370E-06 0.40313930E-06 0.43672088E-06 0.47074995E-06 0.50517474E-06 0.54013988E-06 0.57612680E-06 0.61417241E-06 0.65620722E-06 0.70557237E-06 0.76780004E-06 0.85177335E-06 0.97142092E-06 0.11481469E-05 0.14142465E-05 0.18176055E-05 0.24280210E-05 0.33455005E-05 0.47108783E-05 0.67190199E-05 0.96347451E-05 0.13811370E-04 0.19711440E-04
0.87645023E-08 0.11126119E-07 0.14034210E-07 0.17589987E-07 0.21906947E-07 0.27110828E-07 0.33339129E-07 0.40740130E-07 0.49471336E-07 0.59697281E-07 0.71586640E-07 0.85308642E-07 0.10102878E-06 0.11890387E-06 0.13907654E-06 0.16166924E-06 0.18677807E-06 0.21446650E-06 0.24475938E-06 0.27763750E-06 0.31303318E-06 0.35082731E-06 0.39084847E-06 0.43287494E-06 0.47664064E-06 0.52184677E-06 0.56818154E-06 0.61535224E-06 0.66313594E-06 0.71145928E-06 0.76052360E-06 0.81100047E-06 0.86433591E-06 0.92321963E-06 0.99230126E-06 0.10792689E-05 0.11964480E-05 0.13631309E-05 0.16089074E-05 0.19783305E-05 0.25373120E-05 0.33816900E-05 0.46484251E-05 0.65298483E-05 0.92912750E-05 0.13292094E-04 0.19010112E-04 0.27068491E-04
0.12385636E-07 0.15716738E-07 0.19816783E-07 0.24827678E-07 0.30908435E-07 0.38235068E-07 0.46999887E-07 0.57410095E-07 0.69685564E-07 0.84055736E-07 0.10075555E-06 0.12002040E-06 0.14208014E-06 0.16715214E-06 0.19543363E-06 0.22709337E-06 0.26226302E-06 0.30102850E-06 0.34342165E-06 0.38941276E-06 0.43890452E-06 0.49172802E-06 0.54764159E-06 0.60633370E-06 0.66743137E-06 0.73051634E-06 0.79515258E-06 0.86093066E-06 0.92753801E-06 0.99486909E-06 0.10631979E-05 0.11334473E-05 0.12076066E-05 0.12893750E-05 0.13851414E-05 0.15054561E-05 0.16672066E-05 0.18967794E-05 0.22345658E-05 0.27412519E-05 0.35064087E-05 0.46599493E-05 0.63870293E-05 0.89469040E-05 0.12696090E-04 0.18115887E-04 0.25843849E-04 0.36708198E-04
0.17386257E-07 0.22053246E-07 0.27794843E-07 0.34808631E-07 0.43315826E-07 0.53561086E-07 0.65811478E-07 0.80354472E-07 0.97494802E-07 0.11755010E-06 0.14084520E-06 0.16770513E-06 0.19844671E-06 0.23336898E-06 0.27274253E-06 0.31679805E-06 0.36571439E-06 0.41960669E-06 0.47851490E-06 0.54239365E-06 0.61110394E-06 0.68440776E-06 0.76196671E-06 0.84334607E-06 0.92802653E-06 0.10154265E-05 0.11049402E-05 0.11959980E-05 0.12881631E-05 0.13812820E-05 0.14757191E-05 0.15727233E-05 0.16749947E-05 0.17875558E-05 0.19190749E-05 0.20838492E-05 0.23047288E-05 0.26173530E-05 0.30761675E-05 0.37627954E-05 0.47974229E-05 0.63539181E-05 0.86793943E-05 0.12118824E-04 0.17145064E-04 0.24394244E-04 0.34705823E-04 0.49165813E-04
0.24243319E-07 0.30737986E-07 0.38724199E-07 0.48475140E-07 0.60296407E-07 0.74525673E-07 0.91531189E-07 0.11170893E-06 0.13547820E-06 0.16327551E-06 0.19554671E-06 0.23273721E-06 0.27528043E-06 0.32358458E-06 0.37801799E-06 0.43889341E-06 0.50645167E-06 0.58084544E-06 0.66212366E-06 0.75021779E-06 0.84493056E-06 0.94592884E-06 0.10527419E-05 0.11647674E-05 0.12812870E-05 0.14014978E-05 0.15245630E-05 0.16496953E-05 0.17762866E-05 0.19041113E-05 0.20336429E-05 0.21665461E-05 0.23064367E-05 0.24600465E-05 0.26389894E-05 0.28623998E-05 0.31608128E-05 0.35817682E-05 0.41977445E-05 0.51171551E-05 0.64992447E-05 0.85737768E-05 0.11666376E-04 0.16230214E-04 0.22884392E-04 0.32458764E-04 0.46044131E-04 0.65045615E-04
0.33579795E-07 0.42557162E-07 0.53590670E-07 0.67055392E-07 0.83370524E-07 0.10299882E-06 0.12644444E-06 0.15424890E-06 0.18698495E-06 0.22524814E-06 0.26964584E-06 0.32078389E-06 0.37925071E-06 0.44559918E-06 0.52032670E-06 0.60385371E-06 0.69650160E-06 0.79847061E-06 0.90981891E-06 0.10304440E-05 0.11600678E-05 0.12982271E-05 0.14442716E-05 0.15973720E-05 0.17565423E-05 0.19206807E-05 0.20886398E-05 0.22593373E-05 0.24319302E-05 0.26060863E-05 0.27824054E-05 0.29630725E-05 0.31528649E-05 0.33606912E-05 0.36019176E-05 0.39018365E-05 0.43007504E-05 0.48612970E-05 0.56787602E-05 0.68953585E-05 0.87194642E-05 0.11450912E-04 0.15513385E-04 0.21494675E-04 0.30195019E-04 0.42683074E-04 0.60357820E-04 0.85013311E-04
0.46202547E-07 0.58528320E-07 0.73669223E-07 0.92136618E-07 0.11450148E-06 0.14139349E-06 0.17349792E-06 0.21155001E-06 0.25632645E-06 0.30863373E-06 0.36929316E-06 0.43912256E-06 0.51891464E-06 0.60941239E-06 0.71128204E-06 0.82508404E-06 0.95124329E-06 0.10900195E-05 0.12414789E-05 0.14054700E-05 0.15816033E-05 0.17692389E-05 0.19674846E-05 0.21752070E-05 0.23910609E-05 0.26135459E-05 0.28410988E-05 0.30722409E-05 0.33058096E-05 0.35413203E-05 0.37795037E-05 0.40231882E-05 0.42786012E-05 0.45573823E-05 0.48796112E-05 0.52783097E-05 0.58060219E-05 0.65442576E-05 0.76167710E-05 0.92078233E-05 0.11586709E-04 0.15139858E-04 0.20411691E-04 0.28155036E-04 0.39391227E-04 0.55478932E-04 0.78189298E-04 0.10978313E-03
0.63147754E-07 0.79957211E-07 0.10059468E-06 0.12575244E-06 0.15620272E-06 0.19279625E-06 0.23645782E-06 0.28817846E-06 0.34900372E-06 0.42001772E-06 0.50232275E-06 0.59701438E-06 0.70515226E-06 0.82772698E-06 0.96562353E-06 0.11195826E-05 0.12901606E-05 0.14776900E-05 0.16822427E-05 0.19035962E-05 0.21412086E-05 0.23942023E-05 0.26613613E-05 0.29411468E-05 0.32317375E-05 0.35311086E-05 0.38371367E-05 0.41478190E-05 0.44615600E-05 0.47776429E-05 0.50969505E-05 0.54230775E-05 0.57640338E-05 0.61348353E-05 0.65613984E-05 0.70863114E-05 0.77772470E-05 0.87389947E-05 0.10130318E-04 0.12187050E-04 0.15252967E-04 0.19819996E-04 0.26579072E-04 0.36482467E-04 0.50817425E-04 0.71289597E-04 0.10011280E-03 0.14009934E-03
0.85734660E-07 0.10850498E-06 0.13644512E-06 0.17048573E-06 0.21166385E-06 0.26112064E-06 0.32009518E-06 0.38991359E-06 0.47197304E-06 0.56772000E-06 0.67862272E-06 0.80613766E-06 0.95167026E-06 0.11165305E-05 0.13018843E-05 0.15087019E-05 0.17377046E-05 0.19893130E-05 0.22635975E-05 0.25602357E-05 0.28784786E-05 0.32171301E-05 0.35745492E-05 0.39486537E-05 0.43369984E-05 0.47368577E-05 0.51453898E-05 0.55598901E-05 0.59781830E-05 0.63992252E-05 0.68240342E-05 0.72571126E-05 0.77086258E-05 0.81977031E-05 0.87573850E-05 0.94419344E-05 0.10337460E-04 0.11577058E-04 0.13361956E-04 0.15990349E-04 0.19895789E-04 0.25696896E-04 0.34259868E-04 0.46774495E-04 0.64843170E-04 0.90580538E-04 0.12671902E-03 0.17671251E-03
0.11562831E-06 0.14626643E-06 0.18383892E-06 0.22958807E-06 0.28489666E-06 0.35128451E-06 0.43039983E-06 0.52400423E-06 0.63395094E-06 0.76215556E-06 0.91055894E-06 0.10810824E-05 0.12755751E-05 0.14957557E-05 0.17431469E-05 0.20190080E-05 0.23242650E-05 0.26594418E-05 0.30245966E-05 0.34192659E-05 0.38424275E-05 0.42924522E-05 0.47671324E-05 0.52636925E-05 0.57788634E-05 0.63090112E-05 0.68503457E-05 0.73992470E-05 0.79527682E-05 0.85094058E-05 0.90702806E-05 0.96409428E-05 0.10234122E-04 0.10873884E-04 0.11601842E-04 0.12486304E-04 0.13635530E-04 0.15216559E-04 0.17481392E-04 0.20802581E-04 0.25720348E-04 0.33003300E-04 0.43724271E-04 0.59351832E-04 0.81856414E-04 0.11382761E-03 0.15859624E-03 0.22035107E-03
0.15491166E-06 0.19585988E-06 0.24604585E-06 0.30711619E-06 0.38090160E-06 0.46941177E-06 0.57482320E-06 0.69945890E-06 0.84575888E-06 0.10162409E-05 0.12134510E-05 0.14399038E-05 0.16980134E-05 0.19900152E-05 0.23178813E-05 0.26832311E-05 0.30872401E-05 0.35305561E-05 0.40131987E-05 0.45345112E-05 0.50930914E-05 0.56867625E-05 0.63125724E-05 0.69668326E-05 0.76452111E-05 0.83428991E-05 0.90548789E-05 0.97763412E-05 0.10503324E-04 0.11233684E-04 0.11968585E-04 0.12714757E-04 0.13487930E-04 0.14318005E-04 0.15256761E-04 0.16389169E-04 0.17849729E-04 0.19845602E-04 0.22688658E-04 0.26838838E-04 0.32961317E-04 0.41999727E-04 0.55267025E-04 0.74554251E-04 0.10225535E-03 0.14150329E-03 0.19630890E-03 0.27169161E-03
0.20616717E-06 0.26052850E-06 0.32711217E-06 0.40808534E-06 0.50585448E-06 0.62305792E-06 0.76254901E-06 0.92736852E-06 0.11207051E-05 0.13458430E-05 0.16060964E-05 0.19047308E-05 0.22448717E-05 0.26294030E-05 0.30608559E-05 0.35412978E-05 0.40721974E-05 0.46543327E-05 0.52876712E-05 0.59712813E-05 0.67032640E-05 0.74807128E-05 0.82997152E-05 0.91554055E-05 0.10042086E-04 0.10953440E-04 0.11882877E-04 0.12824056E-04 0.13771692E-04 0.14722770E-04 0.15678395E-04 0.16646591E-04 0.17646537E-04 0.18714932E-04 0.19915438E-04 0.21352509E-04 0.23191295E-04 0.25685715E-04 0.29217223E-04 0.34347019E-04 0.41884551E-04 0.52974765E-04 0.69205632E-04 0.92735771E-04 0.12643934E-03 0.17406169E-03 0.24037607E-03 0.33131999E-03
0.27256744E-06 0.34425273E-06 0.43199899E-06 0.53863833E-06 0.66731155E-06 0.82145733E-06 0.10047891E-05 0.12212577E-05 0.14749992E-05 0.17702647E-05 0.21113351E-05 0.25024169E-05 0.29475241E-05 0.34503450E-05 0.40141064E-05 0.46413990E-05 0.53340588E-05 0.60930007E-05 0.69180884E-05 0.78080194E-05 0.87602389E-05 0.97708932E-05 0.10834834E-04 0.11945690E-04 0.13096023E-04 0.14277602E-04 0.15481835E-04 0.16700432E-04 0.17926403E-04 0.19155562E-04 0.20388804E-04 0.21635531E-04 0.22918823E-04 0.24283175E-04 0.25805937E-04 0.27614025E-04 0.29907875E-04 0.32995132E-04 0.37336971E-04 0.43610244E-04 0.52788587E-04 0.66245154E-04 0.85878322E-04 0.11425959E-03 0.15479959E-03 0.21192370E-03 0.29124488E-03 0.39970661E-03
0.35797399E-06 0.45187235E-06 0.56673208E-06 0.70622810E-06 0.87443032E-06 0.10757882E-05 0.13150990E-05 0.15974585E-05 0.19281905E-05 0.23127562E-05 0.27566412E-05 0.32652211E-05 0.38436139E-05 0.44964874E-05 0.52279035E-05 0.60411093E-05 0.69383486E-05 0.79206761E-05 0.89877879E-05 0.10137878E-04 0.11367535E-04 0.12671685E-04 0.14043601E-04 0.15475004E-04 0.16956257E-04 0.18476719E-04 0.20025284E-04 0.21591201E-04 0.23165310E-04 0.24741883E-04 0.26321390E-04 0.27914652E-04 0.29549086E-04 0.31277990E-04 0.33194260E-04 0.35450331E-04 0.38286692E-04 0.42071827E-04 0.47356947E-04 0.54949077E-04 0.66006009E-04 0.82155820E-04 0.10564212E-03 0.13949336E-03 0.18771071E-03 0.25546405E-03 0.34927550E-03 0.47717415E-03
0.46704238E-06 0.58921601E-06 0.73856027E-06 0.91980988E-06 0.11382010E-05 0.13994492E-05 0.17097067E-05 0.20754964E-05 0.25036198E-05 0.30010378E-05 0.35747295E-05 0.42315017E-05 0.49778129E-05 0.58195409E-05 0.67617514E-05 0.78084546E-05 0.89623620E-05 0.10224654E-04 0.11594768E-04 0.13070224E-04 0.14646497E-04 0.16316953E-04 0.18072872E-04 0.19903572E-04 0.21796671E-04 0.23738522E-04 0.25714886E-04 0.27711950E-04 0.29717826E-04 0.31724785E-04 0.33732588E-04 0.35753470E-04 0.37819573E-04 0.39993996E-04 0.42387029E-04 0.45179692E-04 0.48657277E-04 0.53256179E-04 0.59627806E-04 0.68723578E-04 0.81904795E-04 0.10108012E-03 0.12887144E-03 0.16880553E-03 0.22552346E-03 0.30499702E-03 0.41472210E-03 0.56387648E-03
0.60533133E-06 0.76323506E-06 0.95611830E-06 0.11900379E-05 0.14716821E-05 0.18083395E-05 0.22078419E-05 0.26784766E-05 0.32288662E-05 0.38678208E-05 0.46041276E-05 0.54463558E-05 0.64025876E-05 0.74801434E-05 0.86852849E-05 0.10022909E-04 0.11496246E-04 0.13106565E-04 0.14852921E-04 0.16731937E-04 0.18737654E-04 0.20861465E-04 0.23092146E-04 0.25416029E-04 0.27817327E-04 0.30278687E-04 0.32782018E-04 0.35309730E-04 0.37846553E-04 0.40382213E-04 0.42915409E-04 0.45459709E-04 0.48052329E-04 0.50767108E-04 0.53733520E-04 0.57164144E-04 0.61393668E-04 0.66933181E-04 0.74543964E-04 0.85335229E-04 0.10088983E-03 0.12342063E-03 0.15595790E-03 0.20256317E-03 0.26856124E-03 0.36077458E-03 0.48772411E-03 0.65978625E-03
0.77941218E-06 0.98213713E-06 0.12295884E-05 0.15294593E-05 0.18902311E-05 0.23211309E-05 0.28320546E-05 0.34334520E-05 0.41361783E-05 0.49512702E-05 0.58897363E-05 0.69622543E-05 0.81788547E-05 0.95485699E-05 0.11079062E-04 0.12776242E-04 0.14643892E-04 0.16683310E-04 0.18892997E-04 0.21268395E-04 0.23801720E-04 0.26481883E-04 0.29294552E-04 0.32222376E-04 0.35245399E-04 0.38341744E-04 0.41488635E-04 0.44663890E-04 0.47848107E-04 0.51027840E-04 0.54200288E-04 0.57380216E-04 0.60610186E-04 0.63975642E-04 0.67626916E-04 0.71810921E-04 0.76916019E-04 0.83534234E-04 0.92545528E-04 0.10522894E-03 0.12340486E-03 0.14961104E-03 0.18731136E-03 0.24113327E-03 0.31712146E-03 0.42298308E-03 0.56830531E-03 0.76469437E-03
0.99697428E-06 0.12555138E-05 0.15708537E-05 0.19526962E-05 0.24117192E-05 0.29595182E-05 0.36085093E-05 0.43717629E-05 0.52628242E-05 0.62954454E-05 0.74832806E-05 0.88395277E-05 0.10376525E-04 0.12105311E-04 0.14035164E-04 0.16173129E-04 0.18523557E-04 0.21087672E-04 0.23863193E-04 0.26844029E-04 0.30020085E-04 0.33377190E-04 0.36897191E-04 0.40558240E-04 0.44335332E-04 0.48201138E-04 0.52127253E-04 0.56085993E-04 0.60052983E-04 0.64010902E-04 0.67954953E-04 0.71900888E-04 0.75896822E-04 0.80040559E-04 0.84504786E-04 0.89573242E-04 0.95691738E-04 0.10353868E-03 0.11412027E-03 0.12889550E-03 0.14993554E-03 0.18011918E-03 0.22336436E-03 0.28488710E-03 0.37147626E-03 0.49175100E-03 0.65638339E-03 0.87822359E-03
0.12669209E-05 0.15944553E-05 0.19936341E-05 0.24766057E-05 0.30567163E-05 0.37484367E-05 0.45672090E-05 0.55292773E-05 0.66514153E-05 0.79506054E-05 0.94436501E-05 0.11146721E-04 0.13074858E-04 0.15241422E-04 0.17657524E-04 0.20331452E-04 0.23268109E-04 0.26468489E-04 0.29929237E-04 0.33642291E-04 0.37594667E-04 0.41768401E-04 0.46140689E-04 0.50684267E-04 0.55368081E-04 0.60158319E-04 0.65019912E-04 0.69918676E-04 0.74824361E-04 0.79715013E-04 0.84583292E-04 0.89445684E-04 0.94355985E-04 0.99424991E-04 0.10484902E-03 0.11095074E-03 0.11823652E-03 0.12747556E-03 0.13980619E-03 0.15687516E-03 0.18101365E-03 0.21545347E-03 0.26457939E-03 0.33420998E-03 0.43189155E-03 0.56716523E-03 0.75179170E-03 0.99985784E-03
0.15994489E-05 0.20116444E-05 0.25135952E-05 0.31204039E-05 0.38486374E-05 0.47162001E-05 0.57421838E-05 0.69466036E-05 0.83500727E-05 0.99733933E-05 0.11837069E-04 0.13960744E-04 0.16362579E-04 0.19058583E-04 0.22061917E-04 0.25382191E-04 0.29024798E-04 0.32990290E-04 0.37273861E-04 0.41864947E-04 0.46746994E-04 0.51897424E-04 0.57287845E-04 0.62884547E-04 0.68649335E-04 0.74540794E-04 0.80516088E-04 0.86533489E-04 0.92555935E-04 0.98556061E-04 0.10452343E-03 0.11047497E-03 0.11647024E-03 0.12263351E-03 0.12918576E-03 0.13649017E-03 0.14511601E-03 0.15592634E-03 0.17019567E-03 0.18976289E-03 0.21722503E-03 0.25617225E-03 0.31146144E-03 0.38951850E-03 0.49864373E-03 0.64929802E-03 0.85431446E-03 0.11289886E-02
0.20061048E-05 0.25214198E-05 0.31484181E-05 0.39057476E-05 0.48138011E-05 0.58945997E-05 0.71715498E-05 0.86691280E-05 0.10412466E-04 0.12426837E-04 0.14737049E-04 0.17366752E-04 0.20337671E-04 0.23668791E-04 0.27375514E-04 0.31468820E-04 0.35954471E-04 0.40832288E-04 0.46095553E-04 0.51730568E-04 0.57716424E-04 0.64025009E-04 0.70621309E-04 0.77464049E-04 0.84506739E-04 0.91699194E-04 0.98989686E-04 0.10632790E-03 0.11366904E-03 0.12097960E-03 0.12824550E-03 0.13548386E-03 0.14276001E-03 0.15021208E-03 0.15808637E-03 0.16678765E-03 0.17694943E-03 0.18953033E-03 0.20594234E-03 0.22821822E-03 0.25922122E-03 0.30289900E-03 0.36457703E-03 0.45128004E-03 0.57205118E-03 0.73824594E-03 0.96373664E-03 0.12649790E-02
0.24998092E-05 0.31397986E-05 0.39178247E-05 0.48567247E-05 0.59814515E-05 0.73188683E-05 0.88974596E-05 0.10746927E-04 0.12897666E-04 0.15380130E-04 0.18224079E-04 0.21457727E-04 0.25106815E-04 0.29193618E-04 0.33735945E-04 0.38746137E-04 0.44230137E-04 0.50186661E-04 0.56606527E-04 0.63472180E-04 0.70757479E-04 0.78427771E-04 0.86440325E-04 0.94745150E-04 0.10328628E-03 0.11200363E-03 0.12083548E-03 0.12972197E-03 0.13860976E-03 0.14745854E-03 0.15625015E-03 0.16500170E-03 0.17378430E-03 0.18275012E-03 0.19217118E-03 0.20249421E-03 0.21441727E-03 0.22899429E-03 0.24777397E-03 0.27298042E-03 0.30773850E-03 0.35634542E-03 0.42458237E-03 0.52005355E-03 0.65251671E-03 0.83418255E-03 0.10799098E-02 0.14072457E-02
