Basic/Day4/qtaim/urea/molecule/pato/urea_mol_pl2d_pato.SURFGKIN
DSAA
 161 161
-0.75589045E+01  0.75589045E+01  0.94486307E-01
-0.75589045E+01  0.75589045E+01  0.94486307E-01
 0.00000000E+00  0.00000000E+00
[rows 22 to 43 of 161, columns 96 to 143 of 161]
0.15315601E-02 0.13045799E-02 0.10986254E-02 0.91450129E-03 0.75230526E-03 0.61151242E-03 0.49108008E-03 0.38956434E-03 0.30523980E-03 0.23621488E-03 0.18053535E-03 0.13627600E-03 0.10160519E-03 0.74840160E-04 0.54477851E-04 0.39210712E-04 0.27928814E-04 0.19711440E-04 0.13811370E-04 0.96347451E-05 0.67190199E-05 0.47108783E-05 0.33455005E-05 0.24280210E-05 0.18176055E-05 0.14142465E-05 0.11481469E-05 0.97142092E-06 0.85177335E-06 0.76780004E-06 0.70557237E-06 0.65620722E-06 0.61417241E-06 0.57612680E-06 0.54013988E-06 0.50517474E-06 0.47074995E-06 0.43672088E-06 0.40313930E-06 0.37016370E-06 0.33800223E-06 0.30687641E-06 0.27699830E-06 0.24855641E-06 0.22170750E-06 0.19657235E-06 0.17323439E-06 0.15174038E-06
0.20088532E-02 0.17161023E-02 0.14494278E-02 0.12100771E-02 0.99839888E-03 0.81393399E-03 0.65553670E-03 0.52151492E-03 0.40977912E-03 0.31798924E-03 0.24369070E-03 0.18443178E-03 0.13786268E-03 0.10180112E-03 0.74284670E-04 0.53594794E-04 0.38264019E-04 0.27068491E-04 0.19010112E-04 0.13292094E-04 0.92912750E-05 0.65298483E-05 0.46484251E-05 0.33816900E-05 0.25373120E-05 0.19783305E-05 0.16089074E-05 0.13631309E-05 0.11964480E-05 0.10792689E-05 0.99230126E-06 0.92321963E-06 0.86433591E-06 0.81100047E-06 0.76052360E-06 0.71145928E-06 0.66313594E-06 0.61535224E-06 0.56818154E-06 0.52184677E-06 0.47664064E-06 0.43287494E-06 0.39084847E-06 0.35082731E-06 0.31303318E-06 0.27763750E-06 0.24475938E-06 0.21446650E-06
0.25968901E-02 0.22251181E-02 0.18850901E-02 0.15786459E-02 0.13065107E-02 0.10683860E-02 0.86308233E-03 0.68868205E-03 0.54271896E-03 0.42236119E-03 0.32458487E-03 0.24632869E-03 0.18462157E-03 0.13668467E-03 0.99993768E-04 0.72323994E-04 0.51763366E-04 0.36708198E-04 0.25843849E-04 0.18115887E-04 0.12696090E-04 0.89469040E-05 0.63870293E-05 0.46599493E-05 0.35064087E-05 0.27412519E-05 0.22345658E-05 0.18967794E-05 0.16672066E-05 0.15054561E-05 0.13851414E-05 0.12893750E-05 0.12076066E-05 0.11334473E-05 0.10631979E-05 0.99486909E-06 0.92753801E-06 0.86093066E-06 0.79515258E-06 0.73051634E-06 0.66743137E-06 0.60633370E-06 0.54764159E-06 0.49172802E-06 0.43890452E-06 0.38941276E-06 0.34342165E-06 0.30102850E-06
0.33094417E-02 0.28443913E-02 0.24173179E-02 0.20308071E-02 0.16861038E-02 0.13831899E-02 0.11209204E-02 0.89720183E-03 0.70920237E-03 0.55357242E-03 0.42666145E-03 0.32471593E-03 0.24404829E-03 0.18116971E-03 0.13288923E-03 0.96367866E-04 0.69150626E-04 0.49165813E-04 0.34705823E-04 0.24394244E-04 0.17145064E-04 0.12118824E-04 0.86793943E-05 0.63539181E-05 0.47974229E-05 0.37627954E-05 0.30761675E-05 0.26173530E-05 0.23047288E-05 0.20838492E-05 0.19190749E-05 0.17875558E-05 0.16749947E-05 0.15727233E-05 0.14757191E-05 0.13812820E-05 0.12881631E-05 0.11959980E-05 0.11049402E-05 0.10154265E-05 0.92802653E-06 0.84334607E-06 0.76196671E-06 0.68440776E-06 0.61110394E-06 0.54239365E-06 0.47851490E-06 0.41960669E-06
0.41590988E-02 0.35857044E-02 0.30570688E-02 0.25766462E-02 0.21463377E-02 0.17665384E-02 0.14362587E-02 0.11533082E-02 0.91452854E-03 0.71605051E-03 0.55355743E-03 0.42253267E-03 0.31847724E-03 0.23708681E-03 0.17438285E-03 0.12680187E-03 0.91235682E-04 0.65045615E-04 0.46044131E-04 0.32458764E-04 0.22884392E-04 0.16230214E-04 0.11666376E-04 0.85737768E-05 0.64992447E-05 0.51171551E-05 0.41977445E-05 0.35817682E-05 0.31608128E-05 0.28623998E-05 0.26389894E-05 0.24600465E-05 0.23064367E-05 0.21665461E-05 0.20336429E-05 0.19041113E-05 0.17762866E-05 0.16496953E-05 0.15245630E-05 0.14014978E-05 0.12812870E-05 0.11647674E-05 0.10527419E-05 0.94592884E-06 0.84493056E-06 0.75021779E-06 0.66212366E-06 0.58084544E-06
0.51569223E-02 0.44593772E-02 0.38140249E-02 0.32252164E-02 0.26955942E-02 0.22260818E-02 0.18159634E-02 0.14630527E-02 0.11639319E-02 0.91423909E-03 0.70897643E-03 0.54281117E-03 0.41034973E-03 0.30636707E-03 0.22598365E-03 0.16478656E-03 0.11890150E-03 0.85013311E-04 0.60357820E-04 0.42683074E-04 0.30195019E-04 0.21494675E-04 0.15513385E-04 0.11450912E-04 0.87194642E-05 0.68953585E-05 0.56787602E-05 0.48612970E-05 0.43007504E-05 0.39018365E-05 0.36019176E-05 0.33606912E-05 0.31528649E-05 0.29630725E-05 0.27824054E-05 0.26060863E-05 0.24319302E-05 0.22593373E-05 0.20886398E-05 0.19206807E-05 0.17565423E-05 0.15973720E-05 0.14442716E-05 0.12982271E-05 0.11600678E-05 0.10304440E-05 0.90981891E-06 0.79847061E-06
0.63125226E-02 0.54740481E-02 0.46962081E-02 0.39840840E-02 0.33410159E-02 0.27684980E-02 0.22661806E-02 0.18319845E-02 0.14623213E-02 0.11523914E-02 0.89652915E-03 0.68855706E-03 0.52212163E-03 0.39098334E-03 0.28924891E-03 0.21153663E-03 0.15308370E-03 0.10978313E-03 0.78189298E-04 0.55478932E-04 0.39391227E-04 0.28155036E-04 0.20411691E-04 0.15139858E-04 0.11586709E-04 0.92078233E-05 0.76167710E-05 0.65442576E-05 0.58060219E-05 0.52783097E-05 0.48796112E-05 0.45573823E-05 0.42786012E-05 0.40231882E-05 0.37795037E-05 0.35413203E-05 0.33058096E-05 0.30722409E-05 0.28410988E-05 0.26135459E-05 0.23910609E-05 0.21752070E-05 0.19674846E-05 0.17692389E-05 0.15816033E-05 0.14054700E-05 0.12414789E-05 0.10900195E-05
0.76347695E-02 0.66368754E-02 0.57098620E-02 0.48590301E-02 0.40881245E-02 0.33990943E-02 0.27919588E-02 0.22648160E-02 0.18139959E-02 0.14343371E-02 0.11195477E-02 0.86260565E-03 0.65615538E-03 0.49286659E-03 0.36573065E-03 0.26828194E-03 0.19474246E-03 0.14009934E-03 0.10011280E-03 0.71289597E-04 0.50817425E-04 0.36482467E-04 0.26579072E-04 0.19819996E-04 0.15252967E-04 0.12187050E-04 0.10130318E-04 0.87389947E-05 0.77772470E-05 0.70863114E-05 0.65613984E-05 0.61348353E-05 0.57640338E-05 0.54230775E-05 0.50969505E-05 0.47776429E-05 0.44615600E-05 0.41478190E-05 0.38371367E-05 0.35311086E-05 0.32317375E-05 0.29411468E-05 0.26613613E-05 0.23942023E-05 0.21412086E-05 0.19035962E-05 0.16822427E-05 0.14776900E-05
0.91332816E-02 0.79542884E-02 0.68597078E-02 0.58539951E-02 0.49405909E-02 0.41214931E-02 0.33969136E-02 0.27651016E-02 0.22223586E-02 0.17632382E-02 0.13808854E-02 0.10674614E-02 0.81459538E-03 0.61381255E-03 0.45690344E-03 0.33621102E-03 0.24482889E-03 0.17671251E-03 0.12671902E-03 0.90580538E-04 0.64843170E-04 0.46774495E-04 0.34259868E-04 0.25696896E-04 0.19895789E-04 0.15990349E-04 0.13361956E-04 0.11577058E-04 0.10337460E-04 0.94419344E-05 0.87573850E-05 0.81977031E-05 0.77086258E-05 0.72571126E-05 0.68240342E-05 0.63992252E-05 0.59781830E-05 0.55598901E-05 0.51453898E-05 0.47368577E-05 0.43369984E-05 0.39486537E-05 0.35745492E-05 0.32171301E-05 0.28784786E-05 0.25602357E-05 0.22635975E-05 0.19893130E-05
0.10820732E-01 0.94333454E-02 0.81496394E-02 0.69713334E-02 0.59002130E-02 0.49374538E-02 0.40829745E-02 0.33349627E-02 0.26896509E-02 0.21413515E-02 0.16827135E-02 0.13051321E-02 0.99923551E-03 0.75537827E-03 0.56408687E-03 0.41642183E-03 0.30423941E-03 0.22035107E-03 0.15859624E-03 0.11382761E-03 0.81856414E-04 0.59351832E-04 0.43724271E-04 0.33003300E-04 0.25720348E-04 0.20802581E-04 0.17481392E-04 0.15216559E-04 0.13635530E-04 0.12486304E-04 0.11601842E-04 0.10873884E-04 0.10234122E-04 0.96409428E-05 0.90702806E-05 0.85094058E-05 0.79527682E-05 0.73992470E-05 0.68503457E-05 0.63090112E-05 0.57788634E-05 0.52636925E-05 0.47671324E-05 0.42924522E-05 0.38424275E-05 0.34192659E-05 0.30245966E-05 0.26594418E-05
0.12715838E-01 0.11083632E-01 0.95838430E-02 0.82123912E-02 0.69671334E-02 0.58468660E-02 0.48502491E-02 0.39748905E-02 0.32167365E-02 0.25698189E-02 0.20263328E-02 0.15769665E-02 0.12113860E-02 0.91877684E-03 0.68836410E-03 0.50985546E-03 0.37377691E-03 0.27169161E-03 0.19630890E-03 0.14150329E-03 0.10225535E-03 0.74554251E-04 0.55267025E-04 0.41999727E-04 0.32961317E-04 0.26838838E-04 0.22688658E-04 0.19845602E-04 0.17849729E-04 0.16389169E-04 0.15256761E-04 0.14318005E-04 0.13487930E-04 0.12714757E-04 0.11968585E-04 0.11233684E-04 0.10503324E-04 0.97763412E-05 0.90548789E-05 0.83428991E-05 0.76452111E-05 0.69668326E-05 0.63125724E-05 0.56867625E-05 0.50930914E-05 0.45345112E-05 0.40131987E-05 0.35305561E-05
0.14846707E-01 0.12919483E-01 0.11168212E-01 0.95783463E-02 0.81402786E-02 0.68479180E-02 0.56970219E-02 0.46836457E-02 0.38029531E-02 0.30485037E-02 0.24120142E-02 0.18835111E-02 0.14517504E-02 0.11047760E-02 0.83050139E-03 0.61723587E-03 0.45410117E-03 0.33131999E-03 0.24037607E-03 0.17406169E-03 0.12643934E-03 0.92735771E-04 0.69205632E-04 0.52974765E-04 0.41884551E-04 0.34347019E-04 0.29217223E-04 0.25685715E-04 0.23191295E-04 0.21352509E-04 0.19915438E-04 0.18714932E-04 0.17646537E-04 0.16646591E-04 0.15678395E-04 0.14722770E-04 0.13771692E-04 0.12824056E-04 0.11882877E-04 0.10953440E-04 0.10042086E-04 0.91554055E-05 0.82997152E-05 0.74807128E-05 0.67032640E-05 0.59712813E-05 0.52876712E-05 0.46543327E-05
0.17254027E-01 0.14962148E-01 0.12911808E-01 0.11071162E-01 0.94179398E-02 0.79374102E-02 0.66198826E-02 0.54582661E-02 0.44460474E-02 0.35758884E-02 0.28388836E-02 0.22243965E-02 0.17203227E-02 0.13136095E-02 0.99087557E-03 0.73901228E-03 0.54568636E-03 0.39970661E-03 0.29124488E-03 0.21192370E-03 0.15479959E-03 0.11425959E-03 0.85878322E-04 0.66245154E-04 0.52788587E-04 0.43610244E-04 0.37336971E-04 0.32995132E-04 0.29907875E-04 0.27614025E-04 0.25805937E-04 0.24283175E-04 0.22918823E-04 0.21635531E-04 0.20388804E-04 0.19155562E-04 0.17926403E-04 0.16700432E-04 0.15481835E-04 0.14277602E-04 0.13096023E-04 0.11945690E-04 0.10834834E-04 0.97708932E-05 0.87602389E-05 0.78080194E-05 0.69180884E-05 0.60930007E-05
0.19993455E-01 0.17241421E-01 0.14828025E-01 0.12694422E-01 0.10798357E-01 0.91111369E-02 0.76139468E-02 0.62941687E-02 0.51421952E-02 0.41490426E-02 0.33048606E-02 0.25982645E-02 0.20163131E-02 0.15449093E-02 0.11694152E-02 0.87531107E-03 0.64878305E-03 0.47717415E-03 0.34927550E-03 0.25546405E-03 0.18771071E-03 0.13949336E-03 0.10564212E-03 0.82155820E-04 0.66006009E-04 0.54949077E-04 0.47356947E-04 0.42071827E-04 0.38286692E-04 0.35450331E-04 0.33194260E-04 0.31277990E-04 0.29549086E-04 0.27914652E-04 0.26321390E-04 0.24741883E-04 0.23165310E-04 0.21591201E-04 0.20025284E-04 0.18476719E-04 0.16956257E-04 0.15475004E-04 0.14043601E-04 0.12671685E-04 0.11367535E-04 0.10137878E-04 0.89877879E-05 0.79206761E-05
0.23136461E-01 0.19796161E-01 0.16935037E-01 0.14453772E-01 0.12280126E-01 0.10364225E-01 0.86731110E-02 0.71853187E-02 0.58860957E-02 0.47636610E-02 0.38066574E-02 0.30027428E-02 0.23381111E-02 0.17976648E-02 0.13655616E-02 0.10259016E-02 0.76339015E-03 0.56387648E-03 0.41472210E-03 0.30499702E-03 0.22552346E-03 0.16880553E-03 0.12887144E-03 0.10108012E-03 0.81904795E-04 0.68723578E-04 0.59627806E-04 0.53256179E-04 0.48657277E-04 0.45179692E-04 0.42387029E-04 0.39993996E-04 0.37819573E-04 0.35753470E-04 0.33732588E-04 0.31724785E-04 0.29717826E-04 0.27711950E-04 0.25714886E-04 0.23738522E-04 0.21796671E-04 0.19903572E-04 0.18072872E-04 0.16316953E-04 0.14646497E-04 0.13070224E-04 0.11594768E-04 0.10224654E-04
0.26768752E-01 0.22673135E-01 0.19255139E-01 0.16356672E-01 0.13862223E-01 0.11691301E-01 0.97902610E-02 0.81244204E-02 0.66711202E-02 0.54141632E-02 0.43398370E-02 0.34344711E-02 0.26832898E-02 0.20702144E-02 0.15782545E-02 0.11901799E-02 0.88923998E-03 0.65978625E-03 0.48772411E-03 0.36077458E-03 0.26856124E-03 0.20256317E-03 0.15595790E-03 0.12342063E-03 0.10088983E-03 0.85335229E-04 0.74543964E-04 0.66933181E-04 0.61393668E-04 0.57164144E-04 0.53733520E-04 0.50767108E-04 0.48052329E-04 0.45459709E-04 0.42915409E-04 0.40382213E-04 0.37846553E-04 0.35309730E-04 0.32782018E-04 0.30278687E-04 0.27817327E-04 0.25416029E-04 0.23092146E-04 0.20861465E-04 0.18737654E-04 0.16731937E-04 0.14852921E-04 0.13106565E-04
0.30985291E-01 0.25923645E-01 0.21812633E-01 0.18411232E-01 0.15543499E-01 0.13086378E-01 0.10957359E-01 0.91030827E-02 0.74894841E-02 0.60938409E-02 0.48989235E-02 0.38891772E-02 0.30486543E-02 0.23602730E-02 0.18059459E-02 0.13671750E-02 0.10257996E-02 0.76469437E-03 0.56830531E-03 0.42298308E-03 0.31712146E-03 0.24113327E-03 0.18731136E-03 0.14961104E-03 0.12340486E-03 0.10522894E-03 0.92545528E-04 0.83534234E-04 0.76916019E-04 0.71810921E-04 0.67626916E-04 0.63975642E-04 0.60610186E-04 0.57380216E-04 0.54200288E-04 0.51027840E-04 0.47848107E-04 0.44663890E-04 0.41488635E-04 0.38341744E-04 0.35245399E-04 0.32222376E-04 0.29294552E-04 0.26481883E-04 0.23801720E-04 0.21268395E-04 0.18892997E-04 0.16683310E-04
0.35880782E-01 0.29597441E-01 0.24630042E-01 0.20624009E-01 0.17321529E-01 0.14542374E-01 0.12165348E-01 0.10111916E-01 0.83324172E-02 0.67950349E-02 0.54775571E-02 0.43617994E-02 0.34303320E-02 0.26649965E-02 0.20466441E-02 0.15555778E-02 0.11722906E-02 0.87822359E-03 0.65638339E-03 0.49175100E-03 0.37147626E-03 0.28488710E-03 0.22336436E-03 0.18011918E-03 0.14993554E-03 0.12889550E-03 0.11412027E-03 0.10353868E-03 0.95691738E-04 0.89573242E-04 0.84504786E-04 0.80040559E-04 0.75896822E-04 0.71900888E-04 0.67954953E-04 0.64010902E-04 0.60052983E-04 0.56085993E-04 0.52127253E-04 0.48201138E-04 0.44335332E-04 0.40558240E-04 0.36897191E-04 0.33377190E-04 0.30020085E-04 0.26844029E-04 0.23863193E-04 0.21087672E-04
0.41534726E-01 0.33733639E-01 0.27722611E-01 0.22996788E-01 0.19190866E-01 0.16050284E-01 0.13403871E-01 0.11140542E-01 0.91903102E-02 0.75093264E-02 0.60686811E-02 0.48466480E-02 0.38239024E-02 0.29810815E-02 0.22979885E-02 0.17537966E-02 0.13277294E-02 0.99985784E-03 0.75179170E-03 0.56716523E-03 0.43189155E-03 0.33420998E-03 0.26457939E-03 0.21545347E-03 0.18101365E-03 0.15687516E-03 0.13980619E-03 0.12747556E-03 0.11823652E-03 0.11095074E-03 0.10484902E-03 0.99424991E-04 0.94355985E-04 0.89445684E-04 0.84583292E-04 0.79715013E-04 0.74824361E-04 0.69918676E-04 0.65019912E-04 0.60158319E-04 0.55368081E-04 0.50684267E-04 0.46140689E-04 0.41768401E-04 0.37594667E-04 0.33642291E-04 0.29929237E-04 0.26468489E-04
0.47991048E-01 0.38348820E-01 0.31091351E-01 0.25522578E-01 0.21140834E-01 0.17598085E-01 0.14660831E-01 0.12177530E-01 0.10052836E-01 0.82277343E-02 0.66647526E-02 0.53375986E-02 0.42245618E-02 0.33048981E-02 0.25573538E-02 0.19600370E-02 0.14909884E-02 0.11289886E-02 0.85431446E-03 0.64929802E-03 0.49864373E-03 0.38951850E-03 0.31146144E-03 0.25617225E-03 0.21722503E-03 0.18976289E-03 0.17019567E-03 0.15592634E-03 0.14511601E-03 0.13649017E-03 0.12918576E-03 0.12263351E-03 0.11647024E-03 0.11047497E-03 0.10452343E-03 0.98556061E-04 0.92555935E-04 0.86533489E-04 0.80516088E-04 0.74540794E-04 0.68649335E-04 0.62884547E-04 0.57287845E-04 0.51897424E-04 0.46746994E-04 0.41864947E-04 0.37273861E-04 0.32990290E-04
0.55233988E-01 0.43423296E-01 0.34715291E-01 0.28181288E-01 0.23153192E-01 0.19169558E-01 0.15921905E-01 0.13210300E-01 0.10909063E-01 0.89409193E-02 0.72579719E-02 0.58283117E-02 0.46273156E-02 0.36326516E-02 0.28219809E-02 0.21724064E-02 0.16608775E-02 0.12649790E-02 0.96373664E-03 0.73824594E-03 0.57205118E-03 0.45128004E-03 0.36457703E-03 0.30289900E-03 0.25922122E-03 0.22821822E-03 0.20594234E-03 0.18953033E-03 0.17694943E-03 0.16678765E-03 0.15808637E-03 0.15021208E-03 0.14276001E-03 0.13548386E-03 0.12824550E-03 0.12097960E-03 0.11366904E-03 0.10632790E-03 0.98989686E-04 0.91699194E-04 0.84506739E-04 0.77464049E-04 0.70621309E-04 0.64025009E-04 0.57716424E-04 0.51730568E-04 0.46095553E-04 0.40832288E-04
0.63164334E-01 0.48887672E-01 0.38544132E-01 0.30935798E-01 0.25200092E-01 0.20743310E-01 0.17170162E-01 0.14225079E-01 0.11747589E-01 0.96394051E-02 0.78405307E-02 0.63124736E-02 0.50271957E-02 0.39605685E-02 0.30891324E-02 0.23890406E-02 0.18362471E-02 0.14072457E-02 0.10799098E-02 0.83418255E-03 0.65251671E-03 0.52005355E-03 0.42458237E-03 0.35634542E-03 0.30773850E-03 0.27298042E-03 0.24777397E-03 0.22899429E-03 0.21441727E-03 0.20249421E-03 0.19217118E-03 0.18275012E-03 0.17378430E-03 0.16500170E-03 0.15625015E-03 0.14745854E-03 0.13860976E-03 0.12972197E-03 0.12083548E-03 0.11200363E-03 0.10328628E-03 0.94745150E-04 0.86440325E-04 0.78427771E-04 0.70757479E-04 0.63472180E-04 0.56606527E-04 0.50186661E-04
