Basic/Day4/qtaim/urea/molecule/pato/urea_mol_pl2d_pato.SURFLAPP
DSAA
 161 161
-0.75589045E+01  0.75589045E+01  0.94486307E-01
-0.75589045E+01  0.75589045E+01  0.94486307E-01
 0.00000000E+00  0.00000000E+00
[rows 0 to 20 of 161, columns 0 to 47 of 161]
0.36543577E-11 0.46664756E-11 0.59210156E-11 0.74650953E-11 0.93521003E-11 0.11641805E-10 0.14400303E-10 0.17699696E-10 0.21617507E-10 0.26235769E-10 0.31639758E-10 0.37916340E-10 0.45151931E-10 0.53430054E-10 0.62828542E-10 0.73416401E-10 0.85250430E-10 0.98371671E-10 0.11280180E-09 0.12853963E-09 0.14555782E-09 0.16379998E-09 0.18317840E-09 0.20357247E-09 0.22482796E-09 0.24675737E-09 0.26914135E-09 0.29173132E-09 0.31425325E-09 0.33641256E-09 0.35790014E-09 0.37839914E-09 0.39759261E-09 0.41517145E-09 0.43084265E-09 0.47796273E-09 0.50025815E-09 0.52328011E-09 0.54773209E-09 0.57454431E-09 0.60490132E-09 0.95074943E-09 0.11812234E-08 0.15243831E-08 0.20336773E-08 0.27845690E-08 0.38820330E-08 0.54698616E-08
0.60168893E-11 0.76815907E-11 0.97445112E-11 0.12282916E-10 0.15384319E-10 0.19146669E-10 0.23678228E-10 0.29097057E-10 0.35530040E-10 0.43111383E-10 0.51980533E-10 0.62279468E-10 0.74149342E-10 0.87726499E-10 0.10313788E-09 0.12049591E-09 0.13989297E-09 0.16139559E-09 0.18503858E-09 0.21081930E-09 0.23869233E-09 0.26856480E-09 0.30029261E-09 0.33367791E-09 0.36846800E-09 0.40435589E-09 0.44098262E-09 0.47794161E-09 0.51478481E-09 0.55103073E-09 0.58617424E-09 0.61969775E-09 0.65108357E-09 0.71003564E-09 0.74626159E-09 0.78227797E-09 0.81862385E-09 0.85611391E-09 0.89588371E-09 0.93943501E-09 0.13429852E-08 0.16221154E-08 0.20388182E-08 0.26612827E-08 0.35871550E-08 0.49542451E-08 0.69541341E-08 0.98490215E-08
0.98403149E-11 0.12559902E-10 0.15929192E-10 0.20074018E-10 0.25136854E-10 0.31277100E-10 0.38670871E-10 0.47510141E-10 0.58001144E-10 0.70361921E-10 0.84818912E-10 0.10160254E-09 0.12094177E-09 0.14305758E-09 0.16815556E-09 0.19641755E-09 0.22799271E-09 0.26298807E-09 0.30145908E-09 0.34340032E-09 0.38873682E-09 0.43731657E-09 0.48890448E-09 0.54317825E-09 0.59972667E-09 0.65805055E-09 0.71756660E-09 0.77761440E-09 0.83746646E-09 0.89634132E-09 0.95341934E-09 0.10341344E-08 0.10947893E-08 0.11543899E-08 0.12131201E-08 0.12714687E-08 0.13302971E-08 0.13909095E-08 0.14551248E-08 0.19198043E-08 0.22538786E-08 0.27513811E-08 0.34970098E-08 0.46137568E-08 0.62776802E-08 0.87370977E-08 0.12336921E-07 0.17548706E-07
0.15985306E-10 0.20398261E-10 0.25864017E-10 0.32586105E-10 0.40794873E-10 0.50747943E-10 0.62729826E-10 0.77050526E-10 0.94042926E-10 0.11405880E-09 0.13746327E-09 0.16462771E-09 0.19592087E-09 0.23169842E-09 0.27229089E-09 0.31799032E-09 0.36903576E-09 0.42559817E-09 0.48776513E-09 0.55552591E-09 0.62875763E-09 0.70721319E-09 0.79051158E-09 0.87813139E-09 0.96940810E-09 0.10635356E-08 0.11595727E-08 0.12564540E-08 0.13530068E-08 0.14479715E-08 0.15707066E-08 0.16700812E-08 0.17678187E-08 0.18638160E-08 0.19583575E-08 0.20522147E-08 0.21467533E-08 0.22440448E-08 0.27754383E-08 0.31731972E-08 0.37597150E-08 0.46374341E-08 0.59571927E-08 0.79379485E-08 0.10892938E-07 0.15263584E-07 0.21662380E-07 0.30925692E-07
0.25793298E-10 0.32905665E-10 0.41712431E-10 0.52540534E-10 0.65759838E-10 0.81783828E-10 0.10106895E-09 0.12411234E-09 0.15144756E-09 0.18363817E-09 0.22126883E-09 0.26493382E-09 0.31522287E-09 0.37270431E-09 0.43790584E-09 0.51129303E-09 0.59324624E-09 0.68403644E-09 0.78380077E-09 0.89251876E-09 0.10099903E-08 0.11358164E-08 0.12693838E-08 0.14098547E-08 0.15561626E-08 0.17070150E-08 0.18609035E-08 0.20161218E-08 0.21707922E-08 0.23582592E-08 0.25193448E-08 0.26784023E-08 0.28347854E-08 0.29883153E-08 0.31394273E-08 0.32893291E-08 0.37058597E-08 0.40492767E-08 0.45247601E-08 0.52119511E-08 0.62315000E-08 0.77635542E-08 0.10073274E-07 0.13545335E-07 0.18729590E-07 0.26400103E-07 0.37629608E-07 0.53880900E-07
0.41339550E-10 0.52725136E-10 0.66819166E-10 0.84143195E-10 0.10528701E-09 0.13090967E-09 0.16173841E-09 0.19856486E-09 0.24223831E-09 0.29365531E-09 0.35374546E-09 0.42345308E-09 0.50371457E-09 0.59543167E-09 0.69944075E-09 0.81647871E-09 0.94714628E-09 0.10918696E-08 0.12508617E-08 0.14240845E-08 0.16112143E-08 0.18116109E-08 0.20242942E-08 0.22479272E-08 0.24808103E-08 0.27208851E-08 0.29657512E-08 0.32413373E-08 0.34989607E-08 0.37567754E-08 0.40128656E-08 0.42656592E-08 0.45141127E-08 0.47579197E-08 0.49977399E-08 0.55068189E-08 0.59438935E-08 0.65211934E-08 0.73286430E-08 0.85045683E-08 0.10258492E-07 0.12903145E-07 0.16898570E-07 0.22911618E-07 0.31894496E-07 0.45186059E-07 0.64639172E-07 0.92776534E-07
0.65810710E-10 0.83913747E-10 0.10631666E-09 0.13384575E-09 0.16743498E-09 0.20812758E-09 0.25707412E-09 0.31552649E-09 0.38482703E-09 0.46639202E-09 0.56168914E-09 0.67220827E-09 0.79942580E-09 0.94476218E-09 0.11095335E-08 0.12948975E-08 0.15017961E-08 0.17308944E-08 0.19825200E-08 0.22566039E-08 0.25526257E-08 0.28695657E-08 0.32058673E-08 0.35594121E-08 0.39275098E-08 0.43069057E-08 0.47257690E-08 0.51291051E-08 0.55359764E-08 0.59430601E-08 0.63473195E-08 0.67462559E-08 0.71381972E-08 0.75226229E-08 0.81709437E-08 0.87484318E-08 0.94691623E-08 0.10431748E-07 0.11790470E-07 0.13782583E-07 0.16767313E-07 0.21280518E-07 0.28109833E-07 0.38395811E-07 0.53765099E-07 0.76501671E-07 0.10976147E-06 0.15783406E-06
0.10406349E-09 0.13265260E-09 0.16802158E-09 0.21147049E-09 0.26446814E-09 0.32865434E-09 0.40583680E-09 0.49798143E-09 0.60719501E-09 0.73569915E-09 0.88579462E-09 0.10598155E-08 0.12600728E-08 0.14887882E-08 0.17480174E-08 0.20395666E-08 0.23649009E-08 0.27250506E-08 0.31205153E-08 0.35511718E-08 0.40161891E-08 0.45139534E-08 0.50420102E-08 0.55970256E-08 0.61747710E-08 0.68053431E-08 0.74272496E-08 0.80598992E-08 0.86979577E-08 0.93362023E-08 0.99698543E-08 0.10594969E-07 0.11208887E-07 0.12073643E-07 0.12868196E-07 0.13802733E-07 0.14982004E-07 0.16573184E-07 0.18837678E-07 0.22177275E-07 0.27199940E-07 0.34811843E-07 0.46343590E-07 0.63719691E-07 0.89681082E-07 0.12807036E-06 0.18418808E-06 0.26522554E-06
0.16344444E-09 0.20828812E-09 0.26374910E-09 0.33185866E-09 0.41491071E-09 0.51546497E-09 0.63634177E-09 0.78060663E-09 0.95154296E-09 0.11526110E-08 0.13873920E-08 0.16595166E-08 0.19725764E-08 0.23300210E-08 0.27350386E-08 0.31904253E-08 0.36984439E-08 0.42606773E-08 0.48778804E-08 0.55498372E-08 0.62752288E-08 0.70515188E-08 0.78748630E-08 0.87666084E-08 0.96787639E-08 0.10622990E-07 0.11591808E-07 0.12577150E-07 0.13570695E-07 0.14564292E-07 0.15550474E-07 0.16523057E-07 0.17477839E-07 0.18861119E-07 0.20124941E-07 0.21625963E-07 0.23539731E-07 0.26146131E-07 0.29882505E-07 0.35420583E-07 0.43775938E-07 0.56460782E-07 0.75692984E-07 0.10467597E-06 0.14796512E-06 0.21193589E-06 0.30536644E-06 0.44014237E-06
0.25498283E-09 0.32484655E-09 0.41122337E-09 0.51726521E-09 0.64652966E-09 0.80298455E-09 0.99099934E-09 0.12153207E-08 0.14810298E-08 0.17934780E-08 0.21582002E-08 0.25808030E-08 0.30668289E-08 0.36215947E-08 0.42500089E-08 0.49563686E-08 0.57441416E-08 0.66157406E-08 0.75722951E-08 0.86134321E-08 0.97370722E-08 0.10939255E-07 0.12242326E-07 0.13594313E-07 0.15005890E-07 0.16466766E-07 0.17965356E-07 0.19489164E-07 0.21025300E-07 0.22561135E-07 0.24085080E-07 0.25587518E-07 0.27481404E-07 0.29258178E-07 0.31253643E-07 0.33645648E-07 0.36724725E-07 0.40953590E-07 0.47054633E-07 0.56136405E-07 0.69873202E-07 0.90755157E-07 0.12242948E-06 0.17015604E-06 0.24140194E-06 0.34659832E-06 0.50007881E-06 0.72120938E-06
0.39511164E-09 0.50321768E-09 0.63683104E-09 0.80080850E-09 0.10006292E-08 0.12424006E-08 0.15328449E-08 0.18792603E-08 0.22894543E-08 0.27716444E-08 0.33343237E-08 0.39860889E-08 0.47354301E-08 0.55904838E-08 0.65587509E-08 0.76467857E-08 0.88598625E-08 0.10201629E-07 0.11673759E-07 0.13275616E-07 0.15003943E-07 0.16882417E-07 0.18855881E-07 0.20933840E-07 0.23102861E-07 0.25347106E-07 0.27648749E-07 0.29988574E-07 0.32346761E-07 0.34703874E-07 0.37042066E-07 0.39730031E-07 0.42303390E-07 0.45067188E-07 0.48193868E-07 0.51974579E-07 0.56884122E-07 0.63677795E-07 0.73533542E-07 0.88257063E-07 0.11057237E-06 0.14452537E-06 0.19603307E-06 0.27361444E-06 0.38934101E-06 0.56004243E-06 0.80879486E-06 0.11667044E-05
0.60812923E-09 0.77427696E-09 0.97955544E-09 0.12313965E-08 0.15381798E-08 0.19092408E-08 0.23548483E-08 0.28861445E-08 0.35150413E-08 0.42540676E-08 0.51161626E-08 0.61144127E-08 0.72617297E-08 0.85704732E-08 0.10052022E-07 0.11716297E-07 0.13571259E-07 0.15622379E-07 0.17872109E-07 0.20319376E-07 0.22990104E-07 0.25827400E-07 0.28839897E-07 0.32011081E-07 0.35320395E-07 0.38743632E-07 0.42253564E-07 0.45820847E-07 0.49415218E-07 0.53006990E-07 0.56910972E-07 0.60707172E-07 0.64659956E-07 0.68926894E-07 0.73787500E-07 0.79712383E-07 0.87467684E-07 0.98270569E-07 0.11401707E-06 0.13761011E-06 0.17342308E-06 0.22794201E-06 0.31063671E-06 0.43511654E-06 0.62062778E-06 0.89394533E-06 0.12916972E-05 0.18631356E-05
0.92969012E-09 0.11833100E-08 0.14965490E-08 0.18807002E-08 0.23484897E-08 0.29140868E-08 0.35930682E-08 0.44023241E-08 0.53598994E-08 0.64847602E-08 0.77964781E-08 0.93148296E-08 0.11059308E-07 0.13048551E-07 0.15299689E-07 0.17827630E-07 0.20644293E-07 0.23757813E-07 0.27171747E-07 0.30916099E-07 0.34934682E-07 0.39236390E-07 0.43802442E-07 0.48607702E-07 0.53620936E-07 0.58805404E-07 0.64119810E-07 0.69519668E-07 0.74959102E-07 0.80690787E-07 0.86334581E-07 0.92104111E-07 0.98130719E-07 0.10466775E-06 0.11216246E-06 0.12136588E-06 0.13349853E-06 0.15049675E-06 0.17537290E-06 0.21273281E-06 0.26950506E-06 0.35594838E-06 0.48701392E-06 0.68414613E-06 0.97760708E-06 0.14093997E-05 0.20368428E-05 0.29368079E-05
0.14117116E-08 0.17962278E-08 0.22709560E-08 0.28529369E-08 0.35613623E-08 0.44175873E-08 0.54450727E-08 0.66692409E-08 0.81172331E-08 0.98175536E-08 0.11799593E-07 0.14093021E-07 0.16727052E-07 0.19729583E-07 0.23126212E-07 0.26939166E-07 0.31186152E-07 0.35879165E-07 0.41055496E-07 0.46663545E-07 0.52714934E-07 0.59190697E-07 0.66062369E-07 0.73291960E-07 0.80832349E-07 0.88628164E-07 0.96617223E-07 0.10473257E-06 0.11290516E-06 0.12154385E-06 0.13004297E-06 0.13874697E-06 0.14786610E-06 0.15780228E-06 0.16926196E-06 0.18342839E-06 0.20222110E-06 0.22868093E-06 0.26753170E-06 0.32598522E-06 0.41487271E-06 0.55020284E-06 0.75526146E-06 0.10633772E-05 0.15214756E-05 0.21945289E-05 0.31709678E-05 0.45690573E-05
0.21292093E-08 0.27082204E-08 0.34227973E-08 0.42984742E-08 0.53639902E-08 0.66513037E-08 0.81955004E-08 0.10034573E-07 0.12209051E-07 0.14761468E-07 0.17735638E-07 0.21175751E-07 0.25125267E-07 0.29625629E-07 0.34714804E-07 0.40425676E-07 0.46784337E-07 0.53840505E-07 0.61553066E-07 0.69940855E-07 0.78988762E-07 0.88668087E-07 0.98935987E-07 0.10973544E-06 0.12099586E-06 0.13263439E-06 0.14455807E-06 0.15666684E-06 0.16925733E-06 0.18178214E-06 0.19448722E-06 0.20752028E-06 0.22121300E-06 0.23619451E-06 0.25356629E-06 0.27516872E-06 0.30398204E-06 0.34471991E-06 0.40469364E-06 0.49504721E-06 0.63248806E-06 0.84166293E-06 0.11583480E-05 0.16336338E-05 0.23392800E-05 0.33743848E-05 0.48734499E-05 0.70158179E-05
0.31897347E-08 0.40556953E-08 0.51239765E-08 0.64325712E-08 0.80242131E-08 0.99463907E-08 0.12251202E-07 0.14995020E-07 0.18237936E-07 0.22042953E-07 0.26474917E-07 0.31599158E-07 0.37479853E-07 0.44178110E-07 0.51749808E-07 0.60243218E-07 0.69728239E-07 0.80182898E-07 0.91640585E-07 0.10409697E-06 0.11752903E-06 0.13189363E-06 0.14712672E-06 0.16314332E-06 0.17983842E-06 0.19708894E-06 0.21475690E-06 0.23302099E-06 0.25137110E-06 0.26994053E-06 0.28879240E-06 0.30816033E-06 0.32856017E-06 0.35096369E-06 0.37706609E-06 0.40969318E-06 0.45341254E-06 0.51543664E-06 0.60693416E-06 0.74489887E-06 0.95476064E-06 0.12739569E-05 0.17567104E-05 0.24802693E-05 0.35528541E-05 0.51235011E-05 0.73938922E-05 0.10632093E-04
0.47462860E-08 0.60325985E-08 0.76187795E-08 0.95609627E-08 0.11922243E-07 0.14772686E-07 0.18189100E-07 0.22254531E-07 0.27057430E-07 0.32690449E-07 0.39248856E-07 0.46828526E-07 0.55523519E-07 0.65423262E-07 0.76609362E-07 0.89183058E-07 0.10315380E-06 0.11858078E-06 0.13548139E-06 0.15384829E-06 0.17364661E-06 0.19481196E-06 0.21724925E-06 0.24083272E-06 0.26540726E-06 0.29079134E-06 0.31704273E-06 0.34366425E-06 0.37066205E-06 0.39799043E-06 0.42575407E-06 0.45431627E-06 0.48446803E-06 0.51769057E-06 0.55655920E-06 0.60535710E-06 0.67099476E-06 0.76436543E-06 0.90230804E-06 0.11103964E-05 0.14268234E-05 0.19076940E-05 0.26340777E-05 0.37211779E-05 0.53299481E-05 0.76813971E-05 0.11073661E-04 0.15901671E-04
0.70148066E-08 0.89125184E-08 0.11251616E-07 0.14114453E-07 0.17593527E-07 0.21791480E-07 0.26820743E-07 0.32802778E-07 0.39866832E-07 0.48148171E-07 0.57785729E-07 0.68919160E-07 0.81685292E-07 0.96213994E-07 0.11265328E-06 0.13106093E-06 0.15153829E-06 0.17414087E-06 0.19889261E-06 0.22578122E-06 0.25475431E-06 0.28571635E-06 0.31852718E-06 0.35300195E-06 0.38891320E-06 0.42599511E-06 0.46434830E-06 0.50322781E-06 0.54265655E-06 0.58257691E-06 0.62315717E-06 0.66495317E-06 0.70916094E-06 0.75800850E-06 0.81535779E-06 0.88761771E-06 0.98510910E-06 0.11240718E-05 0.13295633E-05 0.16395645E-05 0.21106769E-05 0.28258579E-05 0.39046803E-05 0.55166079E-05 0.78977216E-05 0.11371183E-04 0.16371572E-04 0.23472182E-04
0.10297679E-07 0.13078338E-07 0.16504203E-07 0.20695242E-07 0.25786100E-07 0.31926067E-07 0.39278539E-07 0.48019878E-07 0.58337581E-07 0.70427673E-07 0.84491271E-07 0.10073029E-06 0.11934225E-06 0.14054256E-06 0.16445998E-06 0.19126083E-06 0.22106208E-06 0.25394209E-06 0.28993327E-06 0.32901551E-06 0.37111048E-06 0.41607750E-06 0.46371131E-06 0.51374220E-06 0.56583896E-06 0.61992139E-06 0.67523795E-06 0.73160233E-06 0.78875976E-06 0.84663833E-06 0.90550124E-06 0.96618558E-06 0.10304749E-05 0.11016766E-05 0.11855075E-05 0.12914343E-05 0.14346733E-05 0.16391228E-05 0.19415852E-05 0.23977285E-05 0.30903277E-05 0.41405076E-05 0.57220712E-05 0.80809918E-05 0.11558774E-04 0.16621358E-04 0.23892972E-04 0.34194382E-04
0.15014966E-07 0.19061627E-07 0.24044920E-07 0.30138370E-07 0.37536578E-07 0.46455131E-07 0.57129783E-07 0.69814758E-07 0.84780064E-07 0.10230769E-06 0.12268660E-06 0.14620653E-06 0.17317692E-06 0.20382700E-06 0.23841880E-06 0.27716286E-06 0.32022460E-06 0.36771351E-06 0.41967280E-06 0.47606993E-06 0.53678866E-06 0.60162314E-06 0.67027488E-06 0.74235307E-06 0.81737894E-06 0.89525020E-06 0.97486815E-06 0.10559767E-05 0.11382175E-05 0.12215013E-05 0.13062298E-05 0.13936443E-05 0.14863681E-05 0.15892469E-05 0.17106344E-05 0.18643354E-05 0.20724960E-05 0.23699306E-05 0.28098121E-05 0.34727478E-05 0.44781931E-05 0.60003600E-05 0.82890113E-05 0.11696078E-04 0.16708776E-04 0.23989548E-04 0.34422547E-04 0.49165571E-04
0.21745541E-07 0.27594468E-07 0.34793676E-07 0.43592377E-07 0.54269822E-07 0.67135104E-07 0.82525917E-07 0.10080606E-06 0.12236150E-06 0.14759488E-06 0.17691830E-06 0.21074434E-06 0.24951346E-06 0.29354998E-06 0.34322518E-06 0.39883595E-06 0.46061412E-06 0.52871116E-06 0.60318356E-06 0.68397943E-06 0.77092731E-06 0.86372807E-06 0.96195063E-06 0.10650327E-05 0.11726249E-05 0.12835838E-05 0.13973315E-05 0.15131791E-05 0.16306245E-05 0.17495564E-05 0.18705748E-05 0.19954924E-05 0.21281154E-05 0.22754508E-05 0.24496539E-05 0.26704134E-05 0.29696338E-05 0.33970952E-05 0.40291401E-05 0.49807326E-05 0.64219982E-05 0.86003836E-05 0.11869627E-04 0.16726614E-04 0.23856914E-04 0.34189247E-04 0.48958231E-04 0.69773592E-04
