Basic/Day4/qtaim/urea/molecule/pato/urea_mol_pl2d_pato.SURFELFB
DSAA
 161 161
-0.75589045E+01  0.75589045E+01  0.94486307E-01
-0.75589045E+01  0.75589045E+01  0.94486307E-01
 0.00000000E+00  0.00000000E+00
[rows 44 to 65 of 161, columns 0 to 47 of 161]
0.99986464E+00 0.99983821E+00 0.99980289E+00 0.99975675E+00 0.99969699E+00 0.99961978E+00 0.99951997E+00 0.99939064E+00 0.99922251E+00 0.99900310E+00 0.99871556E+00 0.99833703E+00 0.99783639E+00 0.99717097E+00 0.99628203E+00 0.99508824E+00 0.99347630E+00 0.99128753E+00 0.98829841E+00 0.98419241E+00 0.97851919E+00 0.97063586E+00 0.95962393E+00 0.94417585E+00 0.92245179E+00 0.89192909E+00 0.84932430E+00 0.79078709E+00 0.71273870E+00 0.61377747E+00 0.49747575E+00 0.37422020E+00 0.25902177E+00 0.16499560E+00 0.97594799E-01 0.54403825E-01 0.29083310E-01 0.15187797E-01 0.79022227E-02 0.41883743E-02 0.23211001E-02 0.13869004E-02 0.92522695E-03 0.71443206E-03 0.65891116E-03 0.73979816E-03 0.10112845E-02 0.16483770E-02
0.99987811E+00 0.99985302E+00 0.99982015E+00 0.99977768E+00 0.99972305E+00 0.99965286E+00 0.99956254E+00 0.99944602E+00 0.99929520E+00 0.99909926E+00 0.99884370E+00 0.99850894E+00 0.99806851E+00 0.99748635E+00 0.99671316E+00 0.99568115E+00 0.99429655E+00 0.99242899E+00 0.98989614E+00 0.98644163E+00 0.98170310E+00 0.97516618E+00 0.96609888E+00 0.95345996E+00 0.93577713E+00 0.91100138E+00 0.87637504E+00 0.82842648E+00 0.76334354E+00 0.67813601E+00 0.57289021E+00 0.45346443E+00 0.33218892E+00 0.22398362E+00 0.13952391E+00 0.81241829E-01 0.44955682E-01 0.24084402E-01 0.12742063E-01 0.68032015E-02 0.37577578E-02 0.22103401E-02 0.14310685E-02 0.10562782E-02 0.91815409E-03 0.96161125E-03 0.12212643E-02 0.18553777E-02
0.99988652E+00 0.99986236E+00 0.99983114E+00 0.99979112E+00 0.99973995E+00 0.99967451E+00 0.99959065E+00 0.99948292E+00 0.99934406E+00 0.99916445E+00 0.99893128E+00 0.99862734E+00 0.99822955E+00 0.99770665E+00 0.99701622E+00 0.99610035E+00 0.99487956E+00 0.99324420E+00 0.99104213E+00 0.98806119E+00 0.98400387E+00 0.97845111E+00 0.97081051E+00 0.96024344E+00 0.94556570E+00 0.92512078E+00 0.89664149E+00 0.85715909E+00 0.80311278E+00 0.73096167E+00 0.63869682E+00 0.52830661E+00 0.40796486E+00 0.29122222E+00 0.19179151E+00 0.11735193E+00 0.67655152E-01 0.37412663E-01 0.20239959E-01 0.10943154E-01 0.60556926E-02 0.35249448E-02 0.22267129E-02 0.15790350E-02 0.12988900E-02 0.12717306E-02 0.14998928E-02 0.21171592E-02
0.99989123E+00 0.99986759E+00 0.99983734E+00 0.99979881E+00 0.99974978E+00 0.99968733E+00 0.99960762E+00 0.99950560E+00 0.99937464E+00 0.99920598E+00 0.99898799E+00 0.99870522E+00 0.99833701E+00 0.99785563E+00 0.99722371E+00 0.99639059E+00 0.99528732E+00 0.99381955E+00 0.99185752E+00 0.98922185E+00 0.98566328E+00 0.98083387E+00 0.97424599E+00 0.96521456E+00 0.95277754E+00 0.93559115E+00 0.91180497E+00 0.87894610E+00 0.83389937E+00 0.77317917E+00 0.69382291E+00 0.59521007E+00 0.48147807E+00 0.36277264E+00 0.25285474E+00 0.16328973E+00 0.98674174E-01 0.56685487E-01 0.31551539E-01 0.17375569E-01 0.96878721E-02 0.56126160E-02 0.34796815E-02 0.23844192E-02 0.18655388E-02 0.17133645E-02 0.18782696E-02 0.24583827E-02
0.99989309E+00 0.99986959E+00 0.99983973E+00 0.99980189E+00 0.99975393E+00 0.99969306E+00 0.99961564E+00 0.99951693E+00 0.99939070E+00 0.99922879E+00 0.99902043E+00 0.99875142E+00 0.99840285E+00 0.99794958E+00 0.99735791E+00 0.99658258E+00 0.99556244E+00 0.99421458E+00 0.99242597E+00 0.99004185E+00 0.98684929E+00 0.98255402E+00 0.97674774E+00 0.96886231E+00 0.95810658E+00 0.94338193E+00 0.92317696E+00 0.89545492E+00 0.85758139E+00 0.80641050E+00 0.73876004E+00 0.65258990E+00 0.54899247E+00 0.43421517E+00 0.31967722E+00 0.21829288E+00 0.13892274E+00 0.83414712E-01 0.48076161E-01 0.27136759E-01 0.15338581E-01 0.88993915E-02 0.54495383E-02 0.36316431E-02 0.27186756E-02 0.23531181E-02 0.24033131E-02 0.29149371E-02
0.99989263E+00 0.99986891E+00 0.99983892E+00 0.99980108E+00 0.99975329E+00 0.99969283E+00 0.99961620E+00 0.99951882E+00 0.99939474E+00 0.99923622E+00 0.99903307E+00 0.99877195E+00 0.99843524E+00 0.99799963E+00 0.99743416E+00 0.99669753E+00 0.99573448E+00 0.99447068E+00 0.99280583E+00 0.99060392E+00 0.98767981E+00 0.98378037E+00 0.97855830E+00 0.97153561E+00 0.96205359E+00 0.94920560E+00 0.93175135E+00 0.90801848E+00 0.87581673E+00 0.83243349E+00 0.77485816E+00 0.70047899E+00 0.60848812E+00 0.50182216E+00 0.38847689E+00 0.28023141E+00 0.18830681E+00 0.11877386E+00 0.71322303E-01 0.41531367E-01 0.23953515E-01 0.14010261E-01 0.85313948E-02 0.55678341E-02 0.40152387E-02 0.32942679E-02 0.31465993E-02 0.35399783E-02
0.99989016E+00 0.99986586E+00 0.99983529E+00 0.99979684E+00 0.99974842E+00 0.99968737E+00 0.99961022E+00 0.99951250E+00 0.99938842E+00 0.99923048E+00 0.99902889E+00 0.99877088E+00 0.99843972E+00 0.99801342E+00 0.99746302E+00 0.99675018E+00 0.99582405E+00 0.99461691E+00 0.99303826E+00 0.99096669E+00 0.98823875E+00 0.98463360E+00 0.97985183E+00 0.97348638E+00 0.96498286E+00 0.95358653E+00 0.93827386E+00 0.91767088E+00 0.88997135E+00 0.85289390E+00 0.80376795E+00 0.73991464E+00 0.65954389E+00 0.56326927E+00 0.45574950E+00 0.34609353E+00 0.24556591E+00 0.16323001E+00 0.10266340E+00 0.62060487E-01 0.36767319E-01 0.21828300E-01 0.13312541E-01 0.85716110E-02 0.59991063E-02 0.46974667E-02 0.42183551E-02 0.44135665E-02
0.99988584E+00 0.99986064E+00 0.99982904E+00 0.99978941E+00 0.99973966E+00 0.99967709E+00 0.99959826E+00 0.99949872E+00 0.99937275E+00 0.99921296E+00 0.99900980E+00 0.99875084E+00 0.99841996E+00 0.99799610E+00 0.99745171E+00 0.99675071E+00 0.99584562E+00 0.99467387E+00 0.99315271E+00 0.99117242E+00 0.98858704E+00 0.98520181E+00 0.98075610E+00 0.97490020E+00 0.96716404E+00 0.95691547E+00 0.94330641E+00 0.92520694E+00 0.90113400E+00 0.86919641E+00 0.82710904E+00 0.77238221E+00 0.70285265E+00 0.61772756E+00 0.51903825E+00 0.41280034E+00 0.30852722E+00 0.21632364E+00 0.14303791E+00 0.90259585E-01 0.55282439E-01 0.33545150E-01 0.20640033E-01 0.13212625E-01 0.90460827E-02 0.68125491E-02 0.57894642E-02 0.56579879E-02
0.99987973E+00 0.99985328E+00 0.99982023E+00 0.99977889E+00 0.99972711E+00 0.99966218E+00 0.99958058E+00 0.99947785E+00 0.99934826E+00 0.99918444E+00 0.99897692E+00 0.99871348E+00 0.99837833E+00 0.99795104E+00 0.99740513E+00 0.99670617E+00 0.99580938E+00 0.99465633E+00 0.99317066E+00 0.99125237E+00 0.98877017E+00 0.98555127E+00 0.98136770E+00 0.97591789E+00 0.96880217E+00 0.95949025E+00 0.94727912E+00 0.93124075E+00 0.91016260E+00 0.88249229E+00 0.84631703E+00 0.79944120E+00 0.73968063E+00 0.66551208E+00 0.57717657E+00 0.47794167E+00 0.37469583E+00 0.27673763E+00 0.19270356E+00 0.12746491E+00 0.81176539E-01 0.50681741E-01 0.31690766E-01 0.20327522E-01 0.13727486E-01 0.10026234E-01 0.81256272E-02 0.74619663E-02
0.99987180E+00 0.99984377E+00 0.99980883E+00 0.99976523E+00 0.99971077E+00 0.99964262E+00 0.99955721E+00 0.99944999E+00 0.99931515E+00 0.99914525E+00 0.99893080E+00 0.99865963E+00 0.99831615E+00 0.99788033E+00 0.99732644E+00 0.99662139E+00 0.99572259E+00 0.99457513E+00 0.99310822E+00 0.99123041E+00 0.98882339E+00 0.98573387E+00 0.98176268E+00 0.97665052E+00 0.97005888E+00 0.96154498E+00 0.95052911E+00 0.93625348E+00 0.91773336E+00 0.89370622E+00 0.86259543E+00 0.82252535E+00 0.77146305E+00 0.70760202E+00 0.63008962E+00 0.54010399E+00 0.44185669E+00 0.34264412E+00 0.25116358E+00 0.17456658E+00 0.11612907E+00 0.75051510E-01 0.48025738E-01 0.31106919E-01 0.20894701E-01 0.14930980E-01 0.11639130E-01 0.10118383E-01
0.99986197E+00 0.99983200E+00 0.99979472E+00 0.99974831E+00 0.99969046E+00 0.99961825E+00 0.99952799E+00 0.99941498E+00 0.99927327E+00 0.99909531E+00 0.99887148E+00 0.99858956E+00 0.99823402E+00 0.99778508E+00 0.99721760E+00 0.99649959E+00 0.99559042E+00 0.99443843E+00 0.99297798E+00 0.99112569E+00 0.98877550E+00 0.98579236E+00 0.98200397E+00 0.97718982E+00 0.97106678E+00 0.96326991E+00 0.95332731E+00 0.94062769E+00 0.92438041E+00 0.90357004E+00 0.87691353E+00 0.84284113E+00 0.79955202E+00 0.74520224E+00 0.67835948E+00 0.59878168E+00 0.50841736E+00 0.41212429E+00 0.31727640E+00 0.23181479E+00 0.16157587E+00 0.10863361E+00 0.71595029E-01 0.47175326E-01 0.31780409E-01 0.22418212E-01 0.16964071E-01 0.14081437E-01
0.99985008E+00 0.99981777E+00 0.99977768E+00 0.99972787E+00 0.99966592E+00 0.99958877E+00 0.99949256E+00 0.99937243E+00 0.99922224E+00 0.99903423E+00 0.99879861E+00 0.99850302E+00 0.99813191E+00 0.99766566E+00 0.99707963E+00 0.99634289E+00 0.99541670E+00 0.99425266E+00 0.99279037E+00 0.99095453E+00 0.98865139E+00 0.98576403E+00 0.98214632E+00 0.97761496E+00 0.97193872E+00 0.96482392E+00 0.95589506E+00 0.94466897E+00 0.93052171E+00 0.91264724E+00 0.89001677E+00 0.86133925E+00 0.82505928E+00 0.77943756E+00 0.72279565E+00 0.65402318E+00 0.57338335E+00 0.48342526E+00 0.38943602E+00 0.29869688E+00 0.21840512E+00 0.15331818E+00 0.10463748E+00 0.70621674E-01 0.48095344E-01 0.33790407E-01 0.25057751E-01 0.20048982E-01
0.99983590E+00 0.99980084E+00 0.99975741E+00 0.99970357E+00 0.99963674E+00 0.99955370E+00 0.99945040E+00 0.99932176E+00 0.99916140E+00 0.99896131E+00 0.99871148E+00 0.99839935E+00 0.99800930E+00 0.99752185E+00 0.99691289E+00 0.99615260E+00 0.99520435E+00 0.99402325E+00 0.99255457E+00 0.99073175E+00 0.98847396E+00 0.98568308E+00 0.98223950E+00 0.97799659E+00 0.97277284E+00 0.96634089E+00 0.95841220E+00 0.94861607E+00 0.93647067E+00 0.92135011E+00 0.90243850E+00 0.87868708E+00 0.84878199E+00 0.81115429E+00 0.76408879E+00 0.70601656E+00 0.63607811E+00 0.55495056E+00 0.46567050E+00 0.37384044E+00 0.28659800E+00 0.21048288E+00 0.14939200E+00 0.10389835E+00 0.72064591E-01 0.50863499E-01 0.37318491E-01 0.29070359E-01
0.99981915E+00 0.99978086E+00 0.99973352E+00 0.99967495E+00 0.99960239E+00 0.99951244E+00 0.99940081E+00 0.99926217E+00 0.99908986E+00 0.99887558E+00 0.99860904E+00 0.99827749E+00 0.99786522E+00 0.99735295E+00 0.99671720E+00 0.99592952E+00 0.99495575E+00 0.99375510E+00 0.99227932E+00 0.99047157E+00 0.98826521E+00 0.98558204E+00 0.98232979E+00 0.97839838E+00 0.97365411E+00 0.96793100E+00 0.96101827E+00 0.95264166E+00 0.94244184E+00 0.92993896E+00 0.91449542E+00 0.89526866E+00 0.87116596E+00 0.84081600E+00 0.80259319E+00 0.75475785E+00 0.69580095E+00 0.62506832E+00 0.54360966E+00 0.45490629E+00 0.36483568E+00 0.28038914E+00 0.20753173E+00 0.14946235E+00 0.10629155E+00 0.75984146E-01 0.55678627E-01 0.42661862E-01
0.99979945E+00 0.99975741E+00 0.99970552E+00 0.99964143E+00 0.99956221E+00 0.99946421E+00 0.99934290E+00 0.99919264E+00 0.99900647E+00 0.99877575E+00 0.99848991E+00 0.99813600E+00 0.99769829E+00 0.99715782E+00 0.99649199E+00 0.99567409E+00 0.99467303E+00 0.99345299E+00 0.99197330E+00 0.99018826E+00 0.98804686E+00 0.98549220E+00 0.98246014E+00 0.97887656E+00 0.97465282E+00 0.96967824E+00 0.96380834E+00 0.95685129E+00 0.94854376E+00 0.93852434E+00 0.92629824E+00 0.91119335E+00 0.89231209E+00 0.86848536E+00 0.83824942E+00 0.79988720E+00 0.75160512E+00 0.69193826E+00 0.62044080E+00 0.53854989E+00 0.45019570E+00 0.36150900E+00 0.27931504E+00 0.20903944E+00 0.15328695E+00 0.11181839E+00 0.82572317E-01 0.62870164E-01
0.99977637E+00 0.99972997E+00 0.99967280E+00 0.99960232E+00 0.99951538E+00 0.99940808E+00 0.99927557E+00 0.99911191E+00 0.99890978E+00 0.99866022E+00 0.99835236E+00 0.99797308E+00 0.99750676E+00 0.99693498E+00 0.99623636E+00 0.99538653E+00 0.99435825E+00 0.99312179E+00 0.99164545E+00 0.98989622E+00 0.98784029E+00 0.98544320E+00 0.98266894E+00 0.97947766E+00 0.97582114E+00 0.97163501E+00 0.96682994E+00 0.96127510E+00 0.95478070E+00 0.94707423E+00 0.93777025E+00 0.92633337E+00 0.91203323E+00 0.89389436E+00 0.87065053E+00 0.84072822E+00 0.80230875E+00 0.75354972E+00 0.69305929E+00 0.62065319E+00 0.53821000E+00 0.45011939E+00 0.36271047E+00 0.28256507E+00 0.21455020E+00 0.16073087E+00 0.12060727E+00 0.92155608E-01
0.99974932E+00 0.99969788E+00 0.99963460E+00 0.99955674E+00 0.99946089E+00 0.99934285E+00 0.99919747E+00 0.99901844E+00 0.99879806E+00 0.99852704E+00 0.99819425E+00 0.99778651E+00 0.99728848E+00 0.99668256E+00 0.99594914E+00 0.99506689E+00 0.99401348E+00 0.99276656E+00 0.99130494E+00 0.98960988E+00 0.98766604E+00 0.98546173E+00 0.98298790E+00 0.98023518E+00 0.97718820E+00 0.97381928E+00 0.97007617E+00 0.96587028E+00 0.96106082E+00 0.95543640E+00 0.94869159E+00 0.94039768E+00 0.92996488E+00 0.91659538E+00 0.89923054E+00 0.87650515E+00 0.84673959E+00 0.80802964E+00 0.75852357E+00 0.69697423E+00 0.62355123E+00 0.54064142E+00 0.45307357E+00 0.36725511E+00 0.28938489E+00 0.22370498E+00 0.17177552E+00 0.13291236E+00
0.99971765E+00 0.99966037E+00 0.99959003E+00 0.99950364E+00 0.99939752E+00 0.99926713E+00 0.99910698E+00 0.99891035E+00 0.99866918E+00 0.99837385E+00 0.99801303E+00 0.99757364E+00 0.99704083E+00 0.99639832E+00 0.99562885E+00 0.99471508E+00 0.99364079E+00 0.99239246E+00 0.99096096E+00 0.98934312E+00 0.98754263E+00 0.98556977E+00 0.98343927E+00 0.98116569E+00 0.97875799E+00 0.97620952E+00 0.97348907E+00 0.97052989E+00 0.96721825E+00 0.96338087E+00 0.95876890E+00 0.95303672E+00 0.94571221E+00 0.93615599E+00 0.92350966E+00 0.90663846E+00 0.88408629E+00 0.85408274E+00 0.81467284E+00 0.76406498E+00 0.70126505E+00 0.62691405E+00 0.54396218E+00 0.45760187E+00 0.37413119E+00 0.29917974E+00 0.23628460E+00 0.18652703E+00
0.99968049E+00 0.99961646E+00 0.99953796E+00 0.99944174E+00 0.99932377E+00 0.99917920E+00 0.99900211E+00 0.99878539E+00 0.99852060E+00 0.99819783E+00 0.99780566E+00 0.99733128E+00 0.99676074E+00 0.99607956E+00 0.99527368E+00 0.99433081E+00 0.99324217E+00 0.99200456E+00 0.99062225E+00 0.98910839E+00 0.98748523E+00 0.98578244E+00 0.98403292E+00 0.98226752E+00 0.98050593E+00 0.97874865E+00 0.97696851E+00 0.97510339E+00 0.97305008E+00 0.97065766E+00 0.96771864E+00 0.96395456E+00 0.95899300E+00 0.95233314E+00 0.94329820E+00 0.93097649E+00 0.91416043E+00 0.89130794E+00 0.86057648E+00 0.82001121E+00 0.76798020E+00 0.70388373E+00 0.62896240E+00 0.54675162E+00 0.46266770E+00 0.38266369E+00 0.31160258E+00 0.25224542E+00
0.99963684E+00 0.99956499E+00 0.99947706E+00 0.99936947E+00 0.99923787E+00 0.99907699E+00 0.99888049E+00 0.99864085E+00 0.99834926E+00 0.99799559E+00 0.99756847E+00 0.99705565E+00 0.99644450E+00 0.99572305E+00 0.99488135E+00 0.99391339E+00 0.99281925E+00 0.99160738E+00 0.99029639E+00 0.98891566E+00 0.98750402E+00 0.98610608E+00 0.98476553E+00 0.98351841E+00 0.98238271E+00 0.98135186E+00 0.98038929E+00 0.97942605E+00 0.97836031E+00 0.97705649E+00 0.97534145E+00 0.97299463E+00 0.96972952E+00 0.96516404E+00 0.95877804E+00 0.94985783E+00 0.93743156E+00 0.92020956E+00 0.89656276E+00 0.86460168E+00 0.82244556E+00 0.76875750E+00 0.70350227E+00 0.62864004E+00 0.54825874E+00 0.46779780E+00 0.39260509E+00 0.32660631E+00
0.99958543E+00 0.99950452E+00 0.99940566E+00 0.99928495E+00 0.99913763E+00 0.99895798E+00 0.99873925E+00 0.99847347E+00 0.99815149E+00 0.99776307E+00 0.99729711E+00 0.99674222E+00 0.99608769E+00 0.99532485E+00 0.99444895E+00 0.99346155E+00 0.99237296E+00 0.99120438E+00 0.98998902E+00 0.98877119E+00 0.98760279E+00 0.98653666E+00 0.98561901E+00 0.98487877E+00 0.98432058E+00 0.98391999E+00 0.98362320E+00 0.98335024E+00 0.98299962E+00 0.98245128E+00 0.98156522E+00 0.98017337E+00 0.97806315E+00 0.97495133E+00 0.97044678E+00 0.96400077E+00 0.95484556E+00 0.94192803E+00 0.92385915E+00 0.89892420E+00 0.86523013E+00 0.82108049E+00 0.76561141E+00 0.69954073E+00 0.62563165E+00 0.54841439E+00 0.47308955E+00 0.40414885E+00
0.99952471E+00 0.99943328E+00 0.99932176E+00 0.99918586E+00 0.99902038E+00 0.99881914E+00 0.99857490E+00 0.99827928E+00 0.99792286E+00 0.99749539E+00 0.99698629E+00 0.99638553E+00 0.99568495E+00 0.99488009E+00 0.99397264E+00 0.99297305E+00 0.99190307E+00 0.99079728E+00 0.98970288E+00 0.98867653E+00 0.98777780E+00 0.98706081E+00 0.98656294E+00 0.98629643E+00 0.98624323E+00 0.98635540E+00 0.98656069E+00 0.98677092E+00 0.98688989E+00 0.98681733E+00 0.98644714E+00 0.98565874E+00 0.98430139E+00 0.98217101E+00 0.97897817E+00 0.97430528E+00 0.96755145E+00 0.95786718E+00 0.94409067E+00 0.92471700E+00 0.89796139E+00 0.86200557E+00 0.81550109E+00 0.75828224E+00 0.69200373E+00 0.62023634E+00 0.54773436E+00 0.47914751E+00
