Basic/Day4/qtaim/urea/molecule/pato/urea_mol_pl2d_pato.SURFVIRI
DSAA
 161 161
-0.75589045E+01  0.75589045E+01  0.94486307E-01
-0.75589045E+01  0.75589045E+01  0.94486307E-01
 0.00000000E+00  0.00000000E+00
[rows 21 to 41 of 161, columns 94 to 140 of 161]
-0.87855100E-03 -0.73896645E-03 -0.61390631E-03 -0.50370328E-03 -0.40815008E-03 -0.32660008E-03 -0.25807444E-03 -0.20136771E-03 -0.15514515E-03 -0.11802730E-03 -0.88658743E-04 -0.65761034E-04 -0.48165243E-04 -0.34838962E-04 -0.24890413E-04 -0.17568977E-04 -0.12257035E-04 -0.84571860E-05 -0.57769436E-05 -0.39126199E-05 -0.26336370E-05 -0.17681059E-05 -0.11901520E-05 -0.80918417E-06 -0.56110207E-06 -0.40129624E-06 -0.29922308E-06 -0.23430182E-06 -0.19288262E-06 -0.16605440E-06 -0.14809250E-06 -0.13538093E-06 -0.12567799E-06 -0.11762477E-06 -0.11042158E-06 -0.10361815E-06 -0.96979441E-07 -0.90400752E-07 -0.83854455E-07 -0.77356760E-07 -0.70947007E-07 -0.64674750E-07 -0.58591706E-07 -0.52746766E-07 -0.47182970E-07 -0.41935790E-07 -0.37032305E-07
-0.12437997E-02 -0.10471923E-02 -0.87080727E-03 -0.71517400E-03 -0.58005830E-03 -0.46460084E-03 -0.36746603E-03 -0.28698989E-03 -0.22131721E-03 -0.16852132E-03 -0.12670222E-03 -0.94061371E-04 -0.68954503E-04 -0.49919101E-04 -0.35694515E-04 -0.25216199E-04 -0.17606778E-04 -0.12158557E-04 -0.83122944E-05 -0.56346797E-05 -0.37962874E-05 -0.25512376E-05 -0.17192606E-05 -0.11704738E-05 -0.81287796E-06 -0.58238420E-06 -0.43507022E-06 -0.34131434E-06 -0.28145428E-06 -0.24264418E-06 -0.21662612E-06 -0.19818103E-06 -0.18407209E-06 -0.17233684E-06 -0.16182064E-06 -0.15187396E-06 -0.14215855E-06 -0.13252472E-06 -0.12293429E-06 -0.11341246E-06 -0.10401783E-06 -0.94823631E-07 -0.85906082E-07 -0.77337117E-07 -0.69180014E-07 -0.61486899E-07 -0.54297558E-07
-0.17365343E-02 -0.14636138E-02 -0.12183834E-02 -0.10016805E-02 -0.81327593E-03 -0.65206073E-03 -0.51625001E-03 -0.40358723E-03 -0.31153525E-03 -0.23744413E-03 -0.17868944E-03 -0.13277850E-03 -0.97424864E-04 -0.70594665E-04 -0.50523337E-04 -0.35723468E-04 -0.24965384E-04 -0.17255613E-04 -0.11807892E-04 -0.80121313E-05 -0.54038858E-05 -0.36360531E-05 -0.24538432E-05 -0.16734716E-05 -0.11646171E-05 -0.83640117E-06 -0.62648088E-06 -0.49277284E-06 -0.40731901E-06 -0.35183934E-06 -0.31457432E-06 -0.28808758E-06 -0.26776535E-06 -0.25081001E-06 -0.23557614E-06 -0.22113933E-06 -0.20701976E-06 -0.19300705E-06 -0.17905014E-06 -0.16518854E-06 -0.15150926E-06 -0.13812003E-06 -0.12513254E-06 -0.11265199E-06 -0.10077083E-06 -0.89565185E-07 -0.79093125E-07
-0.23906466E-02 -0.20173877E-02 -0.16813765E-02 -0.13839324E-02 -0.11249023E-02 -0.90290732E-03 -0.71561819E-03 -0.56003315E-03 -0.43274130E-03 -0.33015518E-03 -0.24870392E-03 -0.18498265E-03 -0.13585824E-03 -0.98534983E-04 -0.70586631E-04 -0.49955934E-04 -0.34944532E-04 -0.24176310E-04 -0.16560449E-04 -0.11249285E-04 -0.75966098E-05 -0.51188419E-05 -0.34605662E-05 -0.23651114E-05 -0.16502681E-05 -0.11888388E-05 -0.89347737E-06 -0.70516660E-06 -0.58466350E-06 -0.50628854E-06 -0.45351018E-06 -0.41586820E-06 -0.38687026E-06 -0.36257944E-06 -0.34068157E-06 -0.31987873E-06 -0.29950015E-06 -0.27925530E-06 -0.25907856E-06 -0.23903195E-06 -0.21924436E-06 -0.19987347E-06 -0.18108199E-06 -0.16302287E-06 -0.14583035E-06 -0.12961485E-06 -0.11446062E-06
-0.32447046E-02 -0.27419703E-02 -0.22883858E-02 -0.18860218E-02 -0.15349404E-02 -0.12335126E-02 -0.97878253E-03 -0.76684192E-03 -0.59318832E-03 -0.45304504E-03 -0.34162816E-03 -0.25435500E-03 -0.18699323E-03 -0.13575491E-03 -0.97343047E-04 -0.68960600E-04 -0.48286315E-04 -0.33441269E-04 -0.22932063E-04 -0.15596412E-04 -0.10546973E-04 -0.71188104E-05 -0.48225916E-05 -0.33045022E-05 -0.23130814E-05 -0.16725957E-05 -0.12622444E-05 -0.10003254E-05 -0.83246173E-06 -0.72304056E-06 -0.64911849E-06 -0.59616958E-06 -0.55517475E-06 -0.52066510E-06 -0.48942843E-06 -0.45966709E-06 -0.43045714E-06 -0.40140468E-06 -0.37242934E-06 -0.34362853E-06 -0.31519242E-06 -0.28735064E-06 -0.26033888E-06 -0.23437814E-06 -0.20966209E-06 -0.18634994E-06 -0.16456308E-06
-0.43407824E-02 -0.36743023E-02 -0.30713220E-02 -0.25350750E-02 -0.20660877E-02 -0.16625766E-02 -0.13209184E-02 -0.10361482E-02 -0.80244093E-03 -0.61354714E-03 -0.46315995E-03 -0.34520426E-03 -0.25404521E-03 -0.18462221E-03 -0.13251795E-03 -0.93974640E-04 -0.65871364E-04 -0.45670254E-04 -0.31355372E-04 -0.21353869E-04 -0.14463166E-04 -0.97808420E-05 -0.66419138E-05 -0.45649612E-05 -0.32074256E-05 -0.23296403E-05 -0.17666801E-05 -0.14068868E-05 -0.11758759E-05 -0.10248884E-05 -0.92248758E-06 -0.84875823E-06 -0.79133103E-06 -0.74270665E-06 -0.69848475E-06 -0.65620954E-06 -0.61462736E-06 -0.57321439E-06 -0.53187857E-06 -0.49077231E-06 -0.45017505E-06 -0.41041940E-06 -0.37184479E-06 -0.33476854E-06 -0.29946834E-06 -0.26617224E-06 -0.23505403E-06
-0.57223837E-02 -0.48532680E-02 -0.40642957E-02 -0.33604691E-02 -0.27431966E-02 -0.22107634E-02 -0.17589245E-02 -0.13815520E-02 -0.10712767E-02 -0.82007606E-03 -0.61977518E-03 -0.46244523E-03 -0.34069395E-03 -0.24785612E-03 -0.17809477E-03 -0.12643095E-03 -0.88718939E-04 -0.61584310E-04 -0.42335906E-04 -0.28874488E-04 -0.19591399E-04 -0.13277750E-04 -0.90415157E-05 -0.62360788E-05 -0.44007729E-05 -0.32129210E-05 -0.24502455E-05 -0.19620909E-05 -0.16479983E-05 -0.14420584E-05 -0.13017487E-05 -0.12001016E-05 -0.11203744E-05 -0.10524156E-05 -0.99027645E-06 -0.93064817E-06 -0.87185581E-06 -0.81321702E-06 -0.75463678E-06 -0.69635215E-06 -0.63877177E-06 -0.58237473E-06 -0.52764692E-06 -0.47504119E-06 -0.42495310E-06 -0.37770724E-06 -0.33355083E-06
-0.74313814E-02 -0.63173242E-02 -0.53018306E-02 -0.43925187E-02 -0.35923270E-02 -0.29000294E-02 -0.23109507E-02 -0.18177895E-02 -0.14114589E-02 -0.10818720E-02 -0.81862165E-03 -0.61152657E-03 -0.45103534E-03 -0.32849476E-03 -0.23629859E-03 -0.16793919E-03 -0.11798403E-03 -0.82001942E-04 -0.56450545E-04 -0.38563518E-04 -0.26216777E-04 -0.17811738E-04 -0.12167184E-04 -0.84257391E-05 -0.59758299E-05 -0.43885751E-05 -0.33681867E-05 -0.27139882E-05 -0.22920279E-05 -0.20143412E-05 -0.18241253E-05 -0.16853524E-05 -0.15756340E-05 -0.14814054E-05 -0.13947302E-05 -0.13112124E-05 -0.12286493E-05 -0.11461718E-05 -0.10637048E-05 -0.98160404E-06 -0.90046945E-06 -0.82098708E-06 -0.74384824E-06 -0.66969508E-06 -0.59908752E-06 -0.53248455E-06 -0.47023556E-06
-0.95041482E-02 -0.81013451E-02 -0.68163857E-02 -0.56605865E-02 -0.46393401E-02 -0.37525932E-02 -0.29956540E-02 -0.23602002E-02 -0.18353565E-02 -0.14087308E-02 -0.10673286E-02 -0.79829790E-03 -0.58948882E-03 -0.42983114E-03 -0.30955193E-03 -0.22026073E-03 -0.15493338E-03 -0.10782540E-03 -0.74341055E-04 -0.50875436E-04 -0.34662313E-04 -0.23614860E-04 -0.16188898E-04 -0.11262098E-04 -0.80328757E-05 -0.59384212E-05 -0.45901345E-05 -0.37240830E-05 -0.31639110E-05 -0.27936999E-05 -0.25385348E-05 -0.23508738E-05 -0.22011677E-05 -0.20715235E-05 -0.19514935E-05 -0.18353193E-05 -0.17201513E-05 -0.16049105E-05 -0.14895656E-05 -0.13746753E-05 -0.12610992E-05 -0.11498138E-05 -0.10418009E-05 -0.93795570E-06 -0.83907127E-06 -0.74579238E-06 -0.65860963E-06
-0.11967479E-01 -0.10232998E-01 -0.86353314E-02 -0.71906732E-02 -0.59080394E-02 -0.47895373E-02 -0.38311645E-02 -0.30239710E-02 -0.23553961E-02 -0.18106086E-02 -0.13737225E-02 -0.10288063E-02 -0.76065341E-03 -0.55531293E-03 -0.40040541E-03 -0.28526045E-03 -0.20091718E-03 -0.14002791E-03 -0.96700028E-04 -0.66307002E-04 -0.45285631E-04 -0.30948162E-04 -0.21301583E-04 -0.14895372E-04 -0.10692201E-04 -0.79628475E-05 -0.62032172E-05 -0.50705549E-05 -0.43355972E-05 -0.38475050E-05 -0.35087176E-05 -0.32572871E-05 -0.30547074E-05 -0.28776796E-05 -0.27126326E-05 -0.25521312E-05 -0.23925520E-05 -0.22325935E-05 -0.20723284E-05 -0.19126017E-05 -0.17546482E-05 -0.15998494E-05 -0.14495785E-05 -0.13051023E-05 -0.11675211E-05 -0.10377392E-05 -0.91643136E-06
-0.14835524E-01 -0.12729363E-01 -0.10777778E-01 -0.90026969E-02 -0.74179673E-02 -0.60290905E-02 -0.48337803E-02 -0.38231620E-02 -0.29833431E-02 -0.22970963E-02 -0.17454458E-02 -0.13090212E-02 -0.96911054E-03 -0.70840196E-03 -0.51143949E-03 -0.36483968E-03 -0.25732318E-03 -0.17961454E-03 -0.12425764E-03 -0.85386283E-04 -0.58473252E-04 -0.40099529E-04 -0.27725322E-04 -0.19499591E-04 -0.14096848E-04 -0.10584130E-04 -0.83157338E-05 -0.68521194E-05 -0.58989715E-05 -0.52624647E-05 -0.48171339E-05 -0.44832719E-05 -0.42113339E-05 -0.39713722E-05 -0.37459942E-05 -0.35257399E-05 -0.33060843E-05 -0.30855119E-05 -0.28642880E-05 -0.26436759E-05 -0.24254378E-05 -0.22115152E-05 -0.20038246E-05 -0.18041281E-05 -0.16139532E-05 -0.14345477E-05 -0.12668603E-05
-0.18109641E-01 -0.15594975E-01 -0.13251971E-01 -0.11107880E-01 -0.91820922E-02 -0.74847204E-02 -0.60164635E-02 -0.47695541E-02 -0.37294355E-02 -0.28767758E-02 -0.21894830E-02 -0.16444891E-02 -0.12191747E-02 -0.89239635E-03 -0.64513890E-03 -0.46084846E-03 -0.32551701E-03 -0.22758856E-03 -0.15774958E-03 -0.10865543E-03 -0.74632414E-04 -0.51380193E-04 -0.35704998E-04 -0.25274312E-04 -0.18415647E-04 -0.13950302E-04 -0.11061512E-04 -0.91926492E-05 -0.79705906E-05 -0.71493705E-05 -0.65696454E-05 -0.61301370E-05 -0.57679008E-05 -0.54449377E-05 -0.51392586E-05 -0.48390070E-05 -0.45386405E-05 -0.42364715E-05 -0.39330932E-05 -0.36303730E-05 -0.33308069E-05 -0.30371053E-05 -0.27519256E-05 -0.24777024E-05 -0.22165422E-05 -0.19701642E-05 -0.17398741E-05
-0.21783659E-01 -0.18822907E-01 -0.16054256E-01 -0.13506867E-01 -0.11204767E-01 -0.91632673E-02 -0.73872741E-02 -0.58713990E-02 -0.46014169E-02 -0.35564885E-02 -0.27116151E-02 -0.20399312E-02 -0.15145998E-02 -0.11102188E-02 -0.80374223E-03 -0.57498066E-03 -0.40677044E-03 -0.28490192E-03 -0.19789064E-03 -0.13665882E-03 -0.94179368E-04 -0.65120184E-04 -0.45509618E-04 -0.32446490E-04 -0.23846734E-04 -0.18239704E-04 -0.14605076E-04 -0.12246678E-04 -0.10697334E-04 -0.96487703E-05 -0.89011205E-05 -0.83272965E-05 -0.78483348E-05 -0.74166422E-05 -0.70047967E-05 -0.65981670E-05 -0.61901060E-05 -0.57788477E-05 -0.53655132E-05 -0.49528300E-05 -0.45443071E-05 -0.41437020E-05 -0.37546747E-05 -0.33805666E-05 -0.30242637E-05 -0.26881186E-05 -0.23739170E-05
-0.25857093E-01 -0.22400607E-01 -0.19170793E-01 -0.16189337E-01 -0.13480451E-01 -0.11063430E-01 -0.89479373E-02 -0.71321954E-02 -0.56035488E-02 -0.43405648E-02 -0.33158327E-02 -0.24988039E-02 -0.18582556E-02 -0.13641816E-02 -0.98907361E-03 -0.70865569E-03 -0.50217990E-03 -0.35240103E-03 -0.24533827E-03 -0.16991320E-03 -0.11753228E-03 -0.81663111E-04 -0.57431645E-04 -0.41272761E-04 -0.30621755E-04 -0.23666387E-04 -0.19147764E-04 -0.16205913E-04 -0.14263087E-04 -0.12937672E-04 -0.11982056E-04 -0.11238737E-04 -0.10609895E-04 -0.10036693E-04 -0.94854039E-05 -0.89382603E-05 -0.83874755E-05 -0.78313729E-05 -0.72718885E-05 -0.67129594E-05 -0.61594799E-05 -0.56166219E-05 -0.50893920E-05 -0.45823457E-05 -0.40994102E-05 -0.36437837E-05 -0.32178921E-05
-0.30357958E-01 -0.26321794E-01 -0.22582970E-01 -0.19135831E-01 -0.15993709E-01 -0.13174959E-01 -0.10692787E-01 -0.85496521E-02 -0.67357068E-02 -0.52300855E-02 -0.40037557E-02 -0.30228555E-02 -0.22517950E-02 -0.16557418E-02 -0.12023665E-02 -0.86289380E-03 -0.61258051E-03 -0.43076904E-03 -0.30065573E-03 -0.20889000E-03 -0.14509315E-03 -0.10136021E-03 -0.71786746E-04 -0.52042516E-04 -0.39011011E-04 -0.30486558E-04 -0.24934950E-04 -0.21306867E-04 -0.18896550E-04 -0.17237361E-04 -0.16026291E-04 -0.15070542E-04 -0.14250455E-04 -0.13494229E-04 -0.12760966E-04 -0.12029449E-04 -0.11290801E-04 -0.10543702E-04 -0.97913081E-05 -0.90392339E-05 -0.82942507E-05 -0.75634261E-05 -0.68535609E-05 -0.61708239E-05 -0.55205234E-05 -0.49069781E-05 -0.43334624E-05
-0.35374501E-01 -0.30604399E-01 -0.26276834E-01 -0.22322166E-01 -0.18720844E-01 -0.15478860E-01 -0.12608312E-01 -0.10115005E-01 -0.79926801E-02 -0.62222568E-02 -0.47741153E-02 -0.36117158E-02 -0.26953406E-02 -0.19852674E-02 -0.14440927E-02 -0.10381945E-02 -0.73846181E-03 -0.52046952E-03 -0.36427617E-03 -0.25399312E-03 -0.17724038E-03 -0.12457050E-03 -0.88915195E-04 -0.65082083E-04 -0.49329850E-04 -0.39006285E-04 -0.32264512E-04 -0.27839725E-04 -0.24880248E-04 -0.22822388E-04 -0.21299845E-04 -0.20079507E-04 -0.19016820E-04 -0.18025303E-04 -0.17056070E-04 -0.16084232E-04 -0.15099983E-04 -0.14102773E-04 -0.13097525E-04 -0.12092156E-04 -0.11095955E-04 -0.10118509E-04 -0.91689908E-05 -0.82556969E-05 -0.73857542E-05 -0.65649559E-05 -0.57976925E-05
-0.41091376E-01 -0.35312277E-01 -0.30255535E-01 -0.25726150E-01 -0.21633192E-01 -0.17948743E-01 -0.14673475E-01 -0.11812833E-01 -0.93637876E-02 -0.73099849E-02 -0.56223611E-02 -0.42625650E-02 -0.31872196E-02 -0.23518345E-02 -0.17138124E-02 -0.12344290E-02 -0.87989323E-03 -0.62169687E-03 -0.43647141E-03 -0.30554123E-03 -0.21431981E-03 -0.15165378E-03 -0.10918447E-03 -0.80761123E-04 -0.61946518E-04 -0.49590636E-04 -0.41496640E-04 -0.36158474E-04 -0.32560740E-04 -0.30030690E-04 -0.28130850E-04 -0.26582789E-04 -0.25214045E-04 -0.23921818E-04 -0.22648520E-04 -0.21365507E-04 -0.20062371E-04 -0.18739919E-04 -0.17405580E-04 -0.16070387E-04 -0.14746975E-04 -0.13448248E-04 -0.12186493E-04 -0.10972790E-04 -0.98166426E-05 -0.87257713E-05 -0.77060242E-05
-0.47820794E-01 -0.40575522E-01 -0.34552109E-01 -0.29335299E-01 -0.24701546E-01 -0.20553174E-01 -0.16860811E-01 -0.13621449E-01 -0.10832895E-01 -0.84817217E-02 -0.65404498E-02 -0.49699232E-02 -0.37237816E-02 -0.27530802E-02 -0.20100624E-02 -0.14507589E-02 -0.10364677E-02 -0.73433952E-03 -0.51733012E-03 -0.36375667E-03 -0.25664147E-03 -0.18297621E-03 -0.13299376E-03 -0.99500460E-04 -0.77292353E-04 -0.62674289E-04 -0.53065027E-04 -0.46692260E-04 -0.42359944E-04 -0.39274752E-04 -0.36920441E-04 -0.34968460E-04 -0.33215597E-04 -0.31541256E-04 -0.29878610E-04 -0.28195366E-04 -0.26481051E-04 -0.24738641E-04 -0.22979046E-04 -0.21217458E-04 -0.19470915E-04 -0.17756656E-04 -0.16091018E-04 -0.14488696E-04 -0.12962280E-04 -0.11521987E-04 -0.10175560E-04
-0.56014559E-01 -0.46601236E-01 -0.39238147E-01 -0.33153268E-01 -0.27900596E-01 -0.23258537E-01 -0.19138137E-01 -0.15513829E-01 -0.12378858E-01 -0.97216264E-02 -0.75168594E-02 -0.57255993E-02 -0.42993259E-02 -0.31851327E-02 -0.23302976E-02 -0.16855925E-02 -0.12072722E-02 -0.85796218E-03 -0.60674921E-03 -0.42876398E-03 -0.30448315E-03 -0.21891655E-03 -0.16078907E-03 -0.12178335E-03 -0.95873191E-04 -0.78774243E-04 -0.67489233E-04 -0.59957800E-04 -0.54787353E-04 -0.51053517E-04 -0.48154306E-04 -0.45706657E-04 -0.43474073E-04 -0.41316937E-04 -0.39158893E-04 -0.36964357E-04 -0.34723590E-04 -0.32442820E-04 -0.30137691E-04 -0.27828886E-04 -0.25539175E-04 -0.23291408E-04 -0.21107148E-04 -0.19005749E-04 -0.17003776E-04 -0.15114666E-04 -0.13348598E-04
-0.66240390E-01 -0.53665124E-01 -0.44422861E-01 -0.37201955E-01 -0.31211789E-01 -0.26031607E-01 -0.21470504E-01 -0.17458941E-01 -0.13976352E-01 -0.11010047E-01 -0.85368490E-02 -0.65188204E-02 -0.49061619E-02 -0.36426369E-02 -0.26709018E-02 -0.19365904E-02 -0.13908929E-02 -0.99181270E-03 -0.70444279E-03 -0.50060069E-03 -0.35810264E-03 -0.25987952E-03 -0.19306939E-03 -0.14816945E-03 -0.11828365E-03 -0.98503130E-04 -0.85388539E-04 -0.76572371E-04 -0.70452688E-04 -0.65964595E-04 -0.62414430E-04 -0.59360854E-04 -0.56531990E-04 -0.53768331E-04 -0.50984014E-04 -0.48140824E-04 -0.45230868E-04 -0.42265033E-04 -0.39265281E-04 -0.36259444E-04 -0.33277681E-04 -0.30350038E-04 -0.27504762E-04 -0.24767170E-04 -0.22158905E-04 -0.19697526E-04 -0.17396334E-04
-0.79108587E-01 -0.62075360E-01 -0.50237417E-01 -0.41516360E-01 -0.34622942E-01 -0.28840931E-01 -0.23821916E-01 -0.19423228E-01 -0.15596977E-01 -0.12324280E-01 -0.95829570E-02 -0.73365510E-02 -0.55348117E-02 -0.41188849E-02 -0.30272753E-02 -0.22007277E-02 -0.15854610E-02 -0.11348581E-02 -0.80997194E-03 -0.57924274E-03 -0.41776021E-03 -0.30631593E-03 -0.23040983E-03 -0.17931043E-03 -0.14522298E-03 -0.12258439E-03 -0.10749543E-03 -0.97267315E-04 -0.90078227E-04 -0.84716023E-04 -0.80390262E-04 -0.76598488E-04 -0.73031918E-04 -0.69510721E-04 -0.65939919E-04 -0.62279680E-04 -0.58525420E-04 -0.54694459E-04 -0.50817032E-04 -0.46930160E-04 -0.43073419E-04 -0.39285994E-04 -0.35604618E-04 -0.32062163E-04 -0.28686727E-04 -0.25501105E-04 -0.22522574E-04
