Basic/Day4/qtaim/urea/molecule/pato/urea_mol_pl2d_pato.SURFLAPP
DSAA
 161 161
-0.75589045E+01  0.75589045E+01  0.94486307E-01
-0.75589045E+01  0.75589045E+01  0.94486307E-01
 0.00000000E+00  0.00000000E+00
[rows 126 to 146 of 161, columns 96 to 143 of 161]
0.28788145E-01 0.29703675E-01 0.30360887E-01 0.30790874E-01 0.31041230E-01 0.31164883E-01 0.31207730E-01 0.31197873E-01 0.31138926E-01 0.31008933E-01 0.30765152E-01 0.30353603E-01 0.29721195E-01 0.28827667E-01 0.27654709E-01 0.26210479E-01 0.24528990E-01 0.22665061E-01 0.20686485E-01 0.18665249E-01 0.16669534E-01 0.14757601E-01 0.12974087E-01 0.11348648E-01 0.98965342E-02 0.86205324E-02 0.75136465E-02 0.65620307E-02 0.57477812E-02 0.50513442E-02 0.44534079E-02 0.39362394E-02 0.34844950E-02 0.30855757E-02 0.27296268E-02 0.24092865E-02 0.21192863E-02 0.18559948E-02 0.16169558E-02 0.14004912E-02 0.12053711E-02 0.10305703E-02 0.87510355E-03 0.73792948E-03 0.61790776E-03 0.51379424E-03 0.42426055E-03 0.34792682E-03
0.25174515E-01 0.26255072E-01 0.27133644E-01 0.27809978E-01 0.28295359E-01 0.28607122E-01 0.28762210E-01 0.28771390E-01 0.28635585E-01 0.28345283E-01 0.27883164E-01 0.27229290E-01 0.26367505E-01 0.25291468E-01 0.24008877E-01 0.22542970E-01 0.20931147E-01 0.19221220E-01 0.17466237E-01 0.15719003E-01 0.14027238E-01 0.12430025E-01 0.10955818E-01 0.96219431E-02 0.84353551E-02 0.73942291E-02 0.64900313E-02 0.57097128E-02 0.50377723E-02 0.44580128E-02 0.39549000E-02 0.35144944E-02 0.31249815E-02 0.27768579E-02 0.24628526E-02 0.21776666E-02 0.19176167E-02 0.16802363E-02 0.14639056E-02 0.12675261E-02 0.10902646E-02 0.93136813E-03 0.79004540E-03 0.66540356E-03 0.55642713E-03 0.46198659E-03 0.38086503E-03 0.31179362E-03
0.21435862E-01 0.22495518E-01 0.23399308E-01 0.24131868E-01 0.24685817E-01 0.25059499E-01 0.25254060E-01 0.25270698E-01 0.25108878E-01 0.24766044E-01 0.24238909E-01 0.23525948E-01 0.22630375E-01 0.21562751E-01 0.20342494E-01 0.18997856E-01 0.17564352E-01 0.16081976E-01 0.14591780E-01 0.13132451E-01 0.11737411E-01 0.10432823E-01 0.92366024E-02 0.81584133E-02 0.72004483E-02 0.63587452E-02 0.56247850E-02 0.49871406E-02 0.44329987E-02 0.39494337E-02 0.35243696E-02 0.31472142E-02 0.28091875E-02 0.25033923E-02 0.22246910E-02 0.19694594E-02 0.17352676E-02 0.15205574E-02 0.13243400E-02 0.11459418E-02 0.98481075E-03 0.84038166E-03 0.71199528E-03 0.59886175E-03 0.50005682E-03 0.41454017E-03 0.34118664E-03 0.27882289E-03
0.17903747E-01 0.18846173E-01 0.19669722E-01 0.20353600E-01 0.20882556E-01 0.21246325E-01 0.21438619E-01 0.21456057E-01 0.21297438E-01 0.20963630E-01 0.20458092E-01 0.19787878E-01 0.18964725E-01 0.18005837E-01 0.16934009E-01 0.15776913E-01 0.14565598E-01 0.13332426E-01 0.12108779E-01 0.10922915E-01 0.97982486E-02 0.87522669E-02 0.77961291E-02 0.69348991E-02 0.61682839E-02 0.54917071E-02 0.48975414E-02 0.43763452E-02 0.39179780E-02 0.35125145E-02 0.31509126E-02 0.28254302E-02 0.25298104E-02 0.22592824E-02 0.20104132E-02 0.17808855E-02 0.15692310E-02 0.13745663E-02 0.11963560E-02 0.10342207E-02 0.88779475E-03 0.75663273E-03 0.64015956E-03 0.53765441E-03 0.44825972E-03 0.37100624E-03 0.30484668E-03 0.24869204E-03
0.14761443E-01 0.15548826E-01 0.16246587E-01 0.16833780E-01 0.17293335E-01 0.17612302E-01 0.17781785E-01 0.17796730E-01 0.17655732E-01 0.17361013E-01 0.16918558E-01 0.16338351E-01 0.15634527E-01 0.14825269E-01 0.13932316E-01 0.12980022E-01 0.11994049E-01 0.10999831E-01 0.10021021E-01 0.90781369E-02 0.81875519E-02 0.73609390E-02 0.66051822E-02 0.59227069E-02 0.53121350E-02 0.47691444E-02 0.42874132E-02 0.38595382E-02 0.34778432E-02 0.31350231E-02 0.28245961E-02 0.25411628E-02 0.22804993E-02 0.20395050E-02 0.18160630E-02 0.16088406E-02 0.14170721E-02 0.12403504E-02 0.10784468E-02 0.93116960E-03 0.79826472E-03 0.67935539E-03 0.57391557E-03 0.48126961E-03 0.40061000E-03 0.33102654E-03 0.27154054E-03 0.22113971E-03
0.12084276E-01 0.12713636E-01 0.13276175E-01 0.13753317E-01 0.14129204E-01 0.14391258E-01 0.14530504E-01 0.14541743E-01 0.14423611E-01 0.14178585E-01 0.13812951E-01 0.13336687E-01 0.12763211E-01 0.12108916E-01 0.11392482E-01 0.10633947E-01 0.98536280E-02 0.90709854E-02 0.83035657E-02 0.75661352E-02 0.68700961E-02 0.62232287E-02 0.56297567E-02 0.50906920E-02 0.46043872E-02 0.41672110E-02 0.37742591E-02 0.34200271E-02 0.30989853E-02 0.28060206E-02 0.25367341E-02 0.22875864E-02 0.20559285E-02 0.18399310E-02 0.16384502E-02 0.14508613E-02 0.12768856E-02 0.11164301E-02 0.96945547E-03 0.83587579E-03 0.71549300E-03 0.60796219E-03 0.51278276E-03 0.42930885E-03 0.35677288E-03 0.29431641E-03 0.24102370E-03 0.19595421E-03
0.98759938E-02 0.10362742E-01 0.10800136E-01 0.11172874E-01 0.11467561E-01 0.11673327E-01 0.11782272E-01 0.11789759E-01 0.11694570E-01 0.11498928E-01 0.11208391E-01 0.10831618E-01 0.10379981E-01 0.98670239E-02 0.93077679E-02 0.87179153E-02 0.81129931E-02 0.75075242E-02 0.69143017E-02 0.63438373E-02 0.58040283E-02 0.53000625E-02 0.48345467E-02 0.44078221E-02 0.40184114E-02 0.36635355E-02 0.33396389E-02 0.30428700E-02 0.27694832E-02 0.25161276E-02 0.22800322E-02 0.20590816E-02 0.18518041E-02 0.16572944E-02 0.14750955E-02 0.13050633E-02 0.11472324E-02 0.10016977E-02 0.86851996E-03 0.74765917E-03 0.63893455E-03 0.54200915E-03 0.45639340E-03 0.38146285E-03 0.31648463E-03 0.26064846E-03 0.21309835E-03 0.17296240E-03
0.80978004E-02 0.84651486E-02 0.87962576E-02 0.90791299E-02 0.93031079E-02 0.94594204E-02 0.95416174E-02 0.95458730E-02 0.94711509E-02 0.93192298E-02 0.90945879E-02 0.88041511E-02 0.84569076E-02 0.80634069E-02 0.76351657E-02 0.71840224E-02 0.67214877E-02 0.62581479E-02 0.58031703E-02 0.53639530E-02 0.49459419E-02 0.45526180E-02 0.41856407E-02 0.38451132E-02 0.35299299E-02 0.32381647E-02 0.29674413E-02 0.27152735E-02 0.24793303E-02 0.22576225E-02 0.20486059E-02 0.18512089E-02 0.16648004E-02 0.14891138E-02 0.13241479E-02 0.11700598E-02 0.10270646E-02 0.89535052E-03 0.77501490E-03 0.66602254E-03 0.56818562E-03 0.48116145E-03 0.40446462E-03 0.33748876E-03 0.27953416E-03 0.22983750E-03 0.18760114E-03 0.15201980E-03
0.66896474E-02 0.69622856E-02 0.72083107E-02 0.74186521E-02 0.75851735E-02 0.77011174E-02 0.77614697E-02 0.77632222E-02 0.77055180E-02 0.75896739E-02 0.74190770E-02 0.71989631E-02 0.69360891E-02 0.66383190E-02 0.63141533E-02 0.59722349E-02 0.56208725E-02 0.52676196E-02 0.49189422E-02 0.45799990E-02 0.42545465E-02 0.39449646E-02 0.36523875E-02 0.33769180E-02 0.31178829E-02 0.28741130E-02 0.26442044E-02 0.24267429E-02 0.22204748E-02 0.20244174E-02 0.18379092E-02 0.16606083E-02 0.14924513E-02 0.13335843E-02 0.11842830E-02 0.10448706E-02 0.91564547E-03 0.79682290E-03 0.68849423E-03 0.59060430E-03 0.50294495E-03 0.42516212E-03 0.35677300E-03 0.29718975E-03 0.24574657E-03 0.20172748E-03 0.16439266E-03 0.13300201E-03
0.55847403E-02 0.57854117E-02 0.59663685E-02 0.61209371E-02 0.62430930E-02 0.63277991E-02 0.63712889E-02 0.63712727E-02 0.63270537E-02 0.62395445E-02 0.61111842E-02 0.59457621E-02 0.57481606E-02 0.55240375E-02 0.52794728E-02 0.50206068E-02 0.47533016E-02 0.44828511E-02 0.42137605E-02 0.39496162E-02 0.36930343E-02 0.34457046E-02 0.32084974E-02 0.29816241E-02 0.27648234E-02 0.25575529E-02 0.23591637E-02 0.21690441E-02 0.19867218E-02 0.18119228E-02 0.16445875E-02 0.14848539E-02 0.13330134E-02 0.11894536E-02 0.10545944E-02 0.92882856E-03 0.81247097E-03 0.70572076E-03 0.60863823E-03 0.52113545E-03 0.44297935E-03 0.37380450E-03 0.31313288E-03 0.26039782E-03 0.21496956E-03 0.17618053E-03 0.14334865E-03 0.11579768E-03
0.47186659E-02 0.48666014E-02 0.49996502E-02 0.51129981E-02 0.52022797E-02 0.52638295E-02 0.52948852E-02 0.52937417E-02 0.52598367E-02 0.51937627E-02 0.50972039E-02 0.49728049E-02 0.48239791E-02 0.46546813E-02 0.44691475E-02 0.42716447E-02 0.40662361E-02 0.38565866E-02 0.36458221E-02 0.34364493E-02 0.32303388E-02 0.30287624E-02 0.28324783E-02 0.26418448E-02 0.24569486E-02 0.22777312E-02 0.21040989E-02 0.19360093E-02 0.17735263E-02 0.16168449E-02 0.14662884E-02 0.13222825E-02 0.11853161E-02 0.10558933E-02 0.93448576E-03 0.82149076E-03 0.71719721E-03 0.62176355E-03 0.53520684E-03 0.45740280E-03 0.38809475E-03 0.32690963E-03 0.27337856E-03 0.22695986E-03 0.18706247E-03 0.15306846E-03 0.12435326E-03 0.10030304E-03
0.40345235E-02 0.41450045E-02 0.42439067E-02 0.43277955E-02 0.43935543E-02 0.44385545E-02 0.44608011E-02 0.44590403E-02 0.44328192E-02 0.43824942E-02 0.43091853E-02 0.42146818E-02 0.41013086E-02 0.39717634E-02 0.38289414E-02 0.36757625E-02 0.35150149E-02 0.33492288E-02 0.31805877E-02 0.30108832E-02 0.28415096E-02 0.26734973E-02 0.25075722E-02 0.23442337E-02 0.21838373E-02 0.20266731E-02 0.18730310E-02 0.17232461E-02 0.15777244E-02 0.14369461E-02 0.13014519E-02 0.11718163E-02 0.10486130E-02 0.93237724E-03 0.82357208E-03 0.72255900E-03 0.62957769E-03 0.54473471E-03 0.46800127E-03 0.39921914E-03 0.33811317E-03 0.28430849E-03 0.23735071E-03 0.19672723E-03 0.16188823E-03 0.13226634E-03 0.10729396E-03 0.86417868E-04
0.34852231E-02 0.35697780E-02 0.36449891E-02 0.37084108E-02 0.37578269E-02 0.37913644E-02 0.38075910E-02 0.38055879E-02 0.37849898E-02 0.37459897E-02 0.36893072E-02 0.36161236E-02 0.35279912E-02 0.34267230E-02 0.33142764E-02 0.31926390E-02 0.30637277E-02 0.29293081E-02 0.27909414E-02 0.26499581E-02 0.25074587E-02 0.23643384E-02 0.22213259E-02 0.20790330E-02 0.19380045E-02 0.17987620E-02 0.16618382E-02 0.15277972E-02 0.13972394E-02 0.12707947E-02 0.11491037E-02 0.10327926E-02 0.92244462E-03 0.81857234E-03 0.72159357E-03 0.63181309E-03 0.54941164E-03 0.47444228E-03 0.40683388E-03 0.34640053E-03 0.29285563E-03 0.24582920E-03 0.20488671E-03 0.16954841E-03 0.13930776E-03 0.11364831E-03 0.92058324E-04 0.74042922E-04
0.30339017E-02 0.31008216E-02 0.31599076E-02 0.32094010E-02 0.32477151E-02 0.32735084E-02 0.32857484E-02 0.32837576E-02 0.32672400E-02 0.32362829E-02 0.31913355E-02 0.31331662E-02 0.30628022E-02 0.29814583E-02 0.28904614E-02 0.27911777E-02 0.26849490E-02 0.25730436E-02 0.24566238E-02 0.23367308E-02 0.22142875E-02 0.20901128E-02 0.19649461E-02 0.18394747E-02 0.17143606E-02 0.15902615E-02 0.14678451E-02 0.13477923E-02 0.12307923E-02 0.11175297E-02 0.10086652E-02 0.90481346E-03 0.80652131E-03 0.71424737E-03 0.62834625E-03 0.54905817E-03 0.47650454E-03 0.41068947E-03 0.35150662E-03 0.29875045E-03 0.25213069E-03 0.21128866E-03 0.17581461E-03 0.14526467E-03 0.11917680E-03 0.97085116E-04 0.78532070E-04 0.63078370E-04
0.26531571E-02 0.27081281E-02 0.27563098E-02 0.27964079E-02 0.28272638E-02 0.28479004E-02 0.28575611E-02 0.28557389E-02 0.28421922E-02 0.28169454E-02 0.27802744E-02 0.27326792E-02 0.26748454E-02 0.26075988E-02 0.25318584E-02 0.24485909E-02 0.23587715E-02 0.22633544E-02 0.21632523E-02 0.20593280E-02 0.19523952E-02 0.18432260E-02 0.17325625E-02 0.16211305E-02 0.15096495E-02 0.13988402E-02 0.12894251E-02 0.11821233E-02 0.10776402E-02 0.97665265E-03 0.87979086E-03 0.78762093E-03 0.70062790E-03 0.61920205E-03 0.54362928E-03 0.47408624E-03 0.41064046E-03 0.35325499E-03 0.30179713E-03 0.25605027E-03 0.21572777E-03 0.18048811E-03 0.14995018E-03 0.12370804E-03 0.10134453E-03 0.82443203E-04 0.66598399E-04 0.53423342E-04
0.23236440E-02 0.23703781E-02 0.24110853E-02 0.24447801E-02 0.24705895E-02 0.24877805E-02 0.24957842E-02 0.24942120E-02 0.24828656E-02 0.24617358E-02 0.24309937E-02 0.23909730E-02 0.23421460E-02 0.22850954E-02 0.22204855E-02 0.21490344E-02 0.20714902E-02 0.19886124E-02 0.19011594E-02 0.18098822E-02 0.17155226E-02 0.16188157E-02 0.15204927E-02 0.14212846E-02 0.13219227E-02 0.12231368E-02 0.11256488E-02 0.10301636E-02 0.93735646E-03 0.84785809E-03 0.76224013E-03 0.68100085E-03 0.60455319E-03 0.53321597E-03 0.46720879E-03 0.40665106E-03 0.35156492E-03 0.30188176E-03 0.25745163E-03 0.21805483E-03 0.18341486E-03 0.15321195E-03 0.12709642E-03 0.10470129E-03 0.85653729E-04 0.69584903E-04 0.56138285E-04 0.44975948E-04
0.20324220E-02 0.20732173E-02 0.21085887E-02 0.21377549E-02 0.21600319E-02 0.21748493E-02 0.21817641E-02 0.21804705E-02 0.21708043E-02 0.21527424E-02 0.21263964E-02 0.20920019E-02 0.20499031E-02 0.20005360E-02 0.19444105E-02 0.18820937E-02 0.18141945E-02 0.17413519E-02 0.16642262E-02 0.15834933E-02 0.14998411E-02 0.14139671E-02 0.13265765E-02 0.12383789E-02 0.11500839E-02 0.10623937E-02 0.97599403E-03 0.89154291E-03 0.80965821E-03 0.73090478E-03 0.65578229E-03 0.58471475E-03 0.51804228E-03 0.45601606E-03 0.39879648E-03 0.34645467E-03 0.29897708E-03 0.25627287E-03 0.21818326E-03 0.18449242E-03 0.15493921E-03 0.12922895E-03 0.10704500E-03 0.88059342E-04 0.71942075E-04 0.58369627E-04 0.47031216E-04 0.37634061E-04
0.17713201E-02 0.18075214E-02 0.18388185E-02 0.18645674E-02 0.18842104E-02 0.18972861E-02 0.19034372E-02 0.19024160E-02 0.18940860E-02 0.18784216E-02 0.18555036E-02 0.18255120E-02 0.17887167E-02 0.17454670E-02 0.16961806E-02 0.16413322E-02 0.15814441E-02 0.15170774E-02 0.14488252E-02 0.13773063E-02 0.13031604E-02 0.12270427E-02 0.11496187E-02 0.10715574E-02 0.99352390E-03 0.91616995E-03 0.84012374E-03 0.76597875E-03 0.69428254E-03 0.62552599E-03 0.56013391E-03 0.49845746E-03 0.44076907E-03 0.38725996E-03 0.33804055E-03 0.29314347E-03 0.25252911E-03 0.21609296E-03 0.18367467E-03 0.15506789E-03 0.13003061E-03 0.10829539E-03 0.89579052E-04 0.73591629E-04 0.60044198E-04 0.48655356E-04 0.39156596E-04 0.31296279E-04
0.15354826E-02 0.15678351E-02 0.15957627E-02 0.16187174E-02 0.16362292E-02 0.16479120E-02 0.16534686E-02 0.16526933E-02 0.16454725E-02 0.16317841E-02 0.16116944E-02 0.15853529E-02 0.15529869E-02 0.15148941E-02 0.14714350E-02 0.14230257E-02 0.13701304E-02 0.13132547E-02 0.12529393E-02 0.11897531E-02 0.11242876E-02 0.10571497E-02 0.98895492E-03 0.92031878E-03 0.85184818E-03 0.78413167E-03 0.71772940E-03 0.65316297E-03 0.59090591E-03 0.53137510E-03 0.47492375E-03 0.42183631E-03 0.37232559E-03 0.32653220E-03 0.28452633E-03 0.24631166E-03 0.21183103E-03 0.18097371E-03 0.15358355E-03 0.12946783E-03 0.10840613E-03 0.90159098E-04 0.74476645E-04 0.61105156E-04 0.49793978E-04 0.40300677E-04 0.32395221E-04 0.25863082E-04
0.13221786E-02 0.13510831E-02 0.13760218E-02 0.13965184E-02 0.14121674E-02 0.14226383E-02 0.14276778E-02 0.14271121E-02 0.14208467E-02 0.14088656E-02 0.13912289E-02 0.13680692E-02 0.13395881E-02 0.13060499E-02 0.12677770E-02 0.12251438E-02 0.11785705E-02 0.11285175E-02 0.10754786E-02 0.10199747E-02 0.96254680E-03 0.90374876E-03 0.84413908E-03 0.78427253E-03 0.72469112E-03 0.66591490E-03 0.60843286E-03 0.55269423E-03 0.49910069E-03 0.44799981E-03 0.39967996E-03 0.35436721E-03 0.31222398E-03 0.27334984E-03 0.23778399E-03 0.20550958E-03 0.17645928E-03 0.15052195E-03 0.12755002E-03 0.10736711E-03 0.89775659E-04 0.74564379E-04 0.61514824E-04 0.50407545E-04 0.41027197E-04 0.33166764E-04 0.26630841E-04 0.21238006E-04
0.11298970E-02 0.11555820E-02 0.11777458E-02 0.11959705E-02 0.12099020E-02 0.12192531E-02 0.12238055E-02 0.12234105E-02 0.12179897E-02 0.12075335E-02 0.11920996E-02 0.11718102E-02 0.11468483E-02 0.11174541E-02 0.10839204E-02 0.10465872E-02 0.10058369E-02 0.96208804E-03 0.91578916E-03 0.86741247E-03 0.81744652E-03 0.76638877E-03 0.71473759E-03 0.66298405E-03 0.61160353E-03 0.56104743E-03 0.51173536E-03 0.46404789E-03 0.41832046E-03 0.37483843E-03 0.33383372E-03 0.29548297E-03 0.25990745E-03 0.22717451E-03 0.19730058E-03 0.17025539E-03 0.14596726E-03 0.12432907E-03 0.10520476E-03 0.88435819E-04 0.73847860E-04 0.61256569E-04 0.50473365E-04 0.41310256E-04 0.33583968E-04 0.27119290E-04 0.21751614E-04 0.17328752E-04
